ELM     V003.000SPECTRL V003.000
M0
sng                           
2_baydin                      
dolb.19-2                     
12-03-2009
3335.00 0.0000 0.00   0.00   2.0  2.0
3335.01 0.0000 0.00   0.00   2.0  2.0
3335.02 0.0000 0.00   0.00   1.9  1.9
3335.03 0.0000 0.00   0.00   2.1  2.1
3335.04 0.0000 0.00   0.00   2.0  2.0
3335.05 0.0000 0.00   0.00   2.1  2.1
3335.06 0.0000 0.00   0.00   2.1  2.1
3335.07 0.0000 0.00   0.00   2.1  2.1
3335.08 0.0000 0.00   0.00   2.3  2.3
3335.09 0.0000 0.00   0.00   2.4  2.4
3335.10 0.0000 0.00   0.00   2.6  2.6
3335.11 0.0000 0.00   0.00   2.8  2.8
3335.12 0.0000 0.00   0.00   2.9  2.9
3335.13 0.0000 0.00   0.00   3.0  3.0
3335.14 0.0000 0.00   0.00   3.1  3.1
3335.15 0.0000 0.00   0.00   3.3  3.3
3335.16 0.0000 0.00   0.00   3.4  3.4
3335.17 0.0000 0.00   0.00   3.5  3.5
3335.18 0.0000 0.00   0.00   3.6  3.6
3335.19 0.0000 0.00   0.00   3.7  3.7
3335.20 0.0000 0.00   0.00   4.0  4.0
3335.21 0.0000 0.00   0.00   4.1  4.1
3335.22 0.0000 0.00   0.00   4.2  4.2
3335.23 0.0000 0.00   0.00   4.3  4.3
3335.24 0.0000 0.00   0.00   4.4  4.4
3335.25 0.0000 0.00   0.00   4.5  4.5
3335.26 0.0000 0.00   0.08   4.7  4.7
3335.27 0.0000 0.00   0.15   4.9  4.9
3335.28 0.0000 0.00   0.15   5.0  5.0
3335.29 0.0000 0.00   0.09   5.2  5.2
3335.30 0.0000 0.00   0.05   5.3  5.3
3335.31 0.0000 0.00   0.03   5.4  5.4
3335.32 0.0000 0.00   0.02   5.4  5.4
3335.33 0.0000 0.00   0.01   5.4  5.4
3335.34 0.0000 0.00   0.01   5.5  5.5
3335.35 0.0000 0.00   0.00   5.5  5.5
3335.36 0.0000 0.00   0.00   5.4  5.4
3335.37 0.0000 0.00   0.00   5.4  5.4
3335.38 0.0000 0.00   0.05   5.3  5.3
3335.39 0.0000 0.00   0.06   5.3  5.3
3335.40 0.0000 0.00   0.10   5.4  5.4
3335.41 0.0000 0.00   0.12   5.4  5.4
3335.42 0.0000 0.00   0.17   5.4  5.4
3335.43 0.0000 0.00   0.22   5.2  5.2
3335.44 0.0000 0.00   0.26   5.3  5.3
3335.45 0.0000 0.00   0.31   5.3  5.3
3335.46 0.0000 0.00   0.41   5.3  5.3
3335.47 0.0000 0.00   0.48   5.3  5.3
3335.48 0.0000 0.00   0.54   5.2  5.2
3335.49 0.0000 0.00   0.52   5.3  5.3
3335.50 0.0000 0.00   0.56   5.3  5.3
3335.51 0.0000 0.00   0.60   5.4  5.4
3335.52 0.0000 0.00   0.62   5.4  5.4
3335.53 0.0000 0.00   0.63   5.5  5.5
3335.54 0.0000 0.00   0.56   5.5  5.5
3335.55 0.0000 0.00   0.49   5.5  5.5
3335.56 0.0000 0.00   0.46   5.4  5.4
3335.57 0.0000 0.00   0.44   5.4  5.4
3335.58 0.0000 0.00   0.48   5.5  5.5
3335.59 0.0000 0.00   0.52   5.5  5.5
3335.60 0.0000 0.00   0.48   5.5  5.5
3335.61 0.0000 0.00   0.52   5.5  5.5
3335.62 0.0000 0.00   0.57   5.5  5.5
3335.63 0.0000 0.00   0.61   5.6  5.6
3335.64 0.0000 0.00   0.63   5.5  5.5
3335.65 0.0000 0.00   0.56   5.5  5.5
3335.66 0.0000 0.00   0.48   5.5  5.5
3335.67 0.0000 0.00   0.39   5.6  5.6
3335.68 0.0000 0.00   0.33   5.5  5.5
3335.69 0.0000 0.00   0.28   5.6  5.6
3335.70 0.0000 0.00   0.23   5.6  5.6
3335.71 0.0000 0.00   0.16   5.7  5.7
3335.72 0.0000 0.00   0.16   5.8  5.8
3335.73 0.0000 0.00   0.22   5.8  5.8
3335.74 0.0000 0.00   0.23   5.8  5.8
3335.75 0.0000 0.00   0.19   5.9  5.9
3335.76 0.0000 0.00   0.18   5.9  5.9
3335.77 0.0000 0.00   0.21   5.8  5.8
3335.78 0.0000 0.00   0.20   5.8  5.8
3335.79 0.0000 0.00   0.14   5.9  5.9
3335.80 0.0000 0.00   0.08   5.8  5.8
3335.81 0.0000 0.00   0.05   5.8  5.8
3335.82 0.0000 0.00   0.05   5.9  5.9
3335.83 0.0000 0.00   0.05   5.9  5.9
3335.84 0.0000 0.00   0.11   5.9  5.9
3335.85 0.0000 0.00   0.07   6.0  6.0
3335.86 0.0000 0.00   0.04   6.0  6.0
3335.87 0.0000 0.00   0.02   6.1  6.1
3335.88 0.0000 0.00   0.01   6.1  6.1
3335.89 0.0000 0.00   0.01   6.1  6.1
3335.90 0.0000 0.00   0.00   6.2  6.2
3335.91 0.0000 0.00   0.00   6.1  6.1
3335.92 0.0000 0.00   0.00   6.1  6.1
3335.93 0.0000 0.00   0.00   6.2  6.2
3335.94 0.0000 0.00   0.00   6.1  6.1
3335.95 0.0000 0.00   0.00   6.2  6.2
3335.96 0.0000 0.00   0.00   6.3  6.3
3335.97 0.0000 0.00   0.00   6.3  6.3
3335.98 0.0000 0.00   0.00   6.4  6.4
3335.99 0.0000 0.00   0.00   6.4  6.4
3336.00 0.0000 0.00   0.00   6.4  6.4
3336.01 0.0000 0.00   0.00   6.4  6.4
3336.02 0.0000 0.00   0.00   6.4  6.4
3336.03 0.0000 0.00   0.00   6.3  6.3
3336.04 0.0000 0.00   0.00   6.3  6.3
3336.05 0.0000 0.00   0.00   6.3  6.3
3336.06 0.0000 0.00   0.00   6.3  6.3
3336.07 0.0000 0.00   0.00   6.3  6.3
3336.08 0.0000 0.00   0.00   6.3  6.3
3336.09 0.0000 0.00   0.00   6.3  6.3
3336.10 0.0000 0.00   0.00   6.4  6.4
3336.11 0.0000 0.00   0.00   6.4  6.4
3336.12 0.0000 0.00   0.00   6.3  6.3
3336.13 0.0000 0.00   0.00   6.3  6.3
3336.14 0.0000 0.00   0.00   6.3  6.3
3336.15 0.0000 0.00   0.00   6.2  6.2
3336.16 0.0000 0.00   0.00   6.1  6.1
3336.17 0.0000 0.00   0.00   6.1  6.1
3336.18 0.0000 0.01   0.00   6.1  6.1
3336.19 0.0000 0.04   0.00   6.2  6.0
3336.20 0.0000 0.03   0.00   6.4  6.3
3336.21 0.0000 0.01   0.00   6.4  6.3
3336.22 0.0000 0.06   0.00   6.4  6.1
3336.23 0.0000 0.12   0.00   6.4  5.9
3336.24 0.0000 0.14   0.00   6.3  5.7
3336.25 0.0000 0.16   0.00   6.3  5.5
3336.26 0.0000 0.25   0.00   6.2  5.0
3336.27 0.0000 0.37   0.00   6.1  4.4
3336.28 0.0000 0.45   0.00   6.1  4.0
3336.29 0.0000 0.50   0.00   6.1  3.7
3336.30 0.0000 0.62   0.00   6.1  3.1
3336.31 0.0000 0.68   0.00   6.1  2.9
3336.32 0.0000 0.70   0.00   6.2  2.8
3336.33 0.0000 0.66   0.00   6.1  2.8
3336.34 0.0000 0.61   0.00   6.0  3.0
3336.35 0.0000 0.60   0.00   6.0  3.0
3336.36 0.0000 0.67   0.00   6.0  2.6
3336.37 0.0000 0.68   0.00   6.0  2.5
3336.38 0.0000 0.69   0.00   5.9  2.4
3336.39 0.0000 0.74   0.00   6.0  2.1
3336.40 0.0000 0.79   0.00   5.9  1.8
3336.41 0.0000 0.78   0.00   6.0  1.9
3336.42 0.0000 0.73   0.00   6.1  2.1
3336.43 0.0000 0.62   0.00   6.2  2.8
3336.44 0.0000 0.50   0.00   6.2  3.5
3336.45 0.0000 0.38   0.00   6.2  4.1
3336.46 0.0000 0.26   0.00   6.1  4.7
3336.47 0.0000 0.17   0.00   6.2  5.2
3336.48 0.0000 0.23   0.00   6.1  4.9
3336.49 0.0000 0.36   0.00   6.0  4.1
3336.50 0.0000 0.37   0.00   6.1  4.1
3336.51 0.0000 0.39   0.00   6.1  4.0
3336.52 0.0000 0.36   0.00   6.1  4.2
3336.53 0.0000 0.36   0.00   6.1  4.2
3336.54 0.0000 0.31   0.00   6.1  4.5
3336.55 0.0000 0.26   0.00   6.2  4.8
3336.56 0.0000 0.17   0.00   6.2  5.3
3336.57 0.0000 0.16   0.00   6.2  5.3
3336.58 0.0000 0.13   0.00   6.1  5.5
3336.59 0.0000 0.13   0.00   6.1  5.5
3336.60 0.0000 0.18   0.00   6.1  5.2
3336.61 0.0000 0.18   0.00   6.1  5.2
3336.62 0.0000 0.23   0.00   6.0  4.9
3336.63 0.0000 0.24   0.02   6.1  4.9
3336.64 0.0000 0.24   0.03   6.2  5.0
3336.65 0.0000 0.22   0.04   6.1  5.0
3336.66 0.0000 0.23   0.14   6.0  4.9
3336.67 0.0000 0.20   0.24   5.9  4.9
3336.68 0.0000 0.12   0.28   5.9  5.3
3336.69 0.0000 0.07   0.26   5.9  5.6
3336.70 0.0000 0.04   0.32   5.8  5.7
3336.71 0.0000 0.03   0.40   5.8  5.7
3336.72 0.0000 0.02   0.52   5.6  5.5
3336.73 0.0000 0.01   0.62   5.6  5.5
3336.74 0.0000 0.01   0.69   5.5  5.5
3336.75 0.0000 0.00   0.78   5.4  5.4
3336.76 0.0000 0.00   0.78   5.3  5.3
3336.77 0.0000 0.00   0.72   5.3  5.3
3336.78 0.0000 0.00   0.72   5.2  5.2
3336.79 0.0000 0.00   0.77   5.2  5.2
3336.80 0.0000 0.00   0.80   5.2  5.2
3336.81 0.0000 0.00   0.79   5.1  5.1
3336.82 0.0000 0.07   0.75   5.2  4.8
3336.83 0.0000 0.19   0.72   5.0  4.0
3336.84 0.0000 0.31   0.67   5.0  3.3
3336.85 0.0000 0.37   0.68   4.9  2.9
3336.86 0.0000 0.37   0.71   5.0  2.9
3336.87 0.0000 0.33   0.86   4.9  3.1
3336.88 0.0000 0.30   0.94   4.9  3.2
3336.89 0.0000 0.34   0.92   4.9  3.0
3336.90 0.0000 0.39   0.83   5.0  2.7
3336.91 0.0000 0.48   0.72   5.1  2.2
3336.92 0.0000 0.50   0.66   5.0  2.0
3336.93 0.0000 0.50   0.64   5.0  2.0
3336.94 0.0000 0.47   0.57   5.1  2.3
3336.95 0.0000 0.45   0.45   5.2  2.5
3336.96 0.0000 0.40   0.36   5.3  2.9
3336.97 0.0000 0.46   0.29   5.3  2.5
3336.98 0.0000 0.54   0.17   5.2  2.1
3336.99 0.0000 0.53   0.10   5.3  2.2
3337.00 0.0000 0.57   0.05   5.4  2.0
3337.01 0.0000 0.62   0.03   5.4  1.8
3337.02 0.0000 0.63   0.02   5.4  1.8
3337.03 0.0000 0.62   0.01   5.4  1.9
3337.04 0.0000 0.61   0.01   5.5  2.0
3337.05 0.0000 0.63   0.00   5.5  2.0
3337.06 0.0000 0.61   0.00   5.6  2.1
3337.07 0.0000 0.64   0.00   5.6  2.0
3337.08 0.0000 0.62   0.00   5.6  2.1
3337.09 0.0000 0.53   0.00   5.6  2.7
3337.10 0.0000 0.39   0.00   5.7  3.5
3337.11 0.0000 0.26   0.00   5.7  4.2
3337.12 0.0000 0.15   0.00   5.8  5.0
3337.13 0.0000 0.08   0.00   5.9  5.4
3337.14 0.0000 0.05   0.00   5.9  5.7
3337.15 0.0000 0.03   0.00   6.0  5.8
3337.16 0.0000 0.01   0.00   6.0  5.9
3337.17 0.0000 0.01   0.00   6.0  5.9
3337.18 0.0000 0.01   0.00   6.0  5.9
3337.19 0.0000 0.00   0.00   6.0  6.0
3337.20 0.0000 0.00   0.00   6.1  6.0
3337.21 0.0000 0.00   0.00   6.0  6.0
3337.22 0.0000 0.00   0.00   6.1  6.1
3337.23 0.0000 0.00   0.00   6.1  6.1
3337.24 0.0000 0.04   0.00   6.0  5.8
3337.25 0.0000 0.03   0.00   6.0  5.9
3337.26 0.0000 0.02   0.00   6.0  5.9
3337.27 0.0000 0.03   0.00   6.1  5.9
3337.28 0.0000 0.03   0.00   6.0  5.9
3337.29 0.0000 0.01   0.00   6.0  6.0
3337.30 0.0000 0.01   0.00   6.0  6.0
3337.31 0.0000 0.01   0.00   6.0  5.9
3337.32 0.0000 0.01   0.00   6.0  6.0
3337.33 0.0000 0.00   0.00   6.0  6.0
3337.34 0.0000 0.00   0.00   5.9  5.9
3337.35 0.0000 0.00   0.00   6.0  6.0
3337.36 0.0000 0.00   0.00   6.0  6.0
3337.37 0.0000 0.03   0.00   6.0  5.9
3337.38 0.0000 0.02   0.00   6.0  5.9
3337.39 0.0000 0.02   0.00   6.0  5.9
3337.40 0.0000 0.03   0.00   6.0  5.8
3337.41 0.0000 0.05   0.00   6.0  5.8
3337.42 0.0000 0.03   0.00   6.0  5.8
3337.43 0.0000 0.02   0.00   6.0  5.9
3337.44 0.0000 0.04   0.00   5.9  5.7
3337.45 0.0000 0.02   0.00   6.0  5.8
3337.46 0.0000 0.01   0.00   5.9  5.9
3337.47 0.0000 0.01   0.00   6.0  5.9
3337.48 0.0000 0.01   0.00   5.9  5.9
3337.49 0.0000 0.00   0.00   5.9  5.9
3337.50 0.0000 0.05   0.00   5.9  5.6
3337.51 0.0000 0.12   0.00   5.8  5.2
3337.52 0.0000 0.21   0.00   5.9  4.8
3337.53 0.0000 0.22   0.01   5.9  4.8
3337.54 0.0000 0.22   0.04   6.0  4.9
3337.55 0.0000 0.29   0.07   6.1  4.6
3337.56 0.0000 0.30   0.09   6.1  4.6
3337.57 0.0000 0.34   0.12   6.1  4.5
3337.58 0.0000 0.40   0.19   6.1  4.1
3337.59 0.0000 0.37   0.30   6.0  4.2
3337.60 0.0000 0.33   0.41   6.1  4.5
3337.61 0.0000 0.37   0.55   6.0  4.2
3337.62 0.0000 0.38   0.66   6.0  4.1
3337.63 0.0000 0.37   0.71   6.0  4.1
3337.64 0.0000 0.34   0.80   6.0  4.2
3337.65 0.0000 0.30   0.84   5.9  4.4
3337.66 0.0000 0.25   0.79   5.9  4.6
3337.67 0.0000 0.15   0.89   5.9  5.1
3337.68 0.0000 0.10   0.90   5.9  5.3
3337.69 0.0000 0.12   0.82   5.9  5.2
3337.70 0.0000 0.10   0.78   5.9  5.3
3337.71 0.0000 0.08   0.79   5.8  5.4
3337.72 0.0000 0.04   0.84   5.7  5.5
3337.73 0.0000 0.09   0.82   5.8  5.3
3337.74 0.0000 0.16   0.79   5.7  4.8
3337.75 0.0000 0.17   0.84   5.7  4.7
3337.76 0.0000 0.22   0.91   5.6  4.4
3337.77 0.0000 0.20   1.06   5.5  4.5
3337.78 0.0000 0.14   1.21   5.5  4.7
3337.79 0.0000 0.11   1.27   5.5  4.9
3337.80 0.0000 0.07   1.31   5.4  5.0
3337.81 0.0000 0.04   1.32   5.5  5.3
3337.82 0.0000 0.02   1.28   5.4  5.3
3337.83 0.0000 0.01   1.28   5.3  5.3
3337.84 0.0000 0.01   1.28   5.2  5.2
3337.85 0.0000 0.00   1.22   5.2  5.1
3337.86 0.0000 0.00   1.20   5.2  5.2
3337.87 0.0000 0.00   1.16   5.2  5.2
3337.88 0.0000 0.00   1.04   5.2  5.2
3337.89 0.0000 0.00   0.98   5.2  5.2
3337.90 0.0000 0.00   0.87   5.1  5.1
3337.91 0.0000 0.00   0.80   5.2  5.2
3337.92 0.0000 0.00   0.75   5.2  5.2
3337.93 0.0000 0.00   0.69   5.1  5.1
