ELM     V003.000SPECTRL V003.000
M0
sng                           
2_baydin                      
dolb.19-1                     
12-03-2009
3341.00 0.0000 0.00   0.33   2.1  2.1
3341.01 0.0000 0.00   0.34   2.1  2.1
3341.02 0.0000 0.00   0.34   2.2  2.2
3341.03 0.0000 0.02   0.35   2.2  1.4
3341.04 0.0000 0.01   0.31   2.2  1.8
3341.05 0.0000 0.01   0.32   2.3  2.1
3341.06 0.0000 0.00   0.31   2.4  2.3
3341.07 0.0000 0.00   0.30   2.4  2.4
3341.08 0.0000 0.00   0.27   2.7  2.7
3341.09 0.0000 0.00   0.29   2.8  2.8
3341.10 0.0000 0.01   0.30   3.0  2.7
3341.11 0.0000 0.01   0.28   3.1  2.9
3341.12 0.0000 0.00   0.18   3.3  3.2
3341.13 0.0000 0.00   0.14   3.3  3.3
3341.14 0.0000 0.00   0.08   3.5  3.5
3341.15 0.0000 0.00   0.04   3.7  3.7
3341.16 0.0000 0.00   0.02   3.8  3.8
3341.17 0.0000 0.00   0.01   4.0  4.0
3341.18 0.0000 0.00   0.01   4.1  4.1
3341.19 0.0000 0.00   0.01   4.1  4.1
3341.20 0.0000 0.00   0.00   4.1  4.1
3341.21 0.0000 0.00   0.00   4.4  4.4
3341.22 0.0000 0.00   0.00   4.5  4.5
3341.23 0.0000 0.00   0.00   4.7  4.7
3341.24 0.0000 0.00   0.00   4.9  4.9
3341.25 0.0000 0.00   0.00   5.0  5.0
3341.26 0.0000 0.00   0.00   5.1  5.1
3341.27 0.0000 0.00   0.00   5.2  5.2
3341.28 0.0000 0.00   0.00   5.4  5.4
3341.29 0.0000 0.00   0.00   5.5  5.5
3341.30 0.0000 0.00   0.00   5.7  5.7
3341.31 0.0000 0.00   0.00   5.8  5.8
3341.32 0.0000 0.00   0.00   5.9  5.9
3341.33 0.0000 0.00   0.00   6.0  6.0
3341.34 0.0000 0.00   0.00   6.1  6.1
3341.35 0.0000 0.00   0.00   6.3  6.3
3341.36 0.0000 0.00   0.00   6.3  6.3
3341.37 0.0000 0.00   0.00   6.2  6.2
3341.38 0.0000 0.00   0.00   6.1  6.1
3341.39 0.0000 0.00   0.00   6.1  6.1
3341.40 0.0000 0.00   0.00   6.2  6.2
3341.41 0.0000 0.00   0.00   6.2  6.2
3341.42 0.0000 0.00   0.00   6.3  6.3
3341.43 0.0000 0.00   0.00   6.3  6.3
3341.44 0.0000 0.00   0.00   6.4  6.4
3341.45 0.0000 0.00   0.00   6.4  6.4
3341.46 0.0000 0.00   0.00   6.4  6.4
3341.47 0.0000 0.00   0.00   6.5  6.5
3341.48 0.0000 0.00   0.00   6.5  6.5
3341.49 0.0000 0.00   0.00   6.6  6.6
3341.50 0.0000 0.00   0.00   6.6  6.6
3341.51 0.0000 0.00   0.00   6.6  6.6
3341.52 0.0000 0.00   0.00   6.6  6.6
3341.53 0.0000 0.00   0.00   6.6  6.6
3341.54 0.0000 0.00   0.00   6.6  6.6
3341.55 0.0000 0.00   0.00   6.5  6.5
3341.56 0.0000 0.00   0.00   6.5  6.5
3341.57 0.0000 0.00   0.00   6.5  6.5
3341.58 0.0000 0.00   0.00   6.5  6.5
3341.59 0.0000 0.00   0.00   6.5  6.5
3341.60 0.0000 0.00   0.00   6.4  6.4
3341.61 0.0000 0.00   0.00   6.3  6.3
3341.62 0.0000 0.03   0.00   6.3  6.1
3341.63 0.0000 0.02   0.00   6.2  6.1
3341.64 0.0000 0.01   0.00   6.1  6.0
3341.65 0.0000 0.02   0.00   6.1  6.0
3341.66 0.0000 0.03   0.00   6.0  5.9
3341.67 0.0000 0.02   0.00   6.1  6.0
3341.68 0.0000 0.01   0.00   6.1  6.0
3341.69 0.0000 0.06   0.00   6.0  5.7
3341.70 0.0000 0.07   0.00   5.9  5.5
3341.71 0.0000 0.04   0.00   5.9  5.6
3341.72 0.0000 0.02   0.00   5.8  5.7
3341.73 0.0000 0.02   0.00   5.8  5.7
3341.74 0.0000 0.01   0.00   5.8  5.7
3341.75 0.0000 0.01   0.00   5.8  5.7
3341.76 0.0000 0.00   0.00   5.8  5.8
3341.77 0.0000 0.00   0.00   5.7  5.7
3341.78 0.0000 0.00   0.00   5.7  5.7
3341.79 0.0000 0.00   0.00   5.7  5.7
3341.80 0.0000 0.00   0.00   5.7  5.7
3341.81 0.0000 0.00   0.00   5.7  5.7
3341.82 0.0000 0.00   0.00   5.6  5.6
3341.83 0.0000 0.00   0.00   5.7  5.7
3341.84 0.0000 0.00   0.00   5.7  5.7
3341.85 0.0000 0.00   0.00   5.7  5.7
3341.86 0.0000 0.00   0.00   5.7  5.7
3341.87 0.0000 0.00   0.00   5.7  5.7
3341.88 0.0000 0.00   0.00   5.6  5.6
3341.89 0.0000 0.00   0.00   5.6  5.6
3341.90 0.0000 0.00   0.00   5.7  5.7
3341.91 0.0000 0.00   0.00   5.7  5.7
3341.92 0.0000 0.00   0.00   5.6  5.6
3341.93 0.0000 0.00   0.00   5.5  5.5
3341.94 0.0000 0.00   0.00   5.5  5.5
3341.95 0.0000 0.00   0.00   5.4  5.4
3341.96 0.0000 0.00   0.00   5.4  5.4
3341.97 0.0000 0.00   0.00   5.3  5.3
3341.98 0.0000 0.00   0.00   5.3  5.3
3341.99 0.0000 0.00   0.00   5.4  5.4
3342.00 0.0000 0.00   0.00   5.3  5.3
3342.01 0.0000 0.00   0.00   5.3  5.3
3342.02 0.0000 0.00   0.00   5.2  5.2
3342.03 0.0000 0.00   0.00   5.2  5.2
3342.04 0.0000 0.00   0.05   5.1  5.1
3342.05 0.0000 0.00   0.08   5.0  5.0
3342.06 0.0000 0.00   0.10   5.0  5.0
3342.07 0.0000 0.00   0.07   5.0  5.0
3342.08 0.0000 0.00   0.06   5.0  5.0
3342.09 0.0000 0.00   0.03   5.0  5.0
3342.10 0.0000 0.01   0.02   5.0  4.9
3342.11 0.0000 0.01   0.01   5.0  5.0
3342.12 0.0000 0.03   0.01   5.1  4.9
3342.13 0.0000 0.07   0.00   5.1  4.6
3342.14 0.0000 0.10   0.00   5.0  4.4
3342.15 0.0000 0.15   0.00   5.0  4.0
3342.16 0.0000 0.20   0.00   5.0  3.7
3342.17 0.0000 0.21   0.00   5.0  3.6
3342.18 0.0000 0.19   0.00   5.0  3.8
3342.19 0.0000 0.13   0.00   5.0  4.2
3342.20 0.0000 0.10   0.01   5.0  4.4
3342.21 0.0000 0.06   0.02   5.0  4.6
3342.22 0.0000 0.04   0.06   5.1  4.8
3342.23 0.0000 0.02   0.08   5.2  5.0
3342.24 0.0000 0.01   0.06   5.2  5.1
3342.25 0.0000 0.01   0.05   5.2  5.1
3342.26 0.0000 0.00   0.06   5.1  5.1
3342.27 0.0000 0.00   0.03   5.2  5.2
3342.28 0.0000 0.00   0.02   5.1  5.1
3342.29 0.0000 0.00   0.01   5.1  5.1
3342.30 0.0000 0.01   0.01   5.2  5.1
3342.31 0.0000 0.01   0.00   5.2  5.1
3342.32 0.0000 0.01   0.00   5.2  5.2
3342.33 0.0000 0.00   0.00   5.2  5.2
3342.34 0.0000 0.00   0.00   5.3  5.3
3342.35 0.0000 0.00   0.00   5.4  5.4
3342.36 0.0000 0.00   0.00   5.5  5.5
3342.37 0.0000 0.00   0.00   5.5  5.5
3342.38 0.0000 0.00   0.00   5.6  5.6
3342.39 0.0000 0.00   0.00   5.6  5.6
3342.40 0.0000 0.00   0.00   5.6  5.6
3342.41 0.0000 0.00   0.00   5.6  5.6
3342.42 0.0000 0.00   0.00   5.6  5.6
3342.43 0.0000 0.00   0.00   5.7  5.7
3342.44 0.0000 0.00   0.00   5.7  5.7
3342.45 0.0000 0.00   0.00   5.8  5.8
3342.46 0.0000 0.00   0.00   5.8  5.8
3342.47 0.0000 0.00   0.00   5.8  5.8
3342.48 0.0000 0.00   0.01   5.9  5.9
3342.49 0.0000 0.00   0.05   5.9  5.9
3342.50 0.0000 0.00   0.05   5.9  5.9
3342.51 0.0000 0.00   0.07   5.9  5.9
3342.52 0.0000 0.00   0.05   6.0  6.0
3342.53 0.0000 0.00   0.03   6.0  6.0
3342.54 0.0000 0.00   0.02   5.9  5.9
3342.55 0.0000 0.00   0.01   6.1  6.1
3342.56 0.0000 0.00   0.01   6.1  6.1
3342.57 0.0000 0.00   0.00   6.2  6.2
3342.58 0.0000 0.00   0.00   6.2  6.2
3342.59 0.0000 0.00   0.00   6.4  6.4
3342.60 0.0000 0.00   0.00   6.5  6.5
3342.61 0.0000 0.00   0.00   6.5  6.5
3342.62 0.0000 0.00   0.00   6.6  6.6
3342.63 0.0000 0.00   0.00   6.6  6.6
3342.64 0.0000 0.00   0.01   6.6  6.6
3342.65 0.0000 0.00   0.00   6.4  6.4
3342.66 0.0000 0.00   0.00   6.4  6.4
3342.67 0.0000 0.00   0.01   6.4  6.4
3342.68 0.0000 0.00   0.04   6.3  6.3
3342.69 0.0000 0.00   0.10   6.3  6.3
3342.70 0.0000 0.02   0.06   6.2  6.1
3342.71 0.0000 0.10   0.04   6.0  5.5
3342.72 0.0000 0.15   0.04   6.0  5.1
3342.73 0.0000 0.25   0.02   5.9  4.4
3342.74 0.0000 0.28   0.02   5.8  4.1
3342.75 0.0000 0.30   0.01   5.6  3.8
3342.76 0.0000 0.23   0.01   5.6  4.1
3342.77 0.0000 0.15   0.00   5.5  4.5
3342.78 0.0000 0.11   0.00   5.4  4.7
3342.79 0.0000 0.14   0.00   5.3  4.3
3342.80 0.0000 0.18   0.00   5.3  4.0
3342.81 0.0000 0.22   0.00   5.3  3.6
3342.82 0.0000 0.18   0.00   5.2  3.9
3342.83 0.0000 0.11   0.00   5.2  4.4
3342.84 0.0000 0.06   0.00   5.2  4.7
3342.85 0.0000 0.03   0.00   5.1  4.9
3342.86 0.0000 0.03   0.00   5.1  4.9
3342.87 0.0000 0.01   0.00   5.1  4.9
3342.88 0.0000 0.01   0.00   4.9  4.9
3342.89 0.0000 0.00   0.00   4.7  4.7
3342.90 0.0000 0.00   0.00   4.7  4.7
3342.91 0.0000 0.00   0.00   4.6  4.6
3342.92 0.0000 0.00   0.00   4.5  4.5
3342.93 0.0000 0.00   0.00   4.5  4.5
3342.94 0.0000 0.00   0.00   4.6  4.6
3342.95 0.0000 0.00   0.00   4.6  4.6
3342.96 0.0000 0.00   0.00   4.6  4.6
3342.97 0.0000 0.00   0.00   4.5  4.5
3342.98 0.0000 0.00   0.00   4.6  4.6
3342.99 0.0000 0.00   0.00   4.6  4.6
3343.00 0.0000 0.00   0.00   4.6  4.6
3343.01 0.0000 0.00   0.00   4.6  4.6
3343.02 0.0000 0.00   0.00   4.7  4.7
3343.03 0.0000 0.00   0.00   4.8  4.8
3343.04 0.0000 0.00   0.00   4.8  4.8
3343.05 0.0000 0.00   0.00   4.8  4.8
3343.06 0.0000 0.00   0.00   4.9  4.9
3343.07 0.0000 0.00   0.00   5.0  5.0
3343.08 0.0000 0.00   0.00   5.0  5.0
3343.09 0.0001 0.00   0.00   5.0  5.0
3343.10 0.0001 0.00   0.00   4.9  4.9
3343.11 0.0001 0.00   0.00   5.0  5.0
3343.12 0.0001 0.00   0.00   5.0  5.0
3343.13 0.0001 0.00   0.00   5.0  5.0
3343.14 0.0002 0.02   0.00   5.1  5.0
3343.15 0.0002 0.08   0.00   5.0  4.6
3343.16 0.0002 0.10   0.00   5.1  4.5
3343.17 0.0001 0.15   0.00   5.1  4.3
3343.18 0.0001 0.21   0.00   5.1  4.1
3343.19 0.0000 0.29   0.00   5.3  3.7
3343.20 0.0000 0.40   0.00   5.3  3.2
3343.21 0.0000 0.43   0.00   5.2  3.0
3343.22 0.0000 0.41   0.00   5.2  3.1
3343.23 0.0000 0.40   0.00   5.2  3.1
3343.24 0.0000 0.39   0.00   5.2  3.0
3343.25 0.0000 0.31   0.00   5.1  3.4
3343.26 0.0000 0.29   0.00   5.0  3.4
3343.27 0.0000 0.30   0.00   5.0  3.3
3343.28 0.0000 0.34   0.00   5.0  3.1
3343.29 0.0000 0.44   0.00   4.9  2.5
3343.30 0.0000 0.49   0.00   5.0  2.2
3343.31 0.0000 0.48   0.00   5.0  2.2
3343.32 0.0000 0.49   0.00   5.0  2.2
3343.33 0.0000 0.53   0.01   4.9  1.8
3343.34 0.0000 0.58   0.01   4.9  1.5
3343.35 0.0000 0.65   0.00   4.9  1.0
3343.36 0.0000 0.73   0.00   4.8  0.4
3343.37 0.0000 0.77   0.04   4.7  0.1
3343.38 0.0000 0.79   0.05   4.8  0.0
3343.39 0.0000 0.86   0.03   4.8  0.0
3343.40 0.0000 0.90   0.02   4.8  0.0
3343.41 0.0000 0.93   0.01   4.8  0.0
3343.42 0.0000 0.97   0.01   4.7  0.0
3343.43 0.0000 1.03   0.00   4.6  0.0
3343.44 0.0000 1.07   0.00   4.6  0.0
3343.45 0.0000 1.05   0.00   4.7  0.0
3343.46 0.0000 1.04   0.01   4.6  0.0
3343.47 0.0000 1.06   0.04   4.6  0.0
3343.48 0.0000 1.09   0.07   4.6  0.0
3343.49 0.0000 1.12   0.08   4.6  0.0
3343.50 0.0000 1.17   0.10   4.6  0.0
3343.51 0.0000 1.19   0.14   4.7  0.0
3343.52 0.0000 1.18   0.12   4.7  0.0
3343.53 0.0000 1.15   0.07   4.8  0.0
3343.54 0.0000 1.16   0.05   4.8  0.0
3343.55 0.0000 1.20   0.09   4.9  0.0
3343.56 0.0000 1.19   0.07   5.0  0.0
3343.57 0.0000 1.17   0.04   5.1  0.0
3343.58 0.0000 1.15   0.03   5.1  0.0
3343.59 0.0000 1.08   0.02   5.1  0.0
3343.60 0.0000 1.05   0.01   5.2  0.0
3343.61 0.0000 1.09   0.01   5.2  0.0
3343.62 0.0000 1.03   0.00   5.1  0.0
3343.63 0.0000 0.91   0.00   5.2  0.4
3343.64 0.0000 0.85   0.00   5.2  0.8
3343.65 0.0000 0.77   0.00   5.3  1.3
3343.66 0.0000 0.76   0.00   5.4  1.4
3343.67 0.0000 0.80   0.00   5.4  1.3
3343.68 0.0000 0.80   0.00   5.4  1.4
3343.69 0.0000 0.78   0.00   5.5  1.5
3343.70 0.0000 0.79   0.00   5.5  1.6
3343.71 0.0000 0.81   0.00   5.5  1.5
3343.72 0.0000 0.76   0.00   5.5  1.8
3343.73 0.0000 0.68   0.00   5.6  2.2
3343.74 0.0000 0.53   0.00   5.6  3.0
3343.75 0.0000 0.47   0.00   5.6  3.3
3343.76 0.0000 0.44   0.00   5.6  3.4
3343.77 0.0000 0.40   0.00   5.7  3.7
3343.78 0.0000 0.31   0.00   5.7  4.2
3343.79 0.0000 0.19   0.00   5.7  4.8
3343.80 0.0000 0.13   0.00   5.6  5.0
3343.81 0.0000 0.12   0.00   5.6  5.0
3343.82 0.0000 0.15   0.00   5.6  4.8
3343.83 0.0000 0.24   0.00   5.6  4.4
3343.84 0.0000 0.26   0.00   5.6  4.3
3343.85 0.0000 0.23   0.00   5.6  4.4
3343.86 0.0000 0.20   0.00   5.5  4.5
3343.87 0.0000 0.16   0.00   5.6  4.8
