ELM     V003.000SPECTRL V003.000
M0
sng                           
2_Baydin                      
dolb.24-1                     
11-30-2009
3378.70 0.0000 0.22   0.06   1.9  0.0
3378.71 0.0000 0.25   0.07   1.9  0.0
3378.72 0.0000 0.30   0.07   2.0  0.0
3378.73 0.0000 0.38   0.08   2.0  0.0
3378.74 0.0000 0.47   0.08   2.0  0.0
3378.75 0.0000 0.46   0.05   2.1  0.0
3378.76 0.0000 0.40   0.03   2.1  0.0
3378.77 0.0000 0.40   0.02   2.1  0.0
3378.78 0.0000 0.39   0.01   2.2  0.0
3378.79 0.0000 0.35   0.01   2.3  0.0
3378.80 0.0000 0.33   0.00   2.2  0.0
3378.81 0.0000 0.39   0.00   2.2  0.0
3378.82 0.0000 0.47   0.00   2.2  0.0
3378.83 0.0000 0.55   0.02   2.2  0.0
3378.84 0.0000 0.52   0.01   2.3  0.0
3378.85 0.0000 0.36   0.00   2.3  0.0
3378.86 0.0000 0.30   0.00   2.2  0.0
3378.87 0.0000 0.31   0.00   2.4  0.0
3378.88 0.0000 0.34   0.00   2.4  0.0
3378.89 0.0000 0.39   0.00   2.6  0.0
3378.90 0.0000 0.43   0.00   2.6  0.0
3378.91 0.0000 0.46   0.00   2.8  0.0
3378.92 0.0000 0.51   0.00   3.0  0.0
3378.93 0.0000 0.53   0.00   3.0  0.0
3378.94 0.0000 0.63   0.00   3.1  0.0
3378.95 0.0000 0.60   0.00   3.2  0.0
3378.96 0.0000 0.51   0.00   3.1  0.0
3378.97 0.0000 0.50   0.00   3.3  0.0
3378.98 0.0000 0.52   0.00   3.3  0.1
3378.99 0.0000 0.55   0.00   3.4  0.0
3379.00 0.0000 0.60   0.00   3.5  0.0
3379.01 0.0000 0.60   0.00   3.4  0.0
3379.02 0.0000 0.60   0.00   3.4  0.2
3379.03 0.0000 0.61   0.00   3.4  0.2
3379.04 0.0000 0.59   0.00   3.4  0.4
3379.05 0.0000 0.54   0.00   3.5  0.7
3379.06 0.0000 0.52   0.00   3.5  0.8
3379.07 0.0000 0.51   0.00   3.5  0.9
3379.08 0.0000 0.48   0.00   3.4  1.0
3379.09 0.0000 0.47   0.00   3.5  1.1
3379.10 0.0000 0.48   0.00   3.5  1.1
3379.11 0.0000 0.47   0.00   3.5  1.0
3379.12 0.0000 0.47   0.00   3.5  1.0
3379.13 0.0000 0.48   0.00   3.5  1.0
3379.14 0.0000 0.49   0.00   3.6  1.0
3379.15 0.0000 0.50   0.00   3.6  1.0
3379.16 0.0000 0.51   0.00   3.7  1.0
3379.17 0.0000 0.50   0.00   3.7  1.0
3379.18 0.0000 0.48   0.00   3.7  1.2
3379.19 0.0000 0.47   0.00   3.7  1.2
3379.20 0.0000 0.45   0.00   3.6  1.2
3379.21 0.0000 0.45   0.00   3.6  1.2
3379.22 0.0000 0.47   0.00   3.6  1.2
3379.23 0.0000 0.45   0.00   3.6  1.2
3379.24 0.0000 0.44   0.00   3.6  1.3
3379.25 0.0000 0.46   0.00   3.7  1.3
3379.26 0.0000 0.49   0.00   3.8  1.2
3379.27 0.0000 0.48   0.00   3.8  1.3
3379.28 0.0000 0.47   0.00   3.8  1.4
3379.29 0.0000 0.45   0.00   3.8  1.4
3379.30 0.0000 0.46   0.00   3.8  1.4
3379.31 0.0000 0.48   0.00   3.9  1.5
3379.32 0.0000 0.49   0.00   4.0  1.5
3379.33 0.0000 0.50   0.00   4.0  1.5
3379.34 0.0000 0.49   0.00   4.0  1.5
3379.35 0.0000 0.48   0.00   4.1  1.6
3379.36 0.0000 0.50   0.00   4.1  1.6
3379.37 0.0000 0.53   0.00   4.2  1.6
3379.38 0.0000 0.54   0.00   4.2  1.5
3379.39 0.0000 0.54   0.00   4.1  1.5
3379.40 0.0000 0.53   0.00   4.1  1.6
3379.41 0.0000 0.53   0.00   4.2  1.7
3379.42 0.0000 0.52   0.00   4.1  1.7
3379.43 0.0000 0.52   0.00   4.1  1.7
3379.44 0.0000 0.53   0.00   4.1  1.7
3379.45 0.0000 0.54   0.00   4.1  1.6
3379.46 0.0000 0.50   0.00   3.9  1.6
3379.47 0.0000 0.48   0.00   3.9  1.7
3379.48 0.0000 0.47   0.00   3.9  1.8
3379.49 0.0000 0.47   0.00   3.9  1.8
3379.50 0.0000 0.47   0.00   3.9  1.7
3379.51 0.0000 0.46   0.00   3.8  1.7
3379.52 0.0000 0.43   0.00   3.7  1.8
3379.53 0.0000 0.43   0.00   3.7  1.8
3379.54 0.0000 0.43   0.00   3.7  1.8
3379.55 0.0000 0.41   0.00   3.6  1.7
3379.56 0.0000 0.41   0.00   3.6  1.7
3379.57 0.0000 0.42   0.00   3.6  1.6
3379.58 0.0000 0.42   0.00   3.6  1.6
3379.59 0.0000 0.39   0.00   3.4  1.6
3379.60 0.0000 0.39   0.00   3.4  1.6
3379.61 0.0000 0.37   0.00   3.3  1.5
3379.62 0.0000 0.36   0.00   3.2  1.4
3379.63 0.0000 0.35   0.00   3.1  1.3
3379.64 0.0000 0.35   0.00   3.1  1.3
3379.65 0.0000 0.33   0.00   3.0  1.3
3379.66 0.0000 0.31   0.00   2.9  1.2
3379.67 0.0000 0.31   0.00   2.9  1.2
3379.68 0.0000 0.30   0.00   2.9  1.2
3379.69 0.0000 0.32   0.00   2.9  1.2
3379.70 0.0000 0.32   0.00   2.9  1.1
3379.71 0.0000 0.32   0.00   2.9  1.1
3379.72 0.0000 0.32   0.00   2.9  1.1
3379.73 0.0000 0.31   0.00   2.8  1.1
3379.74 0.0000 0.31   0.00   2.8  1.1
3379.75 0.0000 0.33   0.00   2.9  1.0
3379.76 0.0000 0.33   0.00   2.9  1.0
3379.77 0.0000 0.34   0.00   2.9  1.0
3379.78 0.0000 0.33   0.00   2.9  0.9
3379.79 0.0000 0.33   0.00   2.9  1.0
3379.80 0.0000 0.34   0.00   2.9  0.9
3379.81 0.0000 0.35   0.00   2.9  0.8
3379.82 0.0000 0.35   0.00   2.9  0.8
3379.83 0.0000 0.34   0.00   2.9  0.8
3379.84 0.0000 0.34   0.00   2.9  0.8
3379.85 0.0000 0.34   0.00   2.9  0.8
3379.86 0.0000 0.35   0.00   2.9  0.8
3379.87 0.0000 0.35   0.00   2.9  0.8
3379.88 0.0000 0.36   0.00   3.0  0.8
3379.89 0.0000 0.38   0.00   3.0  0.6
3379.90 0.0000 0.39   0.00   3.0  0.6
3379.91 0.0000 0.40   0.00   3.1  0.6
3379.92 0.0000 0.41   0.00   3.1  0.6
3379.93 0.0000 0.42   0.00   3.1  0.6
3379.94 0.0000 0.41   0.00   3.1  0.6
3379.95 0.0000 0.42   0.00   3.2  0.6
3379.96 0.0000 0.46   0.00   3.2  0.4
3379.97 0.0000 0.50   0.00   3.3  0.3
3379.98 0.0000 0.49   0.00   3.3  0.4
3379.99 0.0000 0.48   0.00   3.3  0.4
3380.00 0.0000 0.45   0.00   3.3  0.6
3380.01 0.0000 0.45   0.00   3.3  0.6
3380.02 0.0000 0.47   0.00   3.3  0.4
3380.03 0.0000 0.49   0.00   3.5  0.4
3380.04 0.0000 0.50   0.00   3.4  0.4
3380.05 0.0000 0.47   0.00   3.4  0.4
3380.06 0.0000 0.45   0.00   3.2  0.3
3380.07 0.0000 0.43   0.00   3.2  0.3
3380.08 0.0000 0.41   0.00   3.2  0.5
3380.09 0.0000 0.41   0.00   3.2  0.4
3380.10 0.0000 0.41   0.00   3.2  0.4
3380.11 0.0000 0.39   0.00   3.2  0.5
3380.12 0.0000 0.36   0.01   3.1  0.6
3380.13 0.0000 0.35   0.01   3.1  0.6
3380.14 0.0000 0.36   0.00   3.1  0.5
3380.15 0.0000 0.36   0.00   3.1  0.5
3380.16 0.0000 0.36   0.00   3.0  0.4
3380.17 0.0000 0.33   0.00   2.9  0.4
3380.18 0.0000 0.32   0.00   2.8  0.4
3380.19 0.0000 0.30   0.01   2.8  0.5
3380.20 0.0000 0.31   0.01   2.9  0.5
3380.21 0.0000 0.30   0.01   2.8  0.5
3380.22 0.0000 0.32   0.00   2.9  0.5
3380.23 0.0000 0.33   0.00   3.0  0.5
3380.24 0.0000 0.34   0.00   3.0  0.5
3380.25 0.0000 0.35   0.00   3.0  0.4
3380.26 0.0000 0.34   0.01   3.0  0.5
3380.27 0.0000 0.34   0.02   3.0  0.6
3380.28 0.0000 0.33   0.03   3.0  0.7
3380.29 0.0000 0.33   0.03   3.1  0.7
3380.30 0.0000 0.33   0.03   3.1  0.7
3380.31 0.0000 0.36   0.01   3.1  0.6
3380.32 0.0000 0.36   0.00   3.1  0.6
3380.33 0.0000 0.37   0.00   3.1  0.6
3380.34 0.0000 0.39   0.00   3.2  0.6
3380.35 0.0000 0.40   0.00   3.4  0.7
3380.36 0.0000 0.43   0.00   3.5  0.7
3380.37 0.0000 0.44   0.00   3.6  0.7
3380.38 0.0000 0.45   0.00   3.5  0.6
3380.39 0.0000 0.49   0.00   3.6  0.5
3380.40 0.0000 0.50   0.00   3.6  0.5
3380.41 0.0000 0.55   0.00   3.7  0.3
3380.42 0.0000 0.63   0.00   3.8  0.0
3380.43 0.0000 0.66   0.00   3.8  0.0
3380.44 0.0000 0.68   0.00   3.8  0.0
3380.45 0.0000 0.65   0.00   3.9  0.2
3380.46 0.0000 0.66   0.00   4.0  0.2
3380.47 0.0000 0.70   0.00   4.1  0.2
3380.48 0.0000 0.69   0.00   4.2  0.4
3380.49 0.0000 0.69   0.00   4.2  0.4
3380.50 0.0000 0.73   0.00   4.2  0.3
3380.51 0.0000 0.76   0.00   4.3  0.3
3380.52 0.0000 0.71   0.00   4.3  0.5
3380.53 0.0000 0.70   0.00   4.2  0.6
3380.54 0.0000 0.68   0.00   4.2  0.7
3380.55 0.0000 0.70   0.00   4.3  0.7
3380.56 0.0000 0.67   0.00   4.3  0.9
3380.57 0.0000 0.67   0.00   4.3  0.9
3380.58 0.0000 0.67   0.00   4.2  0.8
3380.59 0.0000 0.68   0.00   4.2  0.7
3380.60 0.0000 0.67   0.00   4.3  0.8
3380.61 0.0000 0.66   0.00   4.2  0.8
3380.62 0.0000 0.67   0.00   4.1  0.6
3380.63 0.0000 0.63   0.00   4.0  0.7
3380.64 0.0000 0.57   0.00   4.0  0.9
3380.65 0.0000 0.55   0.00   4.0  1.0
3380.66 0.0000 0.54   0.00   3.9  0.9
3380.67 0.0000 0.53   0.00   3.8  0.8
3380.68 0.0000 0.50   0.00   3.7  0.8
3380.69 0.0000 0.51   0.00   3.7  0.7
3380.70 0.0000 0.51   0.00   3.7  0.6
3380.71 0.0000 0.50   0.00   3.7  0.6
3380.72 0.0000 0.48   0.00   3.6  0.5
3380.73 0.0000 0.47   0.00   3.6  0.6
3380.74 0.0000 0.47   0.00   3.6  0.5
3380.75 0.0000 0.47   0.00   3.5  0.3
3380.76 0.0000 0.46   0.00   3.4  0.3
3380.77 0.0000 0.45   0.00   3.4  0.3
3380.78 0.0000 0.47   0.00   3.4  0.1
3380.79 0.0000 0.47   0.00   3.3  0.0
3380.80 0.0000 0.46   0.00   3.3  0.0
3380.81 0.0000 0.46   0.00   3.3  0.0
3380.82 0.0000 0.50   0.00   3.4  0.0
3380.83 0.0000 0.55   0.00   3.5  0.0
3380.84 0.0000 0.59   0.00   3.4  0.0
3380.85 0.0000 0.58   0.00   3.3  0.0
3380.86 0.0000 0.58   0.00   3.2  0.0
3380.87 0.0000 0.57   0.00   3.2  0.0
3380.88 0.0000 0.55   0.00   3.2  0.0
3380.89 0.0000 0.53   0.00   3.2  0.0
3380.90 0.0000 0.55   0.00   3.2  0.0
3380.91 0.0000 0.57   0.00   3.2  0.0
3380.92 0.0000 0.61   0.00   3.2  0.0
3380.93 0.0000 0.67   0.00   3.2  0.0
3380.94 0.0000 0.79   0.00   3.3  0.0
3380.95 0.0000 0.82   0.00   3.2  0.0
3380.96 0.0000 0.77   0.00   3.2  0.0
3380.97 0.0000 0.83   0.00   3.2  0.0
3380.98 0.0000 0.79   0.00   3.2  0.0
3380.99 0.0000 0.72   0.00   3.2  0.0
3381.00 0.0000 0.62   0.00   3.2  0.0
3381.01 0.0000 0.60   0.00   3.2  0.0
3381.02 0.0000 0.56   0.00   3.2  0.0
3381.03 0.0000 0.50   0.00   3.1  0.0
3381.04 0.0000 0.48   0.01   3.1  0.0
3381.05 0.0000 0.45   0.01   3.1  0.0
3381.06 0.0000 0.44   0.00   3.1  0.0
3381.07 0.0000 0.44   0.01   3.1  0.0
3381.08 0.0000 0.40   0.04   3.1  0.0
3381.09 0.0000 0.38   0.06   3.2  0.0
3381.10 0.0000 0.37   0.06   3.1  0.0
3381.11 0.0000 0.35   0.05   3.1  0.1
3381.12 0.0000 0.30   0.06   2.8  0.2
3381.13 0.0000 0.28   0.07   2.8  0.3
3381.14 0.0000 0.29   0.06   2.8  0.2
3381.15 0.0000 0.29   0.06   2.8  0.2
3381.16 0.0000 0.29   0.05   2.8  0.2
3381.17 0.0000 0.30   0.06   2.8  0.2
3381.18 0.0000 0.31   0.08   2.9  0.1
3381.19 0.0000 0.29   0.09   2.8  0.2
3381.20 0.0000 0.26   0.10   2.8  0.4
3381.21 0.0000 0.25   0.12   2.7  0.5
3381.22 0.0000 0.24   0.13   2.7  0.6
3381.23 0.0000 0.24   0.12   2.7  0.5
3381.24 0.0000 0.23   0.12   2.6  0.5
3381.25 0.0000 0.21   0.15   2.6  0.7
3381.26 0.0000 0.20   0.16   2.6  0.7
3381.27 0.0000 0.20   0.15   2.6  0.7
3381.28 0.0000 0.20   0.14   2.6  0.7
3381.29 0.0000 0.18   0.17   2.6  0.8
3381.30 0.0000 0.18   0.16   2.5  0.8
3381.31 0.0000 0.19   0.16   2.6  0.6
3381.32 0.0000 0.20   0.16   2.6  0.6
3381.33 0.0000 0.21   0.17   2.7  0.5
3381.34 0.0000 0.21   0.19   2.7  0.4
3381.35 0.0000 0.19   0.25   2.7  0.6
3381.36 0.0000 0.17   0.33   2.6  0.7
3381.37 0.0000 0.15   0.34   2.5  0.8
3381.38 0.0000 0.16   0.33   2.6  0.7
3381.39 0.0000 0.17   0.30   2.5  0.5
3381.40 0.0000 0.17   0.36   2.5  0.6
3381.41 0.0000 0.14   0.56   2.6  1.0
3381.42 0.0000 0.14   0.79   2.7  1.0
3381.43 0.0000 0.16   0.82   2.7  0.9
3381.44 0.0000 0.12   0.90   2.8  1.4
3381.45 0.0000 0.15   0.84   2.9  1.2
3381.46 0.0000 0.16   0.84   2.9  1.0
3381.47 0.0000 0.27   0.79   2.9  0.0
3381.48 0.0000 0.38   0.65   2.8  0.0
3381.49 0.0000 0.38   0.52   2.8  0.0
3381.50 0.0000 0.39   0.39   2.7  0.0
3381.51 0.0000 0.46   0.33   2.8  0.0
3381.52 0.0000 0.55   0.21   2.8  0.0
3381.53 0.0000 0.68   0.12   2.9  0.0
3381.54 0.0000 0.73   0.10   2.9  0.0
3381.55 0.0000 0.78   0.06   3.0  0.0
3381.56 0.0000 0.76   0.03   3.0  0.0
3381.57 0.0000 0.79   0.02   3.0  0.0
3381.58 0.0000 0.84   0.01   3.1  0.0
3381.59 0.0000 0.82   0.01   3.2  0.0
3381.60 0.0000 0.81   0.00   3.2  0.0
3381.61 0.0000 0.75   0.00   3.1  0.0
3381.62 0.0000 0.65   0.00   3.0  0.0
3381.63 0.0000 0.57   0.00   3.1  0.0
3381.64 0.0000 0.56   0.00   3.1  0.0
3381.65 0.0000 0.56   0.00   3.2  0.0
3381.66 0.0000 0.62   0.00   3.1  0.0
3381.67 0.0000 0.77   0.00   3.2  0.0
3381.68 0.0000 0.83   0.00   3.2  0.0
3381.69 0.0000 0.78   0.00   3.2  0.0
3381.70 0.0000 0.77   0.00   3.4  0.0
