ELM     V003.000SPECTRL V003.000
M0
sng                           
2_baydin                      
dolb.24-2                     
12-01-2009
3372.70 0.0000 0.68   0.14   2.3  0.0
3372.71 0.0000 0.37   0.08   2.3  0.0
3372.72 0.0000 0.15   0.03   2.3  0.0
3372.73 0.0000 0.21   0.04   2.3  0.0
3372.74 0.0000 0.25   0.08   2.4  0.0
3372.75 0.0000 0.23   0.09   2.4  0.0
3372.76 0.0000 0.23   0.10   2.5  0.0
3372.77 0.0000 0.25   0.09   2.6  0.0
3372.78 0.0000 0.28   0.07   2.6  0.0
3372.79 0.0000 0.32   0.05   2.7  0.0
3372.80 0.0000 0.36   0.04   2.8  0.0
3372.81 0.0000 0.36   0.03   2.8  0.0
3372.82 0.0000 0.36   0.03   2.9  0.0
3372.83 0.0000 0.34   0.05   3.0  0.0
3372.84 0.0000 0.33   0.09   3.1  0.0
3372.85 0.0000 0.33   0.12   3.2  0.1
3372.86 0.0000 0.33   0.11   3.2  0.2
3372.87 0.0000 0.33   0.11   3.2  0.3
3372.88 0.0000 0.36   0.12   3.4  0.4
3372.89 0.0000 0.37   0.12   3.4  0.5
3372.90 0.0000 0.41   0.14   3.6  0.5
3372.91 0.0000 0.43   0.15   3.6  0.6
3372.92 0.0000 0.47   0.22   3.7  0.5
3372.93 0.0000 0.52   0.23   3.8  0.4
3372.94 0.0000 0.54   0.21   3.9  0.6
3372.95 0.0000 0.48   0.20   3.9  1.0
3372.96 0.0000 0.49   0.17   3.9  1.0
3372.97 0.0000 0.52   0.13   4.0  0.8
3372.98 0.0000 0.50   0.08   3.9  1.0
3372.99 0.0000 0.49   0.07   4.0  1.1
3373.00 0.0000 0.47   0.07   4.0  1.2
3373.01 0.0000 0.47   0.06   3.9  1.2
3373.02 0.0000 0.46   0.05   3.9  1.2
3373.03 0.0000 0.46   0.05   3.9  1.2
3373.04 0.0000 0.45   0.05   3.9  1.2
3373.05 0.0000 0.42   0.06   3.8  1.2
3373.06 0.0000 0.41   0.07   3.8  1.3
3373.07 0.0000 0.41   0.07   3.8  1.3
3373.08 0.0000 0.40   0.08   3.8  1.5
3373.09 0.0000 0.39   0.09   3.8  1.5
3373.10 0.0000 0.39   0.09   3.8  1.5
3373.11 0.0000 0.39   0.08   3.9  1.5
3373.12 0.0000 0.39   0.08   3.9  1.6
3373.13 0.0000 0.40   0.07   3.9  1.5
3373.14 0.0000 0.43   0.05   3.9  1.4
3373.15 0.0000 0.45   0.02   3.8  1.2
3373.16 0.0000 0.48   0.01   4.0  1.2
3373.17 0.0000 0.49   0.01   4.0  1.2
3373.18 0.0000 0.48   0.02   4.0  1.2
3373.19 0.0000 0.45   0.04   3.9  1.3
3373.20 0.0000 0.41   0.08   3.9  1.5
3373.21 0.0000 0.39   0.09   3.9  1.5
3373.22 0.0000 0.38   0.09   3.7  1.5
3373.23 0.0000 0.36   0.09   3.7  1.5
3373.24 0.0000 0.39   0.07   3.7  1.4
3373.25 0.0000 0.41   0.06   3.7  1.3
3373.26 0.0000 0.43   0.09   3.7  1.1
3373.27 0.0000 0.43   0.10   3.7  1.1
3373.28 0.0000 0.44   0.11   3.7  1.0
3373.29 0.0000 0.47   0.08   3.7  0.9
3373.30 0.0000 0.48   0.10   3.7  0.9
3373.31 0.0000 0.45   0.15   3.7  1.0
3373.32 0.0000 0.46   0.16   3.7  0.9
3373.33 0.0000 0.50   0.16   3.8  0.7
3373.34 0.0000 0.52   0.18   3.8  0.6
3373.35 0.0000 0.59   0.17   3.8  0.3
3373.36 0.0000 0.63   0.17   3.8  0.0
3373.37 0.0000 0.71   0.19   3.8  0.0
3373.38 0.0000 0.90   0.16   3.8  0.0
3373.39 0.0000 0.98   0.15   3.8  0.0
3373.40 0.0000 1.05   0.14   3.9  0.0
3373.41 0.0000 0.98   0.26   3.8  0.0
3373.42 0.0000 0.95   0.31   3.8  0.0
3373.43 0.0000 0.86   0.40   3.8  0.0
3373.44 0.0000 0.80   0.48   3.7  0.0
3373.45 0.0000 0.76   0.59   3.6  0.0
3373.46 0.0000 0.65   0.54   3.6  0.0
3373.47 0.0000 0.64   0.56   3.6  0.0
3373.48 0.0000 0.60   0.44   3.5  0.0
3373.49 0.0000 0.60   0.37   3.6  0.0
3373.50 0.0000 0.70   0.30   3.7  0.0
3373.51 0.0000 0.76   0.20   3.8  0.0
3373.52 0.0000 0.77   0.20   3.8  0.0
3373.53 0.0000 0.94   0.15   3.9  0.0
3373.54 0.0000 1.06   0.10   4.0  0.0
3373.55 0.0000 0.97   0.07   4.1  0.0
3373.56 0.0000 0.88   0.06   4.1  0.0
3373.57 0.0000 0.85   0.07   4.2  0.0
3373.58 0.0000 0.83   0.06   4.3  0.0
3373.59 0.0000 0.86   0.03   4.3  0.0
3373.60 0.0000 0.99   0.01   4.4  0.0
3373.61 0.0000 0.98   0.00   4.4  0.0
3373.62 0.0000 0.99   0.01   4.3  0.0
3373.63 0.0000 0.91   0.02   4.2  0.0
3373.64 0.0000 0.97   0.01   4.2  0.0
3373.65 0.0000 1.03   0.01   4.2  0.0
3373.66 0.0000 0.95   0.00   4.2  0.0
3373.67 0.0000 0.82   0.00   4.1  0.0
3373.68 0.0000 0.77   0.00   4.0  0.0
3373.69 0.0000 0.66   0.00   4.0  0.2
3373.70 0.0000 0.57   0.01   3.9  0.7
3373.71 0.0000 0.56   0.00   3.9  0.7
3373.72 0.0000 0.57   0.00   3.9  0.7
3373.73 0.0000 0.59   0.00   4.0  0.6
3373.74 0.0000 0.63   0.00   4.0  0.4
3373.75 0.0000 0.63   0.00   4.0  0.4
3373.76 0.0000 0.67   0.00   4.0  0.3
3373.77 0.0000 0.68   0.00   4.0  0.2
3373.78 0.0000 0.71   0.00   4.0  0.1
3373.79 0.0000 0.74   0.00   4.0  0.0
3373.80 0.0000 0.73   0.00   4.1  0.1
3373.81 0.0000 0.77   0.00   4.0  0.0
3373.82 0.0000 0.81   0.00   4.0  0.0
3373.83 0.0000 0.81   0.00   4.0  0.0
3373.84 0.0000 0.87   0.00   4.0  0.0
3373.85 0.0000 0.93   0.00   4.0  0.0
3373.86 0.0000 0.95   0.00   4.0  0.0
3373.87 0.0000 0.92   0.00   3.9  0.0
3373.88 0.0000 0.95   0.00   3.9  0.0
3373.89 0.0000 1.08   0.00   4.0  0.0
3373.90 0.0000 1.08   0.00   3.8  0.0
3373.91 0.0000 1.11   0.00   3.8  0.0
3373.92 0.0000 0.99   0.00   3.9  0.0
3373.93 0.0000 0.96   0.00   4.0  0.0
3373.94 0.0000 0.86   0.00   4.0  0.0
3373.95 0.0000 0.79   0.00   4.0  0.1
3373.96 0.0000 0.79   0.00   4.2  0.3
3373.97 0.0000 0.89   0.00   4.3  0.0
3373.98 0.0000 0.96   0.00   4.3  0.0
3373.99 0.0000 1.17   0.00   4.4  0.0
3374.00 0.0000 1.21   0.00   4.4  0.0
3374.01 0.0000 1.25   0.00   4.4  0.0
3374.02 0.0000 1.22   0.05   4.3  0.0
3374.03 0.0000 1.22   0.09   4.3  0.0
3374.04 0.0000 1.25   0.12   4.3  0.0
3374.05 0.0000 1.30   0.08   4.3  0.0
3374.06 0.0000 1.20   0.04   4.3  0.0
3374.07 0.0000 1.06   0.05   4.3  0.0
3374.08 0.0000 0.98   0.07   4.3  0.0
3374.09 0.0000 0.91   0.11   4.2  0.0
3374.10 0.0000 0.91   0.09   4.2  0.0
3374.11 0.0000 0.99   0.07   4.3  0.0
3374.12 0.0000 0.97   0.11   4.3  0.0
3374.13 0.0000 0.91   0.11   4.2  0.0
3374.14 0.0000 0.82   0.15   4.2  0.1
3374.15 0.0000 0.86   0.18   4.2  0.0
3374.16 0.0000 0.94   0.21   4.2  0.0
3374.17 0.0000 0.96   0.24   4.1  0.0
3374.18 0.0000 0.92   0.23   4.0  0.0
3374.19 0.0000 0.96   0.24   4.0  0.0
3374.20 0.0000 0.81   0.21   4.1  0.0
3374.21 0.0000 0.69   0.11   4.0  0.3
3374.22 0.0000 0.63   0.07   3.9  0.5
3374.23 0.0000 0.60   0.03   3.8  0.5
3374.24 0.0000 0.57   0.01   3.8  0.6
3374.25 0.0000 0.51   0.00   3.6  0.8
3374.26 0.0000 0.45   0.01   3.5  0.9
3374.27 0.0000 0.43   0.01   3.4  1.0
3374.28 0.0001 0.36   0.00   3.3  1.2
3374.29 0.0001 0.35   0.00   3.3  1.3
3374.30 0.0001 0.35   0.00   3.2  1.3
3374.31 0.0001 0.34   0.00   3.3  1.3
3374.32 0.0000 0.39   0.00   3.3  1.1
3374.33 0.0000 0.39   0.00   3.3  1.1
3374.34 0.0000 0.38   0.00   3.3  1.1
3374.35 0.0000 0.38   0.00   3.3  1.2
3374.36 0.0000 0.36   0.00   3.2  1.2
3374.37 0.0000 0.36   0.00   3.2  1.2
3374.38 0.0000 0.37   0.00   3.4  1.3
3374.39 0.0000 0.36   0.00   3.3  1.3
3374.40 0.0000 0.36   0.00   3.3  1.3
3374.41 0.0000 0.35   0.00   3.3  1.4
3374.42 0.0000 0.35   0.00   3.3  1.4
3374.43 0.0000 0.35   0.00   3.3  1.4
3374.44 0.0000 0.35   0.00   3.3  1.4
3374.45 0.0000 0.35   0.00   3.3  1.4
3374.46 0.0000 0.35   0.00   3.3  1.4
3374.47 0.0000 0.35   0.00   3.3  1.5
3374.48 0.0000 0.36   0.00   3.3  1.5
3374.49 0.0000 0.36   0.00   3.3  1.5
3374.50 0.0000 0.36   0.00   3.3  1.5
3374.51 0.0000 0.37   0.00   3.4  1.4
3374.52 0.0000 0.39   0.00   3.5  1.5
3374.53 0.0000 0.41   0.00   3.5  1.5
3374.54 0.0000 0.41   0.00   3.6  1.4
3374.55 0.0000 0.43   0.01   3.6  1.4
3374.56 0.0000 0.42   0.03   3.7  1.6
3374.57 0.0000 0.43   0.04   3.8  1.6
3374.58 0.0000 0.46   0.04   3.8  1.5
3374.59 0.0000 0.45   0.05   3.8  1.5
3374.60 0.0000 0.44   0.05   3.9  1.6
3374.61 0.0000 0.45   0.05   3.9  1.5
3374.62 0.0000 0.46   0.04   3.9  1.4
3374.63 0.0000 0.46   0.07   3.9  1.4
3374.64 0.0000 0.48   0.06   3.9  1.3
3374.65 0.0000 0.51   0.04   3.9  1.1
3374.66 0.0000 0.57   0.03   4.0  0.9
3374.67 0.0000 0.64   0.02   4.1  0.6
3374.68 0.0000 0.77   0.01   4.1  0.0
3374.69 0.0000 0.83   0.00   4.1  0.0
3374.70 0.0000 1.03   0.00   4.2  0.0
3374.71 0.0000 1.18   0.00   4.2  0.0
3374.72 0.0000 1.23   0.00   4.2  0.0
3374.73 0.0000 1.24   0.00   4.2  0.0
3374.74 0.0000 1.20   0.00   4.2  0.0
3374.75 0.0000 1.23   0.00   4.3  0.0
3374.76 0.0000 1.30   0.00   4.3  0.0
3374.77 0.0000 1.30   0.00   4.3  0.0
3374.78 0.0000 1.31   0.00   4.3  0.0
3374.79 0.0000 1.34   0.00   4.4  0.0
3374.80 0.0000 1.36   0.00   4.4  0.0
3374.81 0.0000 1.35   0.00   4.4  0.0
3374.82 0.0000 1.36   0.00   4.4  0.0
3374.83 0.0000 1.26   0.00   4.3  0.0
3374.84 0.0000 1.20   0.00   4.3  0.0
3374.85 0.0000 1.17   0.00   4.3  0.0
3374.86 0.0000 1.10   0.00   4.3  0.0
3374.87 0.0000 1.01   0.00   4.3  0.0
3374.88 0.0000 1.00   0.00   4.3  0.0
3374.89 0.0000 1.09   0.00   4.3  0.0
3374.90 0.0000 1.07   0.00   4.4  0.0
3374.91 0.0000 1.02   0.00   4.4  0.0
3374.92 0.0000 1.07   0.00   4.3  0.0
3374.93 0.0000 1.08   0.00   4.4  0.0
3374.94 0.0000 1.04   0.00   4.5  0.0
3374.95 0.0000 1.08   0.00   4.5  0.0
3374.96 0.0000 1.07   0.00   4.5  0.0
3374.97 0.0000 1.05   0.00   4.5  0.0
3374.98 0.0000 1.07   0.00   4.5  0.0
3374.99 0.0000 1.03   0.00   4.5  0.0
3375.00 0.0000 0.98   0.00   4.5  0.0
3375.01 0.0000 0.96   0.00   4.5  0.0
3375.02 0.0000 0.91   0.00   4.5  0.1
3375.03 0.0000 0.86   0.00   4.5  0.2
3375.04 0.0000 0.81   0.00   4.5  0.5
3375.05 0.0000 0.76   0.00   4.4  0.6
3375.06 0.0000 0.70   0.00   4.4  0.9
3375.07 0.0000 0.75   0.00   4.4  0.6
3375.08 0.0000 0.74   0.00   4.4  0.6
3375.09 0.0000 0.81   0.00   4.4  0.2
3375.10 0.0000 0.82   0.00   4.3  0.1
3375.11 0.0000 0.82   0.00   4.4  0.2
3375.12 0.0000 0.82   0.00   4.5  0.2
3375.13 0.0000 0.83   0.00   4.5  0.2
3375.14 0.0000 0.83   0.00   4.6  0.2
3375.15 0.0000 0.83   0.00   4.6  0.3
3375.16 0.0000 0.84   0.00   4.6  0.1
3375.17 0.0000 0.84   0.00   4.6  0.1
3375.18 0.0000 0.78   0.00   4.6  0.3
3375.19 0.0000 0.75   0.00   4.6  0.5
3375.20 0.0000 0.74   0.00   4.5  0.5
3375.21 0.0000 0.78   0.00   4.5  0.3
3375.22 0.0000 0.77   0.00   4.6  0.4
3375.23 0.0000 0.76   0.00   4.6  0.4
3375.24 0.0000 0.76   0.00   4.5  0.4
3375.25 0.0000 0.74   0.00   4.5  0.5
3375.26 0.0000 0.71   0.00   4.6  0.6
3375.27 0.0000 0.69   0.00   4.5  0.6
3375.28 0.0000 0.66   0.00   4.5  0.8
3375.29 0.0000 0.69   0.00   4.5  0.6
3375.30 0.0000 0.73   0.00   4.5  0.3
3375.31 0.0000 0.87   0.00   4.4  0.0
3375.32 0.0000 1.02   0.00   4.3  0.0
3375.33 0.0000 1.16   0.00   4.3  0.0
3375.34 0.0000 1.27   0.00   4.4  0.0
3375.35 0.0000 1.31   0.00   4.4  0.0
3375.36 0.0000 1.07   0.00   4.3  0.0
3375.37 0.0000 1.04   0.00   4.3  0.0
3375.38 0.0000 1.01   0.00   4.3  0.0
3375.39 0.0000 1.05   0.00   4.4  0.0
3375.40 0.0000 1.18   0.00   4.4  0.0
3375.41 0.0000 1.18   0.00   4.3  0.0
3375.42 0.0000 1.10   0.00   4.3  0.0
3375.43 0.0000 1.01   0.00   4.3  0.0
3375.44 0.0000 0.84   0.00   4.2  0.0
3375.45 0.0000 0.82   0.00   4.2  0.0
3375.46 0.0000 0.84   0.00   4.2  0.0
3375.47 0.0000 0.88   0.00   4.1  0.0
3375.48 0.0000 0.88   0.00   4.2  0.0
3375.49 0.0000 0.97   0.00   4.2  0.0
3375.50 0.0000 1.06   0.00   4.2  0.0
3375.51 0.0000 1.14   0.00   4.2  0.0
3375.52 0.0000 1.20   0.00   4.2  0.0
3375.53 0.0000 1.15   0.00   4.2  0.0
3375.54 0.0000 1.03   0.00   4.1  0.0
3375.55 0.0000 0.87   0.00   4.0  0.0
3375.56 0.0000 0.82   0.00   4.0  0.0
3375.57 0.0000 0.73   0.00   4.0  0.0
3375.58 0.0000 0.69   0.00   4.0  0.2
3375.59 0.0000 0.68   0.00   3.9  0.2
3375.60 0.0000 0.66   0.00   3.8  0.3
3375.61 0.0000 0.66   0.00   3.8  0.3
3375.62 0.0000 0.73   0.00   3.9  0.0
3375.63 0.0000 0.83   0.00   3.9  0.0
3375.64 0.0000 0.94   0.00   3.9  0.0
3375.65 0.0000 1.05   0.00   4.0  0.0
3375.66 0.0000 1.07   0.00   4.0  0.0
3375.67 0.0000 1.12   0.00   4.1  0.0
3375.68 0.0000 1.11   0.00   4.1  0.0
3375.69 0.0000 1.08   0.00   4.0  0.0
3375.70 0.0000 1.02   0.00   4.1  0.0
