ELM     V003.000SPECTRL V003.000
M0
sng                           
2_Baydin                      
dolb.31                       
11-23-2009
3594.07 0.0009 0.00   0.57   2.1  2.1
3594.08 0.0009 0.00   0.54   2.1  2.1
3594.09 0.0010 0.00   0.48   2.2  2.2
3594.10 0.0012 0.00   0.39   2.3  2.3
3594.11 0.0016 0.00   0.26   2.3  2.3
3594.12 0.0017 0.00   0.21   2.3  2.3
3594.13 0.0018 0.00   0.16   2.4  2.4
3594.14 0.0020 0.00   0.13   2.4  2.4
3594.15 0.0020 0.00   0.13   2.6  2.6
3594.16 0.0021 0.00   0.13   2.8  2.8
3594.17 0.0019 0.00   0.11   3.0  3.0
3594.18 0.0018 0.00   0.08   3.1  3.1
3594.19 0.0017 0.00   0.07   3.2  3.2
3594.20 0.0016 0.00   0.04   3.3  3.3
3594.21 0.0016 0.00   0.08   3.3  3.3
3594.22 0.0016 0.00   0.15   3.4  3.4
3594.23 0.0016 0.00   0.30   3.4  3.4
3594.24 0.0014 0.00   0.34   3.5  3.5
3594.25 0.0012 0.00   0.37   3.7  3.7
3594.26 0.0011 0.00   0.37   3.8  3.8
3594.27 0.0009 0.00   0.38   3.9  3.9
3594.28 0.0005 0.00   0.34   4.1  4.1
3594.29 0.0003 0.00   0.34   4.2  4.2
3594.30 0.0003 0.00   0.36   4.2  4.2
3594.31 0.0002 0.00   0.39   4.5  4.5
3594.32 0.0001 0.00   0.44   4.7  4.7
3594.33 0.0001 0.00   0.45   4.8  4.8
3594.34 0.0001 0.00   0.44   4.9  4.9
3594.35 0.0000 0.00   0.40   4.9  4.9
3594.36 0.0000 0.00   0.28   5.0  5.0
3594.37 0.0000 0.00   0.24   5.0  5.0
3594.38 0.0000 0.00   0.16   5.0  5.0
3594.39 0.0000 0.00   0.16   5.0  5.0
3594.40 0.0000 0.00   0.15   5.1  5.1
3594.41 0.0000 0.00   0.16   5.1  5.1
3594.42 0.0000 0.00   0.15   5.2  5.2
3594.43 0.0000 0.00   0.15   5.2  5.2
3594.44 0.0000 0.00   0.16   5.2  5.2
3594.45 0.0000 0.00   0.22   5.2  5.2
3594.46 0.0000 0.00   0.29   5.2  5.2
3594.47 0.0000 0.00   0.27   5.2  5.2
3594.48 0.0000 0.00   0.24   5.3  5.3
3594.49 0.0000 0.00   0.20   5.2  5.2
3594.50 0.0000 0.00   0.24   5.2  5.2
3594.51 0.0000 0.00   0.25   5.2  5.2
3594.52 0.0000 0.00   0.22   5.2  5.2
3594.53 0.0000 0.00   0.16   5.1  5.1
3594.54 0.0000 0.00   0.09   5.1  5.1
3594.55 0.0000 0.00   0.07   5.1  5.1
3594.56 0.0000 0.00   0.04   5.1  5.1
3594.57 0.0000 0.00   0.02   5.1  5.1
3594.58 0.0000 0.00   0.01   4.9  4.9
3594.59 0.0000 0.00   0.01   4.8  4.8
3594.60 0.0000 0.00   0.01   4.8  4.8
3594.61 0.0000 0.00   0.00   4.9  4.9
3594.62 0.0000 0.00   0.00   4.9  4.9
3594.63 0.0000 0.00   0.00   4.8  4.8
3594.64 0.0000 0.00   0.00   4.8  4.8
3594.65 0.0000 0.00   0.00   4.8  4.8
3594.66 0.0000 0.00   0.00   4.7  4.7
3594.67 0.0000 0.00   0.00   4.7  4.7
3594.68 0.0000 0.00   0.00   4.8  4.8
3594.69 0.0000 0.00   0.00   4.7  4.7
3594.70 0.0000 0.00   0.00   4.7  4.7
3594.71 0.0000 0.00   0.01   4.7  4.7
3594.72 0.0000 0.00   0.01   4.6  4.6
3594.73 0.0000 0.00   0.01   4.6  4.6
3594.74 0.0000 0.00   0.10   4.6  4.6
3594.75 0.0000 0.00   0.15   4.7  4.7
3594.76 0.0000 0.00   0.15   4.5  4.5
3594.77 0.0000 0.00   0.14   4.5  4.5
3594.78 0.0000 0.03   0.14   4.4  4.3
3594.79 0.0000 0.12   0.22   4.3  3.6
3594.80 0.0000 0.17   0.27   4.4  3.3
3594.81 0.0000 0.35   0.30   4.4  2.3
3594.82 0.0000 0.51   0.36   4.3  1.3
3594.83 0.0000 0.65   0.49   4.3  0.6
3594.84 0.0000 0.66   0.52   4.4  0.6
3594.85 0.0000 0.63   0.61   4.5  1.0
3594.86 0.0000 0.53   0.64   4.5  1.6
3594.87 0.0000 0.50   0.64   4.6  1.8
3594.88 0.0000 0.45   0.68   4.6  2.1
3594.89 0.0000 0.36   0.68   4.5  2.6
3594.90 0.0000 0.28   0.65   4.6  3.1
3594.91 0.0000 0.27   0.65   4.7  3.3
3594.92 0.0000 0.27   0.61   4.8  3.3
3594.93 0.0000 0.29   0.58   4.7  3.2
3594.94 0.0001 0.24   0.56   4.7  3.5
3594.95 0.0001 0.21   0.57   4.8  3.7
3594.96 0.0001 0.12   0.58   4.8  4.2
3594.97 0.0001 0.07   0.60   4.8  4.4
3594.98 0.0000 0.07   0.61   4.9  4.5
3594.99 0.0000 0.04   0.68   4.8  4.6
3595.00 0.0000 0.02   0.76   4.9  4.7
3595.01 0.0000 0.01   0.82   4.9  4.8
3595.02 0.0000 0.01   0.84   4.9  4.8
3595.03 0.0001 0.01   0.77   4.9  4.9
3595.04 0.0002 0.00   0.73   5.0  5.0
3595.05 0.0003 0.00   0.70   5.0  5.0
3595.06 0.0006 0.00   0.67   4.9  4.9
3595.07 0.0008 0.00   0.61   4.9  4.9
3595.08 0.0008 0.00   0.57   5.1  5.1
3595.09 0.0008 0.00   0.56   5.1  5.1
3595.10 0.0009 0.00   0.47   5.2  5.2
3595.11 0.0009 0.00   0.38   5.3  5.3
3595.12 0.0010 0.00   0.32   5.3  5.3
3595.13 0.0011 0.00   0.29   5.3  5.3
3595.14 0.0014 0.00   0.23   5.3  5.3
3595.15 0.0017 0.00   0.17   5.3  5.3
3595.16 0.0019 0.00   0.13   5.2  5.2
3595.17 0.0021 0.00   0.07   5.3  5.3
3595.18 0.0023 0.00   0.04   5.3  5.3
3595.19 0.0021 0.00   0.02   5.3  5.3
3595.20 0.0019 0.00   0.02   5.3  5.3
3595.21 0.0016 0.00   0.01   5.4  5.4
3595.22 0.0013 0.00   0.01   5.4  5.4
3595.23 0.0011 0.00   0.00   5.4  5.4
3595.24 0.0010 0.00   0.00   5.3  5.3
3595.25 0.0008 0.00   0.00   5.4  5.4
3595.26 0.0006 0.00   0.00   5.4  5.4
3595.27 0.0005 0.00   0.00   5.4  5.4
3595.28 0.0003 0.00   0.00   5.4  5.4
3595.29 0.0002 0.00   0.00   5.4  5.4
3595.30 0.0001 0.00   0.00   5.4  5.4
3595.31 0.0001 0.00   0.00   5.4  5.4
3595.32 0.0001 0.00   0.00   5.4  5.4
3595.33 0.0001 0.00   0.00   5.3  5.3
3595.34 0.0001 0.00   0.00   5.3  5.3
3595.35 0.0000 0.00   0.00   5.3  5.3
3595.36 0.0000 0.00   0.00   5.3  5.3
3595.37 0.0000 0.00   0.00   5.2  5.2
3595.38 0.0000 0.00   0.00   5.2  5.2
3595.39 0.0000 0.00   0.00   5.2  5.2
3595.40 0.0000 0.00   0.00   5.2  5.2
3595.41 0.0000 0.00   0.00   5.2  5.2
3595.42 0.0000 0.00   0.00   5.1  5.1
3595.43 0.0000 0.00   0.00   5.1  5.1
3595.44 0.0000 0.00   0.00   5.2  5.2
3595.45 0.0000 0.00   0.00   5.2  5.2
3595.46 0.0000 0.00   0.00   5.3  5.3
3595.47 0.0000 0.00   0.00   5.2  5.2
3595.48 0.0000 0.00   0.00   5.2  5.2
3595.49 0.0000 0.00   0.00   5.3  5.3
3595.50 0.0000 0.00   0.00   5.3  5.3
3595.51 0.0000 0.00   0.03   5.3  5.3
3595.52 0.0000 0.00   0.03   5.3  5.3
3595.53 0.0000 0.00   0.09   5.4  5.4
3595.54 0.0000 0.00   0.13   5.3  5.3
3595.55 0.0000 0.00   0.24   5.4  5.4
3595.56 0.0000 0.00   0.26   5.3  5.3
3595.57 0.0001 0.00   0.32   5.3  5.3
3595.58 0.0003 0.00   0.36   5.2  5.2
3595.59 0.0004 0.00   0.28   5.3  5.3
3595.60 0.0005 0.00   0.26   5.2  5.2
3595.61 0.0007 0.00   0.25   5.2  5.2
3595.62 0.0007 0.00   0.31   5.1  5.1
3595.63 0.0006 0.00   0.34   5.2  5.2
3595.64 0.0005 0.00   0.33   5.1  5.1
3595.65 0.0005 0.00   0.21   5.1  5.1
3595.66 0.0005 0.00   0.20   5.1  5.1
3595.67 0.0003 0.00   0.22   5.2  5.2
3595.68 0.0002 0.00   0.26   5.2  5.2
3595.69 0.0001 0.00   0.34   5.2  5.2
3595.70 0.0001 0.00   0.41   5.2  5.2
3595.71 0.0000 0.00   0.45   5.3  5.3
3595.72 0.0000 0.00   0.46   5.3  5.3
3595.73 0.0000 0.00   0.39   5.3  5.3
3595.74 0.0000 0.00   0.35   5.3  5.3
3595.75 0.0000 0.00   0.29   5.2  5.2
3595.76 0.0000 0.00   0.30   5.1  5.1
3595.77 0.0000 0.00   0.40   5.2  5.2
3595.78 0.0000 0.00   0.43   5.2  5.2
3595.79 0.0000 0.00   0.48   5.2  5.2
3595.80 0.0000 0.00   0.46   5.2  5.2
3595.81 0.0000 0.00   0.42   5.2  5.2
3595.82 0.0000 0.00   0.43   5.3  5.3
3595.83 0.0000 0.00   0.45   5.2  5.2
3595.84 0.0000 0.00   0.48   5.2  5.2
3595.85 0.0000 0.00   0.48   5.2  5.2
3595.86 0.0000 0.00   0.50   5.2  5.2
3595.87 0.0000 0.00   0.53   5.2  5.2
3595.88 0.0000 0.00   0.52   5.1  5.1
3595.89 0.0000 0.00   0.57   5.2  5.2
3595.90 0.0000 0.00   0.56   5.2  5.2
3595.91 0.0000 0.00   0.51   5.2  5.2
3595.92 0.0000 0.00   0.47   5.2  5.2
3595.93 0.0000 0.00   0.41   5.2  5.2
3595.94 0.0000 0.00   0.41   5.2  5.2
3595.95 0.0000 0.00   0.40   5.3  5.3
3595.96 0.0000 0.00   0.39   5.4  5.4
3595.97 0.0000 0.00   0.43   5.4  5.4
3595.98 0.0000 0.00   0.50   5.3  5.3
3595.99 0.0000 0.00   0.49   5.2  5.2
3596.00 0.0000 0.00   0.46   5.3  5.3
3596.01 0.0000 0.00   0.32   5.4  5.4
3596.02 0.0000 0.00   0.20   5.3  5.3
3596.03 0.0000 0.00   0.15   5.3  5.3
3596.04 0.0000 0.00   0.08   5.2  5.2
3596.05 0.0001 0.00   0.05   5.3  5.3
3596.06 0.0002 0.00   0.03   5.4  5.4
3596.07 0.0002 0.00   0.02   5.4  5.4
3596.08 0.0002 0.00   0.01   5.5  5.5
3596.09 0.0003 0.00   0.01   5.4  5.4
3596.10 0.0003 0.00   0.00   5.4  5.4
3596.11 0.0005 0.00   0.00   5.4  5.4
3596.12 0.0007 0.01   0.00   5.4  5.3
3596.13 0.0008 0.04   0.00   5.3  5.1
3596.14 0.0010 0.09   0.00   5.3  4.8
3596.15 0.0012 0.14   0.00   5.2  4.5
3596.16 0.0011 0.20   0.00   5.2  4.3
3596.17 0.0011 0.18   0.00   5.2  4.3
3596.18 0.0011 0.16   0.00   5.2  4.4
3596.19 0.0011 0.21   0.00   5.3  4.2
3596.20 0.0011 0.25   0.00   5.3  4.0
3596.21 0.0011 0.28   0.00   5.2  3.8
3596.22 0.0010 0.32   0.01   5.2  3.6
3596.23 0.0010 0.30   0.10   5.2  3.6
3596.24 0.0010 0.23   0.16   5.2  4.0
3596.25 0.0009 0.23   0.13   5.2  4.0
3596.26 0.0009 0.22   0.08   5.3  4.1
3596.27 0.0009 0.24   0.04   5.2  4.0
3596.28 0.0009 0.28   0.03   5.2  3.8
3596.29 0.0008 0.31   0.02   5.3  3.7
3596.30 0.0007 0.34   0.01   5.3  3.5
3596.31 0.0006 0.34   0.01   5.3  3.6
3596.32 0.0005 0.35   0.00   5.4  3.6
3596.33 0.0006 0.43   0.00   5.2  3.0
3596.34 0.0004 0.45   0.00   5.2  2.9
3596.35 0.0003 0.47   0.00   5.2  2.8
3596.36 0.0002 0.46   0.01   5.3  2.9
3596.37 0.0002 0.36   0.03   5.3  3.4
3596.38 0.0002 0.29   0.09   5.2  3.6
3596.39 0.0002 0.22   0.12   5.1  4.0
3596.40 0.0002 0.12   0.14   5.2  4.5
3596.41 0.0003 0.07   0.09   5.2  4.8
3596.42 0.0003 0.04   0.09   5.2  5.0
3596.43 0.0002 0.03   0.11   5.1  5.0
3596.44 0.0001 0.02   0.14   5.1  5.1
3596.45 0.0001 0.01   0.14   5.2  5.1
3596.46 0.0001 0.01   0.17   5.2  5.2
3596.47 0.0000 0.00   0.22   5.2  5.2
3596.48 0.0000 0.00   0.28   5.2  5.2
3596.49 0.0000 0.00   0.31   5.2  5.2
3596.50 0.0000 0.00   0.34   5.2  5.2
3596.51 0.0000 0.00   0.35   5.3  5.3
3596.52 0.0000 0.00   0.27   5.3  5.3
3596.53 0.0000 0.00   0.23   5.3  5.3
3596.54 0.0000 0.00   0.24   5.3  5.3
3596.55 0.0000 0.00   0.28   5.3  5.3
3596.56 0.0000 0.00   0.31   5.4  5.4
3596.57 0.0000 0.00   0.33   5.4  5.4
3596.58 0.0000 0.00   0.41   5.3  5.3
3596.59 0.0000 0.00   0.43   5.3  5.3
3596.60 0.0000 0.00   0.44   5.3  5.3
3596.61 0.0000 0.00   0.44   5.3  5.3
3596.62 0.0000 0.00   0.47   5.3  5.3
3596.63 0.0000 0.00   0.50   5.3  5.3
3596.64 0.0000 0.00   0.53   5.2  5.2
3596.65 0.0000 0.00   0.56   5.2  5.2
3596.66 0.0000 0.00   0.69   5.1  5.1
3596.67 0.0000 0.00   0.76   5.1  5.1
3596.68 0.0000 0.00   0.77   5.1  5.1
3596.69 0.0000 0.00   0.76   5.1  5.1
3596.70 0.0000 0.00   0.73   5.1  5.1
3596.71 0.0000 0.00   0.71   5.1  5.1
3596.72 0.0000 0.00   0.72   5.1  5.1
3596.73 0.0000 0.00   0.79   5.0  5.0
3596.74 0.0000 0.00   0.86   4.9  4.9
3596.75 0.0000 0.00   0.84   4.9  4.9
3596.76 0.0000 0.00   0.76   4.9  4.9
3596.77 0.0000 0.00   0.74   4.9  4.9
3596.78 0.0000 0.00   0.69   4.7  4.7
3596.79 0.0000 0.00   0.65   4.8  4.8
3596.80 0.0000 0.00   0.58   4.8  4.8
3596.81 0.0000 0.00   0.48   4.8  4.8
3596.82 0.0000 0.00   0.44   4.9  4.9
3596.83 0.0000 0.00   0.38   4.7  4.7
3596.84 0.0000 0.00   0.26   4.7  4.7
3596.85 0.0000 0.00   0.15   4.7  4.7
3596.86 0.0000 0.00   0.13   4.7  4.7
3596.87 0.0000 0.00   0.08   4.7  4.7
3596.88 0.0000 0.00   0.04   4.7  4.7
3596.89 0.0000 0.00   0.02   4.8  4.8
3596.90 0.0000 0.00   0.02   4.7  4.7
3596.91 0.0000 0.00   0.02   4.7  4.7
3596.92 0.0000 0.00   0.01   4.8  4.8
3596.93 0.0000 0.00   0.01   4.7  4.7
3596.94 0.0000 0.00   0.00   4.8  4.8
3596.95 0.0000 0.00   0.00   4.9  4.9
3596.96 0.0000 0.00   0.00   5.0  5.0
3596.97 0.0000 0.00   0.00   5.0  5.0
3596.98 0.0000 0.00   0.00   5.1  5.1
3596.99 0.0000 0.00   0.00   5.1  5.1
3597.00 0.0000 0.00   0.00   5.1  5.1
3597.01 0.0000 0.00   0.00   5.1  5.1
3597.02 0.0000 0.00   0.00   5.1  5.1
3597.03 0.0000 0.00   0.00   5.2  5.2
3597.04 0.0000 0.00   0.00   5.2  5.2
3597.05 0.0000 0.00   0.00   5.3  5.3
3597.06 0.0000 0.00   0.00   5.2  5.2
3597.07 0.0000 0.00   0.00   5.3  5.3
3597.08 0.0000 0.00   0.00   5.3  5.3
3597.09 0.0000 0.00   0.00   5.4  5.3
3597.10 0.0000 0.00   0.00   5.4  5.4
3597.11 0.0000 0.03   0.00   5.4  5.2
3597.12 0.0000 0.06   0.00   5.5  5.1
3597.13 0.0000 0.09   0.00   5.5  5.1
3597.14 0.0000 0.10   0.00   5.6  5.1
3597.15 0.0000 0.11   0.00   5.5  5.0
3597.16 0.0000 0.07   0.01   5.5  5.1
3597.17 0.0000 0.04   0.04   5.6  5.4
3597.18 0.0000 0.07   0.04   5.5  5.2
3597.19 0.0000 0.08   0.03   5.5  5.1
3597.20 0.0000 0.04   0.05   5.4  5.2
3597.21 0.0000 0.05   0.04   5.4  5.1
3597.22 0.0000 0.04   0.03   5.4  5.2
3597.23 0.0000 0.07   0.03   5.4  5.0
3597.24 0.0000 0.15   0.04   5.4  4.6
3597.25 0.0000 0.22   0.15   5.4  4.3
3597.26 0.0000 0.20   0.23   5.4  4.4
3597.27 0.0000 0.22   0.42   5.3  4.2
3597.28 0.0000 0.22   0.62   5.2  4.2
3597.29 0.0000 0.19   0.68   5.3  4.3
3597.30 0.0000 0.23   0.72   5.3  4.1
3597.31 0.0000 0.26   0.75   5.3  4.0
3597.32 0.0000 0.21   0.76   5.3  4.3
3597.33 0.0000 0.21   0.77   5.3  4.3
3597.34 0.0000 0.28   0.76   5.3  4.0
3597.35 0.0000 0.34   0.77   5.3  3.6
3597.36 0.0000 0.37   0.77   5.4  3.5
3597.37 0.0000 0.32   0.78   5.5  3.9
3597.38 0.0000 0.22   0.76   5.5  4.4
3597.39 0.0000 0.13   0.87   5.5  4.9
3597.40 0.0000 0.10   0.92   5.4  4.9
3597.41 0.0000 0.05   1.00   5.4  5.1
3597.42 0.0000 0.03   1.07   5.4  5.2
3597.43 0.0000 0.02   1.16   5.3  5.2
3597.44 0.0000 0.01   1.21   5.3  5.3
3597.45 0.0000 0.01   1.20   5.4  5.3
3597.46 0.0000 0.00   1.16   5.3  5.3
3597.47 0.0000 0.00   1.16   5.3  5.3
3597.48 0.0000 0.00   1.18   5.4  5.4
3597.49 0.0000 0.00   1.14   5.4  5.4
3597.50 0.0000 0.00   1.12   5.5  5.5
3597.51 0.0000 0.00   1.12   5.5  5.5
3597.52 0.0000 0.00   1.15   5.5  5.5
3597.53 0.0000 0.00   1.20   5.5  5.5
3597.54 0.0000 0.00   1.21   5.5  5.5
3597.55 0.0000 0.00   1.21   5.5  5.5
3597.56 0.0000 0.00   1.18   5.3  5.3
3597.57 0.0004 0.00   1.05   5.3  5.3
3597.58 0.0006 0.00   0.96   5.2  5.2
3597.59 0.0009 0.00   0.80   5.2  5.2
3597.60 0.0010 0.00   0.70   5.2  5.2
3597.61 0.0009 0.00   0.65   5.1  5.1
3597.62 0.0008 0.00   0.58   5.1  5.1
3597.63 0.0007 0.00   0.48   5.1  5.1
3597.64 0.0007 0.00   0.49   5.0  5.0
3597.65 0.0006 0.00   0.50   5.0  5.0
3597.66 0.0003 0.00   0.60   4.9  4.9
3597.67 0.0002 0.00   0.73   4.8  4.8
3597.68 0.0001 0.00   0.79   4.8  4.8
3597.69 0.0001 0.00   0.81   4.8  4.8
3597.70 0.0001 0.00   0.93   4.8  4.8
3597.71 0.0001 0.00   1.07   4.8  4.8
3597.72 0.0001 0.00   1.10   4.8  4.8
3597.73 0.0001 0.00   1.07   4.8  4.8
3597.74 0.0000 0.00   0.99   4.9  4.9
3597.75 0.0000 0.00   0.97   4.9  4.9
3597.76 0.0000 0.00   1.00   4.9  4.9
3597.77 0.0000 0.00   1.05   4.9  4.9
3597.78 0.0000 0.00   1.05   4.9  4.9
3597.79 0.0000 0.00   1.00   5.0  5.0
3597.80 0.0000 0.00   1.00   5.0  5.0
3597.81 0.0000 0.00   0.99   4.9  4.9
3597.82 0.0000 0.00   0.94   5.0  5.0
3597.83 0.0000 0.00   0.95   5.0  5.0
3597.84 0.0000 0.00   1.04   5.0  5.0
3597.85 0.0000 0.00   1.17   5.1  5.1
3597.86 0.0000 0.00   1.22   5.2  5.2
3597.87 0.0000 0.00   1.25   5.2  5.2
3597.88 0.0000 0.00   1.27   5.3  5.3
3597.89 0.0000 0.00   1.27   5.4  5.4
3597.90 0.0000 0.00   1.18   5.5  5.5
3597.91 0.0000 0.00   1.14   5.5  5.5
3597.92 0.0000 0.00   1.16   5.5  5.5
3597.93 0.0000 0.00   1.24   5.5  5.5
3597.94 0.0000 0.00   1.22   5.5  5.5
3597.95 0.0000 0.00   1.14   5.6  5.6
3597.96 0.0000 0.00   1.06   5.6  5.6
3597.97 0.0000 0.00   1.01   5.6  5.6
3597.98 0.0000 0.00   0.96   5.6  5.6
3597.99 0.0000 0.00   0.96   5.8  5.8
3598.00 0.0000 0.00   0.98   5.8  5.8
3598.01 0.0000 0.00   0.98   5.8  5.8
3598.02 0.0000 0.00   0.93   5.8  5.8
3598.03 0.0000 0.00   0.95   5.9  5.9
3598.04 0.0000 0.00   0.98   5.9  5.9
3598.05 0.0000 0.00   0.99   5.9  5.9
3598.06 0.0000 0.00   0.92   5.9  5.9
3598.07 0.0000 0.00   0.80   6.0  6.0
3598.08 0.0000 0.00   0.80   6.0  6.0
3598.09 0.0000 0.00   0.81   6.0  6.0
3598.10 0.0000 0.00   0.87   6.0  6.0
3598.11 0.0000 0.00   0.94   6.0  6.0
3598.12 0.0000 0.00   0.95   6.0  6.0
3598.13 0.0000 0.00   0.94   6.0  6.0
3598.14 0.0000 0.00   0.92   6.1  6.1
3598.15 0.0000 0.00   0.77   6.1  6.1
3598.16 0.0000 0.00   0.75   6.1  6.1
3598.17 0.0000 0.00   0.72   6.1  6.1
3598.18 0.0000 0.00   0.71   6.1  6.1
3598.19 0.0000 0.00   0.73   6.1  6.1
3598.20 0.0000 0.00   0.75   6.1  6.1
3598.21 0.0000 0.00   0.79   6.1  6.1
3598.22 0.0000 0.00   0.85   6.1  6.1
3598.23 0.0000 0.00   0.88   6.1  6.1
3598.24 0.0000 0.00   0.94   6.1  6.1
3598.25 0.0000 0.00   1.03   6.1  6.1
3598.26 0.0000 0.00   1.15   6.1  6.1
3598.27 0.0000 0.00   1.21   6.1  6.1
3598.28 0.0000 0.00   1.25   6.1  6.1
3598.29 0.0000 0.00   1.28   5.9  5.9
3598.30 0.0000 0.00   1.26   5.9  5.9
3598.31 0.0000 0.00   1.19   5.9  5.9
3598.32 0.0000 0.00   1.13   5.9  5.9
3598.33 0.0000 0.00   1.12   5.8  5.8
3598.34 0.0000 0.00   1.13   5.9  5.9
3598.35 0.0000 0.00   1.13   5.8  5.8
3598.36 0.0000 0.00   1.13   5.8  5.8
3598.37 0.0000 0.00   1.15   5.8  5.8
3598.38 0.0000 0.00   1.16   5.7  5.7
3598.39 0.0000 0.00   1.14   5.7  5.7
3598.40 0.0000 0.00   1.12   5.8  5.8
3598.41 0.0000 0.00   1.13   5.8  5.8
3598.42 0.0000 0.00   1.14   5.8  5.8
3598.43 0.0000 0.00   1.15   5.9  5.9
3598.44 0.0000 0.00   1.24   5.8  5.8
3598.45 0.0000 0.00   1.26   5.8  5.8
3598.46 0.0000 0.00   1.37   5.8  5.8
3598.47 0.0000 0.00   1.41   5.8  5.8
3598.48 0.0000 0.00   1.39   5.8  5.8
3598.49 0.0000 0.00   1.33   5.8  5.8
3598.50 0.0000 0.00   1.28   5.8  5.8
3598.51 0.0000 0.00   1.18   5.8  5.8
3598.52 0.0000 0.00   1.14   5.8  5.8
3598.53 0.0000 0.00   1.05   5.8  5.8
3598.54 0.0000 0.00   1.02   5.8  5.8
3598.55 0.0000 0.00   1.05   5.8  5.8
3598.56 0.0000 0.00   1.01   5.8  5.8
3598.57 0.0000 0.00   0.96   5.8  5.8
3598.58 0.0000 0.00   0.95   5.8  5.8
3598.59 0.0000 0.00   0.94   5.8  5.8
3598.60 0.0000 0.00   0.88   5.8  5.8
3598.61 0.0000 0.00   0.73   5.9  5.9
3598.62 0.0000 0.00   0.61   5.9  5.9
3598.63 0.0000 0.00   0.59   5.9  5.9
3598.64 0.0000 0.00   0.52   5.8  5.8
3598.65 0.0000 0.00   0.47   5.8  5.8
3598.66 0.0000 0.01   0.42   5.8  5.7
3598.67 0.0000 0.01   0.33   5.7  5.7
3598.68 0.0000 0.02   0.31   5.7  5.6
3598.69 0.0000 0.03   0.31   5.6  5.5
3598.70 0.0000 0.03   0.32   5.6  5.4
3598.71 0.0000 0.06   0.31   5.4  5.1
3598.72 0.0000 0.11   0.22   5.2  4.6
3598.73 0.0000 0.18   0.17   5.1  4.1
3598.74 0.0000 0.23   0.15   5.0  3.6
3598.75 0.0000 0.30   0.09   4.9  3.0
3598.76 0.0000 0.38   0.05   4.8  2.4
3598.77 0.0000 0.43   0.04   4.8  2.0
3598.78 0.0000 0.47   0.02   4.8  1.7
3598.79 0.0000 0.47   0.01   4.7  1.5
3598.80 0.0000 0.45   0.01   4.6  1.5
3598.81 0.0000 0.38   0.01   4.6  2.0
3598.82 0.0000 0.30   0.00   4.6  2.5
3598.83 0.0000 0.24   0.00   4.6  2.9
3598.84 0.0000 0.21   0.00   4.5  3.1
3598.85 0.0000 0.18   0.00   4.4  3.2
3598.86 0.0000 0.18   0.00   4.3  3.0
3598.87 0.0000 0.13   0.00   4.4  3.4
3598.88 0.0000 0.15   0.00   4.5  3.4
3598.89 0.0000 0.22   0.00   4.5  2.9
3598.90 0.0000 0.23   0.00   4.5  2.9
3598.91 0.0000 0.20   0.00   4.5  3.0
3598.92 0.0000 0.18   0.00   4.5  3.1
3598.93 0.0000 0.15   0.00   4.5  3.4
3598.94 0.0000 0.09   0.00   4.5  3.8
3598.95 0.0000 0.07   0.00   4.5  4.0
3598.96 0.0000 0.04   0.00   4.5  4.2
3598.97 0.0000 0.02   0.00   4.6  4.4
3598.98 0.0000 0.01   0.00   4.7  4.6
3598.99 0.0000 0.01   0.00   4.7  4.7
3599.00 0.0000 0.00   0.00   4.7  4.7
3599.01 0.0000 0.00   0.00   4.8  4.7
3599.02 0.0000 0.00   0.00   4.8  4.8
3599.03 0.0000 0.00   0.00   4.9  4.9
3599.04 0.0000 0.00   0.00   5.1  5.1
3599.05 0.0000 0.00   0.00   5.1  5.1
3599.06 0.0000 0.00   0.00   5.2  5.2
3599.07 0.0000 0.00   0.00   5.3  5.3
3599.08 0.0000 0.00   0.00   5.5  5.5
3599.09 0.0000 0.00   0.00   5.6  5.6
3599.10 0.0000 0.00   0.00   5.6  5.6
3599.11 0.0000 0.00   0.00   5.6  5.6
3599.12 0.0000 0.00   0.00   5.6  5.6
3599.13 0.0000 0.00   0.00   5.6  5.6
3599.14 0.0000 0.00   0.00   5.7  5.7
3599.15 0.0000 0.00   0.03   5.6  5.6
3599.16 0.0000 0.00   0.09   5.8  5.8
3599.17 0.0000 0.00   0.12   5.8  5.8
3599.18 0.0000 0.00   0.22   5.8  5.8
3599.19 0.0000 0.00   0.27   5.8  5.8
3599.20 0.0000 0.00   0.33   5.7  5.7
3599.21 0.0000 0.00   0.37   5.8  5.8
3599.22 0.0000 0.00   0.45   5.7  5.7
3599.23 0.0000 0.00   0.46   5.7  5.7
3599.24 0.0000 0.00   0.47   5.7  5.7
3599.25 0.0000 0.00   0.55   5.7  5.7
3599.26 0.0000 0.00   0.65   5.7  5.7
3599.27 0.0000 0.00   0.73   5.7  5.7
3599.28 0.0000 0.00   0.78   5.7  5.7
3599.29 0.0000 0.00   0.83   5.8  5.8
3599.30 0.0000 0.00   0.85   5.7  5.7
3599.31 0.0000 0.00   0.82   5.7  5.7
3599.32 0.0000 0.00   0.77   5.7  5.7
3599.33 0.0000 0.00   0.70   5.7  5.7
3599.34 0.0000 0.00   0.63   5.6  5.6
3599.35 0.0000 0.00   0.55   5.6  5.6
3599.36 0.0000 0.00   0.47   5.6  5.6
3599.37 0.0000 0.00   0.41   5.5  5.5
3599.38 0.0000 0.00   0.39   5.4  5.4
3599.39 0.0000 0.00   0.34   5.5  5.5
3599.40 0.0000 0.00   0.25   5.4  5.4
3599.41 0.0000 0.00   0.27   5.3  5.3
3599.42 0.0000 0.00   0.31   5.3  5.3
3599.43 0.0000 0.00   0.34   5.3  5.3
3599.44 0.0000 0.00   0.36   5.4  5.4
3599.45 0.0000 0.00   0.33   5.4  5.4
3599.46 0.0000 0.00   0.26   5.3  5.3
3599.47 0.0000 0.00   0.15   5.4  5.4
3599.48 0.0000 0.00   0.09   5.4  5.4
3599.49 0.0000 0.02   0.06   5.3  5.2
3599.50 0.0000 0.04   0.04   5.3  5.1
3599.51 0.0000 0.02   0.02   5.3  5.2
3599.52 0.0000 0.01   0.01   5.3  5.2
3599.53 0.0000 0.01   0.01   5.4  5.3
3599.54 0.0000 0.01   0.00   5.4  5.4
3599.55 0.0000 0.00   0.00   5.4  5.4
3599.56 0.0000 0.00   0.00   5.4  5.4
3599.57 0.0000 0.00   0.00   5.5  5.5
3599.58 0.0000 0.00   0.00   5.5  5.5
3599.59 0.0000 0.00   0.00   5.5  5.5
3599.60 0.0000 0.00   0.00   5.5  5.5
3599.61 0.0000 0.00   0.00   5.5  5.5
3599.62 0.0000 0.00   0.00   5.6  5.6
3599.63 0.0000 0.00   0.00   5.5  5.5
3599.64 0.0000 0.00   0.00   5.5  5.5
3599.65 0.0000 0.00   0.00   5.5  5.5
3599.66 0.0000 0.00   0.00   5.6  5.6
3599.67 0.0000 0.00   0.00   5.6  5.6
3599.68 0.0000 0.00   0.00   5.7  5.7
3599.69 0.0000 0.00   0.00   5.7  5.7
3599.70 0.0000 0.00   0.00   5.8  5.8
3599.71 0.0000 0.00   0.00   5.8  5.8
3599.72 0.0000 0.00   0.00   5.8  5.8
3599.73 0.0000 0.00   0.00   5.9  5.9
3599.74 0.0000 0.00   0.00   5.8  5.8
3599.75 0.0000 0.00   0.00   5.8  5.8
3599.76 0.0000 0.00   0.00   5.9  5.9
3599.77 0.0000 0.00   0.03   5.9  5.9
3599.78 0.0000 0.00   0.05   5.9  5.9
3599.79 0.0000 0.00   0.03   5.9  5.9
3599.80 0.0000 0.00   0.02   5.9  5.9
3599.81 0.0000 0.00   0.01   5.9  5.9
3599.82 0.0000 0.00   0.01   5.9  5.9
3599.83 0.0000 0.00   0.01   5.9  5.9
3599.84 0.0000 0.00   0.01   5.8  5.8
3599.85 0.0000 0.00   0.00   5.8  5.8
3599.86 0.0000 0.00   0.00   5.8  5.8
3599.87 0.0000 0.00   0.02   5.8  5.8
3599.88 0.0000 0.00   0.13   5.7  5.7
3599.89 0.0000 0.00   0.18   5.8  5.8
3599.90 0.0000 0.00   0.19   5.8  5.8
3599.91 0.0000 0.00   0.20   5.8  5.8
3599.92 0.0000 0.00   0.21   5.9  5.9
3599.93 0.0000 0.00   0.21   5.8  5.8
3599.94 0.0000 0.00   0.15   5.8  5.8
3599.95 0.0000 0.00   0.11   5.9  5.9
3599.96 0.0000 0.00   0.10   5.9  5.9
3599.97 0.0000 0.00   0.18   6.0  6.0
3599.98 0.0000 0.00   0.18   6.0  6.0
3599.99 0.0000 0.00   0.20   5.9  5.9
3600.00 0.0000 0.00   0.19   5.8  5.8
3600.01 0.0000 0.00   0.16   5.8  5.8
3600.02 0.0000 0.00   0.10   5.9  5.9
3600.03 0.0000 0.00   0.06   5.9  5.9
3600.04 0.0000 0.00   0.07   5.9  5.9
3600.05 0.0000 0.00   0.15   5.9  5.9
3600.06 0.0000 0.01   0.21   5.9  5.9
3600.07 0.0000 0.02   0.21   5.9  5.8
3600.08 0.0000 0.05   0.17   5.9  5.6
3600.09 0.0000 0.03   0.15   5.9  5.7
3600.10 0.0000 0.02   0.15   5.8  5.8
3600.11 0.0000 0.01   0.16   5.9  5.8
3600.12 0.0000 0.01   0.11   5.9  5.9
3600.13 0.0000 0.00   0.09   5.9  5.9
3600.14 0.0000 0.00   0.08   5.9  5.9
3600.15 0.0000 0.00   0.11   5.9  5.9
3600.16 0.0000 0.00   0.21   5.9  5.9
3600.17 0.0000 0.00   0.27   5.9  5.9
3600.18 0.0000 0.00   0.27   5.9  5.9
3600.19 0.0000 0.00   0.22   5.9  5.9
3600.20 0.0000 0.02   0.17   5.9  5.8
3600.21 0.0000 0.03   0.19   5.8  5.6
3600.22 0.0000 0.02   0.22   5.7  5.6
3600.23 0.0000 0.01   0.19   5.8  5.8
3600.24 0.0000 0.01   0.17   5.9  5.9
3600.25 0.0000 0.01   0.19   5.9  5.8
3600.26 0.0000 0.00   0.24   5.8  5.8
3600.27 0.0000 0.00   0.35   5.8  5.8
3600.28 0.0000 0.00   0.31   5.8  5.8
3600.29 0.0000 0.00   0.29   5.8  5.8
3600.30 0.0000 0.00   0.27   5.8  5.8
3600.31 0.0000 0.00   0.24   5.8  5.8
3600.32 0.0000 0.00   0.24   5.8  5.8
3600.33 0.0000 0.00   0.27   5.9  5.9
3600.34 0.0000 0.00   0.36   5.8  5.8
3600.35 0.0000 0.00   0.28   5.7  5.7
3600.36 0.0000 0.00   0.23   5.8  5.8
3600.37 0.0000 0.00   0.16   5.8  5.8
3600.38 0.0000 0.00   0.12   5.8  5.8
3600.39 0.0000 0.00   0.07   5.8  5.8
3600.40 0.0000 0.00   0.05   5.8  5.8
3600.41 0.0000 0.00   0.03   5.9  5.9
3600.42 0.0000 0.00   0.02   5.9  5.9
3600.43 0.0000 0.00   0.01   5.9  5.9
3600.44 0.0000 0.00   0.01   5.9  5.9
3600.45 0.0000 0.00   0.00   5.9  5.9
3600.46 0.0000 0.00   0.00   5.8  5.8
3600.47 0.0000 0.00   0.00   5.9  5.9
3600.48 0.0000 0.03   0.00   5.8  5.7
3600.49 0.0000 0.04   0.00   5.7  5.5
3600.50 0.0000 0.03   0.00   5.7  5.6
3600.51 0.0000 0.02   0.00   5.6  5.5
3600.52 0.0000 0.01   0.00   5.6  5.6
3600.53 0.0000 0.00   0.00   5.7  5.6
3600.54 0.0000 0.00   0.00   5.6  5.6
3600.55 0.0000 0.00   0.00   5.5  5.5
3600.56 0.0000 0.03   0.00   5.5  5.3
3600.57 0.0000 0.02   0.00   5.4  5.3
3600.58 0.0000 0.01   0.00   5.3  5.2
3600.59 0.0000 0.01   0.00   5.2  5.2
3600.60 0.0000 0.00   0.00   5.2  5.2
3600.61 0.0000 0.00   0.00   5.2  5.2
3600.62 0.0000 0.01   0.00   5.2  5.2
3600.63 0.0000 0.02   0.00   5.2  5.0
3600.64 0.0000 0.09   0.00   5.1  4.5
3600.65 0.0000 0.09   0.00   5.0  4.5
3600.66 0.0000 0.08   0.00   5.1  4.6
3600.67 0.0000 0.05   0.00   5.0  4.7
3600.68 0.0000 0.03   0.00   5.0  4.9
3600.69 0.0000 0.02   0.00   5.1  4.9
3600.70 0.0000 0.02   0.00   5.0  4.9
3600.71 0.0000 0.05   0.01   5.0  4.7
3600.72 0.0000 0.07   0.01   4.9  4.5
3600.73 0.0000 0.12   0.06   4.9  4.2
3600.74 0.0000 0.08   0.10   4.8  4.3
3600.75 0.0000 0.05   0.11   4.9  4.6
3600.76 0.0000 0.04   0.12   4.8  4.6
3600.77 0.0000 0.02   0.14   4.7  4.6
3600.78 0.0000 0.01   0.15   4.7  4.6
3600.79 0.0000 0.01   0.16   4.7  4.7
3600.80 0.0000 0.00   0.21   4.9  4.8
3600.81 0.0000 0.00   0.21   4.9  4.9
3600.82 0.0000 0.00   0.12   5.0  5.0
3600.83 0.0000 0.00   0.09   5.1  5.1
3600.84 0.0000 0.00   0.05   5.1  5.1
3600.85 0.0000 0.00   0.03   5.1  5.1
3600.86 0.0000 0.00   0.02   5.1  5.1
3600.87 0.0000 0.00   0.01   5.1  5.1
3600.88 0.0000 0.00   0.06   5.2  5.2
3600.89 0.0000 0.04   0.06   5.2  5.0
3600.90 0.0000 0.07   0.05   5.2  4.8
3600.91 0.0000 0.05   0.04   5.3  5.0
3600.92 0.0000 0.09   0.03   5.2  4.7
3600.93 0.0000 0.07   0.07   5.2  4.8
3600.94 0.0000 0.05   0.07   5.2  4.9
3600.95 0.0000 0.03   0.10   5.2  5.0
3600.96 0.0000 0.02   0.13   5.2  5.1
3600.97 0.0000 0.01   0.19   5.2  5.1
3600.98 0.0000 0.01   0.33   5.2  5.1
3600.99 0.0000 0.02   0.51   5.1  5.0
3601.00 0.0000 0.10   0.57   5.0  4.5
3601.01 0.0000 0.12   0.57   5.0  4.3
3601.02 0.0000 0.20   0.52   5.0  3.9
3601.03 0.0000 0.18   0.51   5.0  4.0
3601.04 0.0000 0.11   0.44   5.1  4.4
3601.05 0.0000 0.08   0.44   5.1  4.6
3601.06 0.0000 0.05   0.46   5.0  4.8
3601.07 0.0000 0.04   0.45   5.0  4.7
3601.08 0.0000 0.07   0.42   5.0  4.6
3601.09 0.0000 0.12   0.32   5.1  4.4
3601.10 0.0000 0.19   0.23   5.1  4.0
3601.11 0.0001 0.11   0.19   5.1  4.4
3601.12 0.0002 0.09   0.19   5.1  4.6
3601.13 0.0003 0.05   0.23   5.0  4.7
3601.14 0.0007 0.06   0.28   4.9  4.6
3601.15 0.0008 0.04   0.35   4.9  4.6
3601.16 0.0010 0.02   0.50   4.9  4.7
3601.17 0.0012 0.01   0.56   4.9  4.8
3601.18 0.0014 0.01   0.64   4.9  4.8
3601.19 0.0014 0.01   0.68   4.9  4.8
3601.20 0.0014 0.00   0.72   4.8  4.8
3601.21 0.0012 0.00   0.72   4.8  4.8
3601.22 0.0010 0.00   0.67   4.9  4.9
3601.23 0.0009 0.00   0.65   5.0  5.0
3601.24 0.0009 0.00   0.66   4.9  4.9
3601.25 0.0009 0.00   0.62   4.9  4.9
3601.26 0.0009 0.00   0.56   5.0  5.0
3601.27 0.0011 0.00   0.48   5.0  5.0
3601.28 0.0013 0.00   0.44   5.1  5.1
3601.29 0.0014 0.00   0.30   5.1  5.1
3601.30 0.0015 0.00   0.23   5.1  5.1
3601.31 0.0016 0.00   0.14   5.1  5.1
3601.32 0.0016 0.00   0.08   5.1  5.1
3601.33 0.0017 0.00   0.07   5.2  5.2
3601.34 0.0017 0.00   0.09   5.2  5.2
3601.35 0.0017 0.00   0.10   5.2  5.2
3601.36 0.0017 0.00   0.13   5.3  5.3
3601.37 0.0017 0.00   0.15   5.3  5.3
3601.38 0.0017 0.00   0.20   5.3  5.3
3601.39 0.0016 0.00   0.30   5.3  5.3
3601.40 0.0016 0.00   0.42   5.4  5.4
3601.41 0.0016 0.00   0.47   5.4  5.4
3601.42 0.0016 0.00   0.55   5.4  5.4
3601.43 0.0014 0.00   0.64   5.4  5.4
3601.44 0.0013 0.00   0.62   5.4  5.4
3601.45 0.0012 0.00   0.59   5.4  5.4
3601.46 0.0011 0.00   0.55   5.5  5.5
3601.47 0.0009 0.00   0.45   5.5  5.5
3601.48 0.0008 0.00   0.39   5.5  5.5
3601.49 0.0007 0.00   0.32   5.6  5.6
3601.50 0.0004 0.00   0.31   5.5  5.5
3601.51 0.0002 0.00   0.29   5.6  5.6
3601.52 0.0002 0.00   0.28   5.6  5.6
3601.53 0.0001 0.00   0.33   5.6  5.6
3601.54 0.0001 0.00   0.39   5.6  5.6
3601.55 0.0000 0.00   0.39   5.7  5.7
3601.56 0.0000 0.00   0.36   5.8  5.8
3601.57 0.0000 0.00   0.39   5.8  5.8
3601.58 0.0000 0.00   0.52   5.7  5.7
3601.59 0.0000 0.00   0.60   5.7  5.7
3601.60 0.0000 0.00   0.67   5.7  5.7
3601.61 0.0000 0.00   0.74   5.7  5.7
3601.62 0.0000 0.00   0.77   5.7  5.7
3601.63 0.0000 0.00   0.75   5.7  5.7
3601.64 0.0000 0.00   0.74   5.7  5.7
3601.65 0.0000 0.00   0.69   5.7  5.7
3601.66 0.0000 0.00   0.66   5.7  5.7
3601.67 0.0000 0.00   0.67   5.6  5.6
3601.68 0.0000 0.00   0.69   5.6  5.6
3601.69 0.0000 0.00   0.69   5.5  5.5
3601.70 0.0000 0.00   0.67   5.5  5.5
3601.71 0.0000 0.00   0.57   5.5  5.5
3601.72 0.0000 0.00   0.46   5.4  5.4
3601.73 0.0000 0.00   0.42   5.4  5.4
3601.74 0.0000 0.00   0.36   5.4  5.4
3601.75 0.0000 0.00   0.35   5.3  5.3
3601.76 0.0000 0.00   0.38   5.3  5.3
3601.77 0.0000 0.00   0.38   5.3  5.3
3601.78 0.0000 0.00   0.46   5.3  5.3
3601.79 0.0000 0.00   0.53   5.2  5.2
3601.80 0.0000 0.00   0.56   5.1  5.1
3601.81 0.0000 0.00   0.53   5.1  5.1
3601.82 0.0000 0.00   0.48   5.1  5.1
3601.83 0.0000 0.00   0.43   5.1  5.1
3601.84 0.0000 0.02   0.38   5.1  5.1
3601.85 0.0000 0.01   0.39   5.1  5.0
3601.86 0.0000 0.00   0.41   4.9  4.9
3601.87 0.0000 0.00   0.43   4.8  4.8
3601.88 0.0000 0.00   0.43   4.8  4.8
3601.89 0.0000 0.02   0.38   4.8  4.7
3601.90 0.0000 0.02   0.34   4.8  4.7
3601.91 0.0000 0.04   0.26   4.7  4.5
3601.92 0.0000 0.04   0.16   4.6  4.4
3601.93 0.0001 0.02   0.21   4.6  4.4
3601.94 0.0000 0.02   0.23   4.5  4.4
3601.95 0.0000 0.01   0.24   4.5  4.5
3601.96 0.0000 0.01   0.27   4.6  4.5
3601.97 0.0000 0.00   0.30   4.6  4.6
3601.98 0.0000 0.01   0.29   4.7  4.6
3601.99 0.0000 0.01   0.29   4.8  4.7
3602.00 0.0000 0.01   0.26   4.8  4.7
3602.01 0.0000 0.00   0.26   4.8  4.8
3602.02 0.0000 0.00   0.27   4.9  4.9
3602.03 0.0000 0.00   0.31   4.9  4.9
3602.04 0.0000 0.00   0.32   4.9  4.9
3602.05 0.0000 0.00   0.25   4.9  4.9
3602.06 0.0000 0.00   0.19   5.0  5.0
3602.07 0.0000 0.00   0.11   5.1  5.1
3602.08 0.0000 0.00   0.06   5.1  5.1
3602.09 0.0000 0.00   0.06   5.1  5.1
3602.10 0.0000 0.00   0.04   5.1  5.1
3602.11 0.0000 0.00   0.02   5.1  5.1
3602.12 0.0000 0.00   0.01   5.1  5.1
3602.13 0.0000 0.00   0.01   5.1  5.1
3602.14 0.0000 0.00   0.00   5.1  5.1
3602.15 0.0000 0.00   0.01   5.0  5.0
3602.16 0.0000 0.00   0.01   5.0  5.0
3602.17 0.0000 0.00   0.00   5.1  5.1
3602.18 0.0000 0.00   0.00   5.2  5.2
3602.19 0.0000 0.00   0.00   5.2  5.2
3602.20 0.0000 0.00   0.00   5.2  5.2
3602.21 0.0000 0.00   0.00   5.2  5.2
3602.22 0.0000 0.00   0.03   5.3  5.3
3602.23 0.0000 0.00   0.07   5.3  5.3
3602.24 0.0000 0.00   0.06   5.3  5.3
3602.25 0.0000 0.00   0.03   5.4  5.4
3602.26 0.0000 0.00   0.05   5.4  5.4
3602.27 0.0000 0.00   0.05   5.4  5.4
3602.28 0.0000 0.00   0.07   5.4  5.4
3602.29 0.0000 0.00   0.10   5.4  5.4
3602.30 0.0000 0.00   0.08   5.4  5.4
3602.31 0.0000 0.00   0.06   5.4  5.4
3602.32 0.0000 0.00   0.03   5.4  5.4
3602.33 0.0000 0.00   0.02   5.4  5.4
3602.34 0.0000 0.00   0.01   5.5  5.5
3602.35 0.0000 0.00   0.01   5.5  5.5
3602.36 0.0000 0.00   0.00   5.5  5.5
3602.37 0.0000 0.00   0.03   5.4  5.4
3602.38 0.0000 0.00   0.07   5.4  5.4
3602.39 0.0000 0.00   0.12   5.4  5.4
3602.40 0.0000 0.00   0.09   5.4  5.4
3602.41 0.0000 0.00   0.08   5.5  5.5
3602.42 0.0000 0.00   0.06   5.5  5.5
3602.43 0.0000 0.00   0.04   5.5  5.5
3602.44 0.0000 0.00   0.02   5.5  5.5
3602.45 0.0000 0.00   0.02   5.5  5.5
3602.46 0.0000 0.00   0.01   5.6  5.6
3602.47 0.0000 0.00   0.00   5.6  5.6
3602.48 0.0000 0.00   0.00   5.7  5.7
3602.49 0.0000 0.00   0.00   5.7  5.7
3602.50 0.0000 0.00   0.00   5.7  5.7
3602.51 0.0000 0.00   0.00   5.6  5.6
3602.52 0.0000 0.00   0.00   5.6  5.6
3602.53 0.0000 0.00   0.00   5.6  5.6
3602.54 0.0000 0.02   0.00   5.6  5.5
3602.55 0.0000 0.05   0.00   5.7  5.4
3602.56 0.0000 0.08   0.00   5.6  5.2
3602.57 0.0000 0.12   0.00   5.7  5.0
3602.58 0.0000 0.17   0.00   5.7  4.8
3602.59 0.0000 0.28   0.00   5.7  4.2
3602.60 0.0000 0.32   0.00   5.7  4.0
3602.61 0.0000 0.36   0.00   5.8  3.9
3602.62 0.0000 0.37   0.00   5.7  3.8
3602.63 0.0000 0.37   0.00   5.8  3.8
3602.64 0.0000 0.38   0.00   5.7  3.7
3602.65 0.0000 0.37   0.00   5.7  3.7
3602.66 0.0000 0.39   0.00   5.8  3.7
3602.67 0.0000 0.43   0.02   5.8  3.4
3602.68 0.0000 0.47   0.03   5.8  3.2
3602.69 0.0000 0.44   0.09   5.7  3.3
3602.70 0.0000 0.37   0.13   5.6  3.5
3602.71 0.0000 0.28   0.15   5.5  4.0
3602.72 0.0000 0.16   0.18   5.5  4.6
3602.73 0.0000 0.09   0.21   5.4  4.9
3602.74 0.0000 0.07   0.25   5.4  5.0
3602.75 0.0000 0.04   0.25   5.4  5.2
3602.76 0.0000 0.02   0.25   5.4  5.2
3602.77 0.0000 0.02   0.23   5.3  5.2
3602.78 0.0000 0.01   0.20   5.2  5.2
3602.79 0.0000 0.01   0.16   5.1  5.0
3602.80 0.0000 0.00   0.18   4.9  4.9
3602.81 0.0000 0.00   0.19   5.0  4.9
3602.82 0.0000 0.00   0.20   5.1  5.0
3602.83 0.0000 0.00   0.17   5.2  5.2
3602.84 0.0000 0.00   0.11   5.3  5.3
3602.85 0.0000 0.00   0.08   5.3  5.3
3602.86 0.0000 0.00   0.05   5.3  5.3
3602.87 0.0000 0.00   0.04   5.4  5.4
3602.88 0.0000 0.00   0.02   5.4  5.4
3602.89 0.0000 0.00   0.02   5.3  5.3
3602.90 0.0000 0.00   0.09   5.2  5.2
3602.91 0.0000 0.00   0.16   5.2  5.2
3602.92 0.0000 0.00   0.17   5.2  5.2
3602.93 0.0000 0.00   0.14   5.1  5.1
3602.94 0.0000 0.00   0.18   5.1  5.1
3602.95 0.0000 0.00   0.26   5.1  5.1
3602.96 0.0000 0.00   0.27   5.1  5.1
3602.97 0.0000 0.00   0.22   5.2  5.2
3602.98 0.0000 0.00   0.13   5.1  5.1
3602.99 0.0000 0.00   0.07   5.2  5.2
3603.00 0.0000 0.00   0.05   5.2  5.2
3603.01 0.0000 0.00   0.03   5.4  5.4
3603.02 0.0000 0.00   0.02   5.6  5.6
3603.03 0.0000 0.00   0.01   5.6  5.6
3603.04 0.0000 0.00   0.01   5.6  5.6
3603.05 0.0000 0.00   0.00   5.6  5.6
3603.06 0.0000 0.00   0.03   5.7  5.7
3603.07 0.0000 0.00   0.04   5.7  5.7
3603.08 0.0000 0.00   0.05   5.7  5.7
3603.09 0.0000 0.00   0.03   5.8  5.8
3603.10 0.0000 0.00   0.02   5.9  5.9
3603.11 0.0000 0.00   0.01   6.0  6.0
3603.12 0.0000 0.00   0.01   6.2  6.2
3603.13 0.0000 0.00   0.00   6.3  6.3
3603.14 0.0000 0.00   0.00   6.3  6.3
3603.15 0.0000 0.00   0.00   6.2  6.2
3603.16 0.0000 0.00   0.01   6.2  6.2
3603.17 0.0000 0.00   0.02   6.3  6.3
3603.18 0.0000 0.00   0.02   6.3  6.3
3603.19 0.0000 0.00   0.03   6.3  6.3
3603.20 0.0000 0.00   0.04   6.3  6.3
3603.21 0.0000 0.00   0.03   6.4  6.4
3603.22 0.0000 0.00   0.02   6.5  6.5
3603.23 0.0000 0.00   0.01   6.5  6.5
3603.24 0.0000 0.00   0.01   6.6  6.6
3603.25 0.0000 0.00   0.00   6.7  6.7
3603.26 0.0000 0.00   0.00   6.7  6.7
3603.27 0.0000 0.00   0.00   6.7  6.7
3603.28 0.0000 0.00   0.00   6.7  6.7
3603.29 0.0000 0.00   0.00   6.7  6.7
3603.30 0.0000 0.00   0.00   6.6  6.6
3603.31 0.0000 0.00   0.00   6.5  6.5
3603.32 0.0000 0.00   0.00   6.4  6.4
3603.33 0.0000 0.00   0.00   6.4  6.4
3603.34 0.0000 0.00   0.00   6.4  6.4
3603.35 0.0000 0.00   0.00   6.4  6.4
3603.36 0.0000 0.00   0.00   6.4  6.4
3603.37 0.0000 0.00   0.00   6.5  6.5
3603.38 0.0000 0.00   0.00   6.5  6.5
3603.39 0.0000 0.00   0.00   6.5  6.5
3603.40 0.0000 0.00   0.00   6.6  6.6
3603.41 0.0000 0.00   0.00   6.5  6.5
3603.42 0.0000 0.00   0.00   6.5  6.5
3603.43 0.0000 0.00   0.00   6.5  6.5
3603.44 0.0000 0.00   0.00   6.4  6.4
3603.45 0.0000 0.00   0.00   6.4  6.4
3603.46 0.0000 0.00   0.00   6.4  6.4
3603.47 0.0000 0.00   0.00   6.4  6.4
3603.48 0.0000 0.00   0.00   6.4  6.4
3603.49 0.0000 0.00   0.00   6.3  6.3
3603.50 0.0000 0.00   0.00   6.4  6.4
3603.51 0.0000 0.00   0.00   6.3  6.3
3603.52 0.0000 0.00   0.00   6.2  6.2
3603.53 0.0000 0.00   0.00   6.2  6.2
3603.54 0.0000 0.00   0.00   6.2  6.2
3603.55 0.0000 0.00   0.00   6.2  6.2
3603.56 0.0000 0.00   0.00   6.1  6.1
3603.57 0.0000 0.00   0.00   6.0  6.0
3603.58 0.0000 0.00   0.00   5.9  5.9
3603.59 0.0000 0.00   0.00   5.8  5.8
3603.60 0.0000 0.00   0.00   5.8  5.8
3603.61 0.0000 0.00   0.00   5.8  5.8
3603.62 0.0000 0.00   0.00   5.7  5.7
3603.63 0.0000 0.00   0.00   5.7  5.7
3603.64 0.0000 0.00   0.00   5.5  5.5
3603.65 0.0000 0.00   0.00   5.5  5.5
3603.66 0.0000 0.00   0.01   5.4  5.4
3603.67 0.0000 0.00   0.01   5.4  5.4
3603.68 0.0000 0.00   0.02   5.3  5.3
3603.69 0.0000 0.00   0.01   5.3  5.3
3603.70 0.0000 0.00   0.01   5.2  5.2
3603.71 0.0000 0.00   0.00   5.2  5.2
3603.72 0.0000 0.00   0.00   5.2  5.2
3603.73 0.0000 0.00   0.00   5.2  5.2
3603.74 0.0000 0.00   0.00   5.1  5.1
3603.75 0.0000 0.00   0.00   5.1  5.1
3603.76 0.0000 0.00   0.00   5.0  5.0
3603.77 0.0000 0.00   0.00   4.8  4.8
3603.78 0.0000 0.00   0.00   4.8  4.8
3603.79 0.0000 0.00   0.00   4.7  4.7
3603.80 0.0000 0.00   0.00   4.7  4.7
3603.81 0.0000 0.00   0.00   4.6  4.6
3603.82 0.0000 0.00   0.00   4.7  4.7
3603.83 0.0000 0.00   0.00   4.6  4.6
3603.84 0.0000 0.00   0.00   4.6  4.6
3603.85 0.0000 0.00   0.00   4.7  4.7
3603.86 0.0000 0.00   0.00   4.7  4.7
3603.87 0.0000 0.00   0.00   4.8  4.8
3603.88 0.0000 0.00   0.00   4.9  4.9
3603.89 0.0000 0.00   0.00   5.0  5.0
3603.90 0.0000 0.00   0.00   5.0  5.0
3603.91 0.0000 0.00   0.00   5.0  5.0
3603.92 0.0000 0.00   0.00   5.1  5.1
3603.93 0.0000 0.00   0.00   5.1  5.1
3603.94 0.0000 0.00   0.00   5.2  5.2
3603.95 0.0000 0.00   0.00   5.3  5.3
3603.96 0.0000 0.00   0.00   5.5  5.5
3603.97 0.0000 0.00   0.00   5.5  5.5
3603.98 0.0000 0.00   0.00   5.5  5.5
3603.99 0.0000 0.00   0.00   5.6  5.6
3604.00 0.0000 0.00   0.00   5.6  5.6
3604.01 0.0000 0.00   0.00   5.7  5.7
3604.02 0.0000 0.00   0.00   5.7  5.7
3604.03 0.0000 0.00   0.00   5.7  5.7
3604.04 0.0000 0.00   0.00   5.7  5.7
3604.05 0.0000 0.00   0.00   5.8  5.8
3604.06 0.0000 0.00   0.00   5.9  5.9
3604.07 0.0000 0.00   0.00   6.1  6.1
3604.08 0.0000 0.00   0.00   6.2  6.2
3604.09 0.0000 0.00   0.00   6.2  6.2
3604.10 0.0000 0.00   0.00   6.3  6.3
3604.11 0.0000 0.00   0.00   6.3  6.3
3604.12 0.0000 0.00   0.00   6.4  6.4
3604.13 0.0000 0.00   0.00   6.4  6.4
3604.14 0.0000 0.00   0.00   6.3  6.3
3604.15 0.0000 0.00   0.00   6.4  6.4
3604.16 0.0000 0.00   0.00   6.4  6.4
3604.17 0.0000 0.00   0.01   6.4  6.4
3604.18 0.0000 0.00   0.02   6.3  6.3
3604.19 0.0000 0.00   0.02   6.3  6.3
3604.20 0.0000 0.00   0.02   6.2  6.2
3604.21 0.0000 0.00   0.01   6.3  6.3
3604.22 0.0000 0.00   0.01   6.3  6.3
3604.23 0.0000 0.00   0.00   6.2  6.2
3604.24 0.0000 0.00   0.00   6.2  6.2
3604.25 0.0000 0.00   0.00   6.2  6.2
3604.26 0.0000 0.00   0.00   6.2  6.2
3604.27 0.0000 0.00   0.00   6.1  6.1
3604.28 0.0000 0.00   0.00   6.2  6.2
3604.29 0.0000 0.00   0.00   6.1  6.1
3604.30 0.0000 0.00   0.00   6.2  6.2
3604.31 0.0000 0.00   0.00   6.2  6.2
3604.32 0.0000 0.00   0.00   6.2  6.2
3604.33 0.0000 0.00   0.00   6.2  6.2
3604.34 0.0000 0.00   0.00   6.2  6.2
3604.35 0.0000 0.00   0.00   6.4  6.4
3604.36 0.0000 0.00   0.00   6.3  6.3
3604.37 0.0000 0.00   0.00   6.3  6.3
3604.38 0.0000 0.00   0.00   6.3  6.3
3604.39 0.0000 0.00   0.00   6.2  6.2
3604.40 0.0000 0.00   0.00   6.1  6.1
3604.41 0.0000 0.00   0.00   6.1  6.1
3604.42 0.0000 0.00   0.00   6.0  6.0
3604.43 0.0000 0.00   0.00   6.0  6.0
3604.44 0.0000 0.00   0.00   6.1  6.1
3604.45 0.0000 0.00   0.00   6.2  6.2
3604.46 0.0000 0.00   0.00   6.2  6.2
3604.47 0.0000 0.00   0.00   6.1  6.1
3604.48 0.0000 0.00   0.00   6.1  6.1
3604.49 0.0000 0.00   0.00   6.2  6.2
3604.50 0.0000 0.00   0.00   6.2  6.2
3604.51 0.0000 0.00   0.00   6.2  6.2
3604.52 0.0000 0.00   0.00   6.2  6.2
3604.53 0.0000 0.00   0.00   6.1  6.1
3604.54 0.0000 0.00   0.02   6.1  6.1
3604.55 0.0000 0.00   0.07   6.1  6.1
3604.56 0.0000 0.00   0.16   6.1  6.1
3604.57 0.0000 0.00   0.20   6.1  6.1
3604.58 0.0000 0.00   0.22   6.1  6.1
3604.59 0.0000 0.00   0.26   6.1  6.1
3604.60 0.0000 0.00   0.27   6.1  6.1
3604.61 0.0000 0.00   0.26   6.1  6.1
3604.62 0.0000 0.00   0.27   6.2  6.2
3604.63 0.0000 0.00   0.22   6.2  6.2
3604.64 0.0000 0.00   0.27   6.2  6.2
3604.65 0.0000 0.00   0.37   6.2  6.2
3604.66 0.0000 0.00   0.42   6.1  6.1
3604.67 0.0000 0.00   0.44   6.0  6.0
3604.68 0.0000 0.00   0.46   6.0  6.0
3604.69 0.0000 0.00   0.44   6.1  6.1
3604.70 0.0000 0.00   0.42   6.1  6.1
3604.71 0.0000 0.00   0.30   6.1  6.1
3604.72 0.0000 0.00   0.18   6.2  6.2
3604.73 0.0000 0.00   0.13   6.2  6.2
3604.74 0.0000 0.00   0.07   6.1  6.1
3604.75 0.0000 0.00   0.04   6.1  6.1
3604.76 0.0000 0.00   0.03   6.1  6.1
3604.77 0.0000 0.00   0.02   6.0  6.0
3604.78 0.0000 0.00   0.01   5.9  5.9
3604.79 0.0000 0.00   0.01   5.8  5.8
3604.80 0.0000 0.00   0.00   5.8  5.8
3604.81 0.0000 0.00   0.00   5.8  5.8
3604.82 0.0000 0.00   0.00   5.8  5.8
3604.83 0.0000 0.00   0.00   5.8  5.8
3604.84 0.0000 0.00   0.00   5.8  5.8
3604.85 0.0000 0.00   0.00   5.8  5.8
3604.86 0.0000 0.00   0.00   5.8  5.8
3604.87 0.0000 0.00   0.00   5.7  5.7
3604.88 0.0000 0.00   0.00   5.7  5.7
3604.89 0.0000 0.00   0.00   5.7  5.7
3604.90 0.0000 0.00   0.00   5.6  5.6
3604.91 0.0000 0.00   0.00   5.6  5.6
3604.92 0.0000 0.00   0.00   5.5  5.5
3604.93 0.0000 0.00   0.00   5.4  5.4
3604.94 0.0000 0.00   0.00   5.4  5.4
3604.95 0.0000 0.00   0.00   5.3  5.3
3604.96 0.0000 0.00   0.00   5.2  5.2
3604.97 0.0000 0.00   0.00   5.2  5.2
3604.98 0.0000 0.00   0.00   5.2  5.2
3604.99 0.0000 0.00   0.00   5.2  5.2
3605.00 0.0000 0.00   0.00   5.1  5.1
3605.01 0.0000 0.00   0.00   5.1  5.1
3605.02 0.0000 0.00   0.00   5.2  5.2
3605.03 0.0000 0.00   0.00   5.2  5.2
3605.04 0.0000 0.00   0.00   5.1  5.1
3605.05 0.0000 0.00   0.00   5.1  5.1
3605.06 0.0000 0.00   0.00   5.1  5.1
3605.07 0.0000 0.00   0.00   5.1  5.1
3605.08 0.0000 0.00   0.00   5.1  5.1
3605.09 0.0000 0.00   0.00   5.2  5.2
3605.10 0.0000 0.00   0.00   5.2  5.2
3605.11 0.0000 0.00   0.00   5.2  5.2
3605.12 0.0000 0.00   0.00   5.2  5.2
3605.13 0.0000 0.00   0.00   5.3  5.3
3605.14 0.0000 0.00   0.00   5.3  5.3
3605.15 0.0000 0.00   0.00   5.2  5.2
3605.16 0.0000 0.00   0.00   5.2  5.2
3605.17 0.0000 0.00   0.00   5.2  5.2
3605.18 0.0000 0.00   0.02   5.1  5.1
3605.19 0.0000 0.00   0.05   5.1  5.1
3605.20 0.0000 0.00   0.06   5.1  5.1
3605.21 0.0000 0.00   0.07   5.1  5.1
3605.22 0.0000 0.00   0.04   5.2  5.2
3605.23 0.0000 0.00   0.03   5.3  5.3
3605.24 0.0000 0.00   0.02   5.4  5.4
3605.25 0.0000 0.00   0.01   5.3  5.3
3605.26 0.0000 0.00   0.01   5.3  5.3
3605.27 0.0000 0.00   0.00   5.3  5.3
3605.28 0.0000 0.00   0.00   5.3  5.3
3605.29 0.0000 0.00   0.00   5.4  5.4
3605.30 0.0000 0.00   0.00   5.5  5.5
3605.31 0.0000 0.00   0.00   5.5  5.5
3605.32 0.0000 0.00   0.00   5.6  5.6
3605.33 0.0000 0.00   0.00   5.6  5.6
3605.34 0.0000 0.00   0.00   5.5  5.5
3605.35 0.0000 0.00   0.00   5.4  5.4
3605.36 0.0000 0.00   0.03   5.4  5.4
3605.37 0.0000 0.00   0.13   5.3  5.3
3605.38 0.0000 0.00   0.19   5.3  5.3
3605.39 0.0000 0.00   0.25   5.2  5.2
3605.40 0.0000 0.00   0.32   5.1  5.1
3605.41 0.0000 0.00   0.37   5.1  5.1
3605.42 0.0000 0.00   0.37   4.9  4.9
3605.43 0.0000 0.00   0.42   4.8  4.8
3605.44 0.0000 0.00   0.44   4.7  4.7
3605.45 0.0000 0.00   0.45   4.7  4.7
3605.46 0.0000 0.00   0.48   4.6  4.6
3605.47 0.0000 0.00   0.48   4.6  4.6
3605.48 0.0000 0.00   0.48   4.6  4.6
3605.49 0.0000 0.00   0.44   4.6  4.6
3605.50 0.0000 0.00   0.37   4.5  4.5
3605.51 0.0000 0.00   0.30   4.5  4.5
3605.52 0.0000 0.00   0.27   4.5  4.5
3605.53 0.0000 0.00   0.27   4.5  4.5
3605.54 0.0000 0.00   0.33   4.4  4.4
3605.55 0.0000 0.00   0.37   4.3  4.3
3605.56 0.0000 0.00   0.38   4.3  4.3
3605.57 0.0000 0.00   0.38   4.2  4.2
3605.58 0.0000 0.00   0.28   4.3  4.3
3605.59 0.0000 0.00   0.22   4.3  4.3
3605.60 0.0000 0.00   0.13   4.4  4.4
3605.61 0.0000 0.00   0.07   4.4  4.4
3605.62 0.0000 0.00   0.04   4.4  4.4
3605.63 0.0000 0.00   0.03   4.4  4.4
3605.64 0.0000 0.00   0.04   4.3  4.3
3605.65 0.0000 0.00   0.06   4.2  4.2
3605.66 0.0000 0.00   0.05   4.3  4.3
3605.67 0.0000 0.00   0.04   4.3  4.3
3605.68 0.0000 0.00   0.02   4.5  4.5
3605.69 0.0000 0.00   0.01   4.6  4.6
3605.70 0.0000 0.00   0.01   4.7  4.7
3605.71 0.0000 0.00   0.01   4.7  4.7
3605.72 0.0000 0.00   0.00   4.8  4.8
3605.73 0.0000 0.00   0.00   4.8  4.8
3605.74 0.0000 0.00   0.00   4.9  4.9
3605.75 0.0000 0.00   0.00   5.1  5.1
3605.76 0.0000 0.00   0.00   5.1  5.1
3605.77 0.0000 0.00   0.00   5.0  5.0
3605.78 0.0000 0.00   0.00   5.1  5.1
3605.79 0.0000 0.00   0.00   5.1  5.1
3605.80 0.0000 0.00   0.00   5.1  5.1
3605.81 0.0000 0.00   0.00   5.2  5.2
3605.82 0.0000 0.00   0.00   5.2  5.2
3605.83 0.0000 0.00   0.00   5.2  5.2
3605.84 0.0000 0.00   0.00   5.3  5.3
3605.85 0.0000 0.00   0.00   5.3  5.3
3605.86 0.0000 0.02   0.00   5.3  5.2
3605.87 0.0000 0.01   0.00   5.5  5.4
3605.88 0.0000 0.01   0.00   5.5  5.4
3605.89 0.0000 0.01   0.00   5.5  5.5
3605.90 0.0000 0.00   0.00   5.4  5.4
3605.91 0.0000 0.00   0.00   5.3  5.3
3605.92 0.0000 0.01   0.00   5.4  5.4
3605.93 0.0000 0.01   0.00   5.4  5.4
3605.94 0.0000 0.01   0.00   5.4  5.4
3605.95 0.0000 0.00   0.00   5.5  5.4
3605.96 0.0000 0.00   0.00   5.5  5.5
3605.97 0.0000 0.00   0.00   5.5  5.5
3605.98 0.0000 0.00   0.00   5.4  5.4
3605.99 0.0000 0.00   0.00   5.4  5.4
3606.00 0.0000 0.00   0.00   5.2  5.2
3606.01 0.0000 0.00   0.00   5.2  5.2
3606.02 0.0000 0.00   0.00   5.2  5.2
3606.03 0.0000 0.00   0.00   5.2  5.2
3606.04 0.0000 0.00   0.00   5.3  5.2
3606.05 0.0000 0.00   0.00   5.3  5.3
3606.06 0.0000 0.00   0.00   5.3  5.3
3606.07 0.0001 0.00   0.00   5.3  5.3
3606.08 0.0001 0.00   0.00   5.2  5.2
3606.09 0.0001 0.00   0.00   5.2  5.2
3606.10 0.0001 0.00   0.00   5.3  5.3
3606.11 0.0002 0.00   0.00   5.3  5.3
3606.12 0.0005 0.00   0.00   5.2  5.2
3606.13 0.0005 0.00   0.00   5.2  5.2
3606.14 0.0005 0.00   0.01   5.1  5.1
3606.15 0.0003 0.00   0.07   5.1  5.1
3606.16 0.0002 0.00   0.18   5.0  5.0
3606.17 0.0001 0.00   0.23   5.0  5.0
3606.18 0.0001 0.00   0.27   4.9  4.9
3606.19 0.0000 0.00   0.33   4.9  4.9
3606.20 0.0000 0.00   0.37   4.8  4.8
3606.21 0.0001 0.00   0.37   4.8  4.8
3606.22 0.0001 0.00   0.40   4.8  4.8
3606.23 0.0002 0.00   0.46   4.7  4.7
3606.24 0.0002 0.00   0.51   4.7  4.7
3606.25 0.0003 0.00   0.54   4.6  4.6
3606.26 0.0004 0.00   0.56   4.6  4.6
3606.27 0.0004 0.00   0.57   4.7  4.7
3606.28 0.0004 0.00   0.58   4.7  4.7
3606.29 0.0006 0.00   0.55   4.7  4.7
3606.30 0.0008 0.00   0.46   4.7  4.7
3606.31 0.0010 0.00   0.29   4.9  4.9
3606.32 0.0012 0.00   0.23   4.9  4.9
3606.33 0.0012 0.00   0.21   4.9  4.9
3606.34 0.0009 0.00   0.35   4.9  4.9
3606.35 0.0008 0.00   0.39   4.9  4.9
3606.36 0.0006 0.00   0.39   4.9  4.9
3606.37 0.0007 0.00   0.48   4.8  4.8
3606.38 0.0008 0.00   0.49   4.8  4.8
3606.39 0.0008 0.00   0.50   4.8  4.8
3606.40 0.0008 0.00   0.54   4.8  4.8
3606.41 0.0010 0.00   0.60   4.7  4.7
3606.42 0.0009 0.00   0.63   4.7  4.7
3606.43 0.0008 0.00   0.68   4.7  4.7
3606.44 0.0009 0.00   0.73   4.7  4.7
3606.45 0.0012 0.00   0.69   4.8  4.8
3606.46 0.0013 0.00   0.70   4.9  4.9
3606.47 0.0016 0.00   0.69   4.9  4.9
3606.48 0.0018 0.00   0.68   5.0  5.0
3606.49 0.0018 0.00   0.63   5.1  5.1
3606.50 0.0018 0.00   0.62   5.1  5.1
3606.51 0.0016 0.00   0.61   5.2  5.2
3606.52 0.0015 0.00   0.62   5.2  5.2
3606.53 0.0015 0.00   0.62   5.2  5.2
3606.54 0.0014 0.00   0.57   5.1  5.1
3606.55 0.0011 0.00   0.60   5.2  5.2
3606.56 0.0009 0.00   0.65   5.3  5.3
3606.57 0.0009 0.00   0.70   5.2  5.2
3606.58 0.0008 0.00   0.76   5.2  5.2
3606.59 0.0008 0.00   0.84   5.2  5.2
3606.60 0.0008 0.00   0.85   5.2  5.2
3606.61 0.0008 0.00   0.90   5.1  5.1
3606.62 0.0007 0.00   0.98   5.1  5.1
3606.63 0.0005 0.00   1.04   5.1  5.1
3606.64 0.0004 0.00   1.04   5.2  5.2
3606.65 0.0003 0.00   0.88   5.3  5.3
3606.66 0.0004 0.00   0.74   5.2  5.2
3606.67 0.0003 0.00   0.65   5.2  5.2
3606.68 0.0003 0.00   0.57   5.3  5.3
3606.69 0.0002 0.00   0.48   5.3  5.3
3606.70 0.0001 0.00   0.44   5.4  5.4
3606.71 0.0001 0.00   0.40   5.5  5.5
3606.72 0.0001 0.00   0.31   5.5  5.5
3606.73 0.0001 0.00   0.24   5.4  5.4
3606.74 0.0001 0.00   0.21   5.5  5.5
3606.75 0.0001 0.00   0.20   5.5  5.5
3606.76 0.0000 0.00   0.30   5.5  5.5
3606.77 0.0000 0.00   0.38   5.4  5.4
3606.78 0.0000 0.00   0.35   5.4  5.4
3606.79 0.0000 0.00   0.36   5.4  5.4
3606.80 0.0000 0.00   0.40   5.3  5.3
3606.81 0.0000 0.00   0.40   5.3  5.3
3606.82 0.0000 0.00   0.36   5.3  5.3
3606.83 0.0000 0.00   0.35   5.3  5.3
3606.84 0.0000 0.00   0.45   5.2  5.2
3606.85 0.0000 0.00   0.56   5.2  5.2
3606.86 0.0000 0.00   0.64   5.2  5.2
3606.87 0.0000 0.00   0.72   5.2  5.2
3606.88 0.0000 0.00   0.72   5.2  5.2
3606.89 0.0000 0.00   0.72   5.2  5.2
3606.90 0.0002 0.00   0.65   5.2  5.2
3606.91 0.0005 0.00   0.53   5.2  5.2
3606.92 0.0009 0.00   0.40   5.2  5.2
3606.93 0.0012 0.00   0.36   5.2  5.2
3606.94 0.0014 0.00   0.36   5.1  5.1
3606.95 0.0017 0.00   0.32   5.0  5.0
3606.96 0.0018 0.00   0.33   5.1  5.1
3606.97 0.0019 0.00   0.33   5.1  5.1
3606.98 0.0020 0.00   0.41   5.1  5.1
3606.99 0.0021 0.00   0.44   5.1  5.1
3607.00 0.0021 0.00   0.48   5.0  5.0
3607.01 0.0022 0.00   0.57   4.9  4.9
3607.02 0.0022 0.00   0.61   5.0  5.0
3607.03 0.0022 0.00   0.60   5.0  5.0
3607.04 0.0023 0.00   0.57   4.9  4.9
3607.05 0.0023 0.00   0.49   5.0  5.0
3607.06 0.0024 0.00   0.36   5.1  5.1
3607.07 0.0023 0.00   0.32   5.0  5.0
3607.08 0.0023 0.00   0.28   5.0  5.0
3607.09 0.0022 0.00   0.25   4.9  4.9
3607.10 0.0018 0.00   0.26   5.0  5.0
3607.11 0.0017 0.00   0.26   4.9  4.9
3607.12 0.0015 0.00   0.27   4.9  4.9
3607.13 0.0012 0.00   0.16   5.0  5.0
3607.14 0.0010 0.00   0.09   5.1  5.1
3607.15 0.0009 0.00   0.07   5.1  5.1
3607.16 0.0006 0.00   0.04   5.2  5.2
3607.17 0.0004 0.00   0.02   5.2  5.2
3607.18 0.0003 0.00   0.02   5.1  5.1
3607.19 0.0002 0.00   0.01   5.2  5.2
3607.20 0.0001 0.00   0.01   5.3  5.3
3607.21 0.0000 0.00   0.01   5.3  5.3
3607.22 0.0000 0.00   0.03   5.3  5.3
3607.23 0.0000 0.00   0.07   5.3  5.3
3607.24 0.0000 0.00   0.14   5.3  5.3
3607.25 0.0000 0.00   0.19   5.2  5.2
3607.26 0.0000 0.00   0.27   5.3  5.3
3607.27 0.0000 0.00   0.33   5.4  5.4
3607.28 0.0000 0.00   0.37   5.5  5.5
3607.29 0.0000 0.00   0.39   5.4  5.4
3607.30 0.0000 0.00   0.37   5.4  5.4
3607.31 0.0000 0.00   0.30   5.4  5.4
3607.32 0.0000 0.00   0.25   5.5  5.5
3607.33 0.0000 0.00   0.20   5.5  5.5
3607.34 0.0000 0.00   0.12   5.6  5.6
3607.35 0.0000 0.00   0.07   5.6  5.6
3607.36 0.0000 0.00   0.05   5.6  5.6
3607.37 0.0000 0.00   0.03   5.7  5.7
3607.38 0.0000 0.00   0.02   5.7  5.7
3607.39 0.0000 0.00   0.03   5.6  5.6
3607.40 0.0000 0.00   0.05   5.6  5.6
3607.41 0.0000 0.00   0.11   5.8  5.8
3607.42 0.0000 0.00   0.09   5.9  5.9
3607.43 0.0000 0.00   0.07   5.9  5.9
3607.44 0.0000 0.00   0.08   6.0  6.0
3607.45 0.0000 0.00   0.18   6.0  6.0
3607.46 0.0000 0.00   0.20   6.0  6.0
3607.47 0.0000 0.00   0.17   6.0  6.0
3607.48 0.0000 0.00   0.13   6.0  6.0
3607.49 0.0000 0.00   0.07   6.1  6.1
3607.50 0.0000 0.00   0.04   6.0  6.0
3607.51 0.0000 0.00   0.03   6.0  6.0
3607.52 0.0000 0.00   0.02   5.9  5.9
3607.53 0.0000 0.00   0.01   5.8  5.8
3607.54 0.0000 0.00   0.01   5.7  5.7
3607.55 0.0000 0.00   0.00   5.6  5.6
3607.56 0.0000 0.00   0.00   5.7  5.7
3607.57 0.0000 0.00   0.00   5.6  5.6
3607.58 0.0000 0.00   0.00   5.5  5.5
3607.59 0.0000 0.00   0.00   5.4  5.4
3607.60 0.0000 0.00   0.00   5.4  5.4
3607.61 0.0000 0.00   0.00   5.4  5.4
3607.62 0.0000 0.00   0.00   5.4  5.4
3607.63 0.0000 0.00   0.00   5.4  5.4
3607.64 0.0000 0.00   0.00   5.3  5.3
3607.65 0.0000 0.00   0.00   5.3  5.3
3607.66 0.0000 0.00   0.00   5.3  5.3
3607.67 0.0000 0.00   0.00   5.3  5.3
3607.68 0.0000 0.00   0.00   5.4  5.4
3607.69 0.0000 0.00   0.00   5.4  5.4
3607.70 0.0000 0.00   0.00   5.4  5.4
3607.71 0.0000 0.00   0.00   5.5  5.5
3607.72 0.0000 0.00   0.00   5.6  5.6
3607.73 0.0000 0.00   0.00   5.6  5.6
3607.74 0.0000 0.00   0.00   5.6  5.6
3607.75 0.0000 0.00   0.00   5.5  5.5
3607.76 0.0000 0.00   0.00   5.5  5.5
3607.77 0.0000 0.00   0.00   5.4  5.4
3607.78 0.0000 0.00   0.00   5.4  5.4
3607.79 0.0000 0.00   0.00   5.4  5.4
3607.80 0.0000 0.00   0.00   5.4  5.4
3607.81 0.0000 0.00   0.00   5.4  5.4
3607.82 0.0000 0.00   0.00   5.4  5.4
3607.83 0.0000 0.00   0.00   5.4  5.4
3607.84 0.0000 0.00   0.00   5.5  5.5
3607.85 0.0000 0.00   0.00   5.5  5.5
3607.86 0.0000 0.00   0.00   5.6  5.6
3607.87 0.0000 0.00   0.00   5.6  5.6
3607.88 0.0000 0.00   0.00   5.6  5.6
3607.89 0.0000 0.00   0.00   5.6  5.6
3607.90 0.0000 0.00   0.00   5.6  5.6
3607.91 0.0000 0.00   0.00   5.7  5.7
3607.92 0.0000 0.00   0.00   5.7  5.7
3607.93 0.0000 0.00   0.00   5.7  5.7
3607.94 0.0000 0.00   0.00   5.7  5.7
3607.95 0.0000 0.00   0.02   5.8  5.8
3607.96 0.0000 0.00   0.02   5.8  5.8
3607.97 0.0000 0.00   0.09   5.8  5.8
3607.98 0.0000 0.00   0.11   5.8  5.8
3607.99 0.0000 0.00   0.16   5.8  5.8
3608.00 0.0000 0.00   0.26   5.7  5.7
3608.01 0.0000 0.00   0.31   5.7  5.7
3608.02 0.0000 0.00   0.36   5.6  5.6
3608.03 0.0000 0.00   0.33   5.5  5.5
3608.04 0.0000 0.00   0.32   5.4  5.4
3608.05 0.0000 0.00   0.29   5.4  5.4
3608.06 0.0001 0.00   0.23   5.4  5.4
3608.07 0.0001 0.00   0.15   5.5  5.5
3608.08 0.0002 0.00   0.11   5.5  5.5
3608.09 0.0002 0.00   0.06   5.6  5.6
3608.10 0.0002 0.00   0.04   5.6  5.6
3608.11 0.0002 0.00   0.02   5.5  5.5
3608.12 0.0003 0.00   0.02   5.5  5.5
3608.13 0.0003 0.00   0.01   5.4  5.4
3608.14 0.0004 0.00   0.00   5.4  5.4
3608.15 0.0005 0.00   0.00   5.4  5.4
3608.16 0.0006 0.00   0.00   5.4  5.4
3608.17 0.0006 0.00   0.00   5.4  5.4
3608.18 0.0005 0.00   0.00   5.5  5.5
3608.19 0.0006 0.00   0.00   5.4  5.4
3608.20 0.0005 0.00   0.00   5.4  5.4
3608.21 0.0004 0.00   0.00   5.5  5.5
3608.22 0.0002 0.00   0.00   5.5  5.5
3608.23 0.0002 0.00   0.00   5.5  5.5
3608.24 0.0001 0.00   0.00   5.6  5.6
3608.25 0.0001 0.00   0.00   5.7  5.7
3608.26 0.0000 0.00   0.00   5.7  5.7
3608.27 0.0000 0.00   0.00   5.7  5.7
3608.28 0.0000 0.00   0.00   5.7  5.7
3608.29 0.0000 0.00   0.00   5.5  5.5
3608.30 0.0000 0.00   0.00   5.5  5.5
3608.31 0.0000 0.00   0.00   5.4  5.4
3608.32 0.0000 0.00   0.00   5.4  5.4
3608.33 0.0000 0.00   0.00   5.4  5.4
3608.34 0.0000 0.00   0.00   5.4  5.4
3608.35 0.0000 0.00   0.00   5.5  5.5
3608.36 0.0000 0.00   0.00   5.5  5.5
3608.37 0.0000 0.00   0.00   5.4  5.4
3608.38 0.0000 0.00   0.00   5.3  5.3
3608.39 0.0000 0.00   0.02   5.3  5.3
3608.40 0.0000 0.00   0.12   5.3  5.3
3608.41 0.0000 0.00   0.19   5.3  5.3
3608.42 0.0000 0.00   0.32   5.3  5.3
3608.43 0.0000 0.00   0.43   5.3  5.3
3608.44 0.0000 0.00   0.55   5.3  5.3
3608.45 0.0000 0.00   0.62   5.3  5.3
3608.46 0.0000 0.00   0.74   5.3  5.3
3608.47 0.0000 0.00   0.85   5.3  5.3
3608.48 0.0000 0.00   0.90   5.3  5.3
3608.49 0.0000 0.00   1.01   5.3  5.3
3608.50 0.0000 0.00   1.07   5.2  5.2
3608.51 0.0000 0.00   1.08   5.1  5.1
3608.52 0.0000 0.00   1.08   5.1  5.1
3608.53 0.0000 0.00   1.11   4.9  4.9
3608.54 0.0000 0.00   1.12   4.9  4.9
3608.55 0.0000 0.00   1.12   4.8  4.8
3608.56 0.0001 0.00   1.09   4.7  4.7
3608.57 0.0001 0.00   1.05   4.7  4.7
3608.58 0.0002 0.00   1.03   4.6  4.6
3608.59 0.0002 0.00   0.99   4.6  4.6
3608.60 0.0004 0.00   0.85   4.7  4.7
3608.61 0.0003 0.00   0.79   4.7  4.7
3608.62 0.0002 0.00   0.91   4.8  4.8
3608.63 0.0001 0.00   0.95   4.8  4.8
3608.64 0.0001 0.00   1.02   4.8  4.8
3608.65 0.0000 0.00   1.06   4.7  4.7
3608.66 0.0001 0.00   1.07   4.7  4.7
3608.67 0.0001 0.00   1.02   4.7  4.7
3608.68 0.0000 0.00   0.90   4.6  4.6
3608.69 0.0000 0.00   0.77   4.7  4.7
3608.70 0.0000 0.00   0.69   4.7  4.7
3608.71 0.0000 0.00   0.63   4.6  4.6
3608.72 0.0000 0.00   0.57   4.6  4.6
3608.73 0.0000 0.00   0.52   4.6  4.6
3608.74 0.0000 0.00   0.43   4.5  4.5
3608.75 0.0000 0.00   0.33   4.6  4.6
3608.76 0.0000 0.00   0.19   4.6  4.6
3608.77 0.0000 0.00   0.15   4.6  4.6
3608.78 0.0000 0.00   0.08   4.6  4.6
3608.79 0.0000 0.00   0.05   4.7  4.7
3608.80 0.0000 0.00   0.03   4.6  4.6
3608.81 0.0000 0.00   0.02   4.7  4.7
3608.82 0.0000 0.00   0.01   4.7  4.7
3608.83 0.0000 0.00   0.01   4.8  4.8
3608.84 0.0000 0.00   0.00   4.8  4.8
3608.85 0.0000 0.00   0.00   4.9  4.9
3608.86 0.0000 0.00   0.00   4.8  4.8
3608.87 0.0000 0.00   0.00   4.9  4.9
3608.88 0.0000 0.00   0.00   4.9  4.9
3608.89 0.0000 0.00   0.00   5.0  5.0
3608.90 0.0000 0.00   0.00   5.0  5.0
3608.91 0.0000 0.00   0.00   5.1  5.1
3608.92 0.0000 0.00   0.00   5.2  5.2
3608.93 0.0000 0.00   0.00   5.2  5.2
3608.94 0.0000 0.00   0.00   5.3  5.3
3608.95 0.0000 0.00   0.00   5.3  5.3
3608.96 0.0000 0.01   0.00   5.4  5.3
3608.97 0.0000 0.03   0.00   5.4  5.3
3608.98 0.0000 0.01   0.00   5.5  5.4
3608.99 0.0000 0.01   0.00   5.5  5.5
3609.00 0.0000 0.05   0.00   5.6  5.3
3609.01 0.0000 0.06   0.00   5.6  5.3
3609.02 0.0000 0.05   0.00   5.7  5.5
3609.03 0.0000 0.10   0.00   5.7  5.2
3609.04 0.0000 0.10   0.00   5.8  5.3
3609.05 0.0000 0.06   0.00   5.9  5.6
3609.06 0.0000 0.04   0.00   5.9  5.7
3609.07 0.0000 0.02   0.00   5.9  5.8
3609.08 0.0000 0.01   0.00   5.9  5.8
3609.09 0.0000 0.01   0.00   5.8  5.8
3609.10 0.0000 0.02   0.00   5.9  5.8
3609.11 0.0000 0.03   0.00   5.9  5.7
3609.12 0.0000 0.02   0.00   5.9  5.8
3609.13 0.0000 0.02   0.00   5.8  5.7
3609.14 0.0000 0.01   0.00   5.8  5.8
3609.15 0.0000 0.00   0.00   5.8  5.8
3609.16 0.0000 0.04   0.00   5.9  5.7
3609.17 0.0000 0.05   0.00   5.9  5.6
3609.18 0.0000 0.05   0.00   5.8  5.6
3609.19 0.0000 0.20   0.00   5.7  4.7
3609.20 0.0000 0.26   0.01   5.7  4.5
3609.21 0.0000 0.28   0.05   5.7  4.4
3609.22 0.0000 0.31   0.06   5.7  4.2
3609.23 0.0000 0.31   0.03   5.7  4.2
3609.24 0.0000 0.29   0.03   5.7  4.3
3609.25 0.0000 0.22   0.05   5.7  4.6
3609.26 0.0000 0.14   0.11   5.6  4.9
3609.27 0.0000 0.12   0.23   5.5  4.9
3609.28 0.0000 0.13   0.25   5.6  5.0
3609.29 0.0000 0.18   0.35   5.5  4.6
3609.30 0.0000 0.20   0.42   5.5  4.5
3609.31 0.0000 0.21   0.42   5.5  4.4
3609.32 0.0000 0.13   0.48   5.4  4.7
3609.33 0.0000 0.07   0.52   5.3  4.9
3609.34 0.0000 0.04   0.57   5.3  5.0
3609.35 0.0000 0.03   0.60   5.2  5.1
3609.36 0.0000 0.02   0.61   5.3  5.2
3609.37 0.0000 0.01   0.62   5.2  5.2
3609.38 0.0000 0.01   0.59   5.1  5.1
3609.39 0.0000 0.00   0.61   5.2  5.1
3609.40 0.0000 0.00   0.56   5.2  5.2
3609.41 0.0000 0.00   0.50   5.1  5.1
3609.42 0.0000 0.00   0.50   5.1  5.0
3609.43 0.0000 0.00   0.56   5.0  5.0
3609.44 0.0000 0.00   0.55   5.0  5.0
3609.45 0.0000 0.00   0.53   5.0  5.0
3609.46 0.0000 0.00   0.56   5.0  5.0
3609.47 0.0000 0.00   0.62   4.9  4.9
3609.48 0.0000 0.00   0.59   4.9  4.9
3609.49 0.0000 0.00   0.56   5.0  5.0
3609.50 0.0000 0.00   0.46   5.1  5.1
3609.51 0.0000 0.00   0.39   5.1  5.1
3609.52 0.0000 0.00   0.32   5.0  5.0
3609.53 0.0000 0.00   0.30   5.0  5.0
3609.54 0.0000 0.00   0.35   4.9  4.9
3609.55 0.0000 0.00   0.41   4.9  4.9
3609.56 0.0000 0.00   0.40   4.9  4.9
3609.57 0.0000 0.00   0.34   4.8  4.8
3609.58 0.0001 0.00   0.28   4.9  4.9
3609.59 0.0005 0.00   0.18   4.8  4.8
3609.60 0.0008 0.00   0.14   4.9  4.9
3609.61 0.0011 0.00   0.08   4.9  4.9
3609.62 0.0012 0.00   0.07   4.9  4.9
3609.63 0.0012 0.00   0.05   5.0  5.0
3609.64 0.0012 0.00   0.05   5.0  5.0
3609.65 0.0011 0.00   0.05   5.0  5.0
3609.66 0.0010 0.00   0.06   5.0  5.0
3609.67 0.0009 0.00   0.08   5.0  5.0
3609.68 0.0010 0.00   0.11   4.9  4.9
3609.69 0.0008 0.00   0.19   4.8  4.8
3609.70 0.0006 0.00   0.15   4.8  4.8
3609.71 0.0005 0.00   0.11   4.8  4.8
3609.72 0.0003 0.00   0.06   4.8  4.8
3609.73 0.0002 0.00   0.04   4.9  4.9
3609.74 0.0001 0.00   0.02   4.9  4.8
3609.75 0.0001 0.00   0.02   4.9  4.9
3609.76 0.0000 0.06   0.01   5.0  4.6
3609.77 0.0000 0.08   0.00   5.0  4.6
3609.78 0.0000 0.07   0.00   5.1  4.7
3609.79 0.0000 0.04   0.00   5.1  4.9
3609.80 0.0000 0.03   0.00   5.1  5.0
3609.81 0.0000 0.01   0.01   5.1  5.0
3609.82 0.0000 0.01   0.03   5.1  5.0
3609.83 0.0000 0.01   0.06   5.0  5.0
3609.84 0.0000 0.00   0.04   5.1  5.1
3609.85 0.0000 0.00   0.03   5.1  5.1
3609.86 0.0000 0.00   0.02   5.1  5.1
3609.87 0.0000 0.00   0.01   5.1  5.1
3609.88 0.0000 0.00   0.00   5.1  5.1
3609.89 0.0000 0.00   0.00   5.1  5.1
3609.90 0.0000 0.00   0.00   5.1  5.1
3609.91 0.0000 0.00   0.00   5.1  5.1
3609.92 0.0000 0.00   0.00   5.1  5.1
3609.93 0.0000 0.00   0.00   5.1  5.1
3609.94 0.0000 0.03   0.00   5.1  4.9
3609.95 0.0000 0.07   0.00   5.1  4.7
3609.96 0.0000 0.06   0.00   5.1  4.8
3609.97 0.0000 0.05   0.00   5.1  4.8
3609.98 0.0000 0.06   0.00   5.1  4.7
3609.99 0.0000 0.04   0.00   5.1  4.9
3610.00 0.0000 0.03   0.00   5.2  5.0
3610.01 0.0000 0.02   0.00   5.3  5.3
3610.02 0.0000 0.01   0.00   5.3  5.3
3610.03 0.0000 0.01   0.00   5.3  5.3
3610.04 0.0000 0.00   0.00   5.3  5.3
3610.05 0.0000 0.00   0.00   5.3  5.3
3610.06 0.0000 0.00   0.00   5.4  5.4
3610.07 0.0000 0.00   0.00   5.4  5.4
3610.08 0.0000 0.00   0.00   5.5  5.5
3610.09 0.0000 0.00   0.00   5.5  5.5
3610.10 0.0000 0.00   0.00   5.5  5.5
3610.11 0.0000 0.00   0.00   5.5  5.5
3610.12 0.0000 0.00   0.00   5.5  5.5
3610.13 0.0000 0.00   0.00   5.4  5.4
3610.14 0.0000 0.00   0.00   5.5  5.5
3610.15 0.0000 0.00   0.00   5.4  5.4
3610.16 0.0000 0.00   0.00   5.5  5.5
3610.17 0.0000 0.00   0.00   5.5  5.5
3610.18 0.0000 0.00   0.00   5.5  5.5
3610.19 0.0000 0.00   0.00   5.5  5.5
3610.20 0.0000 0.00   0.00   5.4  5.4
3610.21 0.0000 0.02   0.00   5.4  5.3
3610.22 0.0000 0.01   0.00   5.3  5.2
3610.23 0.0000 0.01   0.00   5.2  5.2
3610.24 0.0000 0.00   0.00   5.1  5.1
3610.25 0.0000 0.00   0.00   5.1  5.0
3610.26 0.0000 0.00   0.00   5.1  5.0
3610.27 0.0000 0.00   0.00   5.0  5.0
3610.28 0.0000 0.00   0.00   5.0  5.0
3610.29 0.0000 0.00   0.00   5.0  4.9
3610.30 0.0000 0.00   0.00   4.9  4.9
3610.31 0.0000 0.00   0.00   4.9  4.9
3610.32 0.0000 0.00   0.00   4.9  4.9
3610.33 0.0000 0.00   0.00   5.0  5.0
3610.34 0.0000 0.00   0.00   5.1  5.1
3610.35 0.0000 0.00   0.00   5.1  5.1
3610.36 0.0000 0.00   0.00   5.1  5.1
3610.37 0.0000 0.00   0.00   5.1  5.1
3610.38 0.0000 0.00   0.00   5.1  5.1
3610.39 0.0000 0.00   0.00   5.1  5.1
3610.40 0.0000 0.00   0.00   5.1  5.1
3610.41 0.0000 0.00   0.00   5.0  5.0
3610.42 0.0002 0.00   0.00   4.9  4.9
3610.43 0.0003 0.00   0.00   4.9  4.9
3610.44 0.0003 0.00   0.00   4.9  4.9
3610.45 0.0002 0.00   0.00   4.9  4.9
3610.46 0.0002 0.00   0.00   4.9  4.9
3610.47 0.0003 0.00   0.00   4.8  4.8
3610.48 0.0004 0.00   0.00   4.8  4.8
3610.49 0.0006 0.00   0.00   4.8  4.8
3610.50 0.0008 0.00   0.00   4.8  4.8
3610.51 0.0010 0.00   0.00   4.8  4.8
3610.52 0.0012 0.00   0.00   4.9  4.9
3610.53 0.0012 0.00   0.00   4.9  4.9
3610.54 0.0011 0.00   0.00   4.9  4.9
3610.55 0.0011 0.00   0.00   5.0  5.0
3610.56 0.0012 0.00   0.00   5.0  5.0
3610.57 0.0011 0.00   0.00   5.1  5.1
3610.58 0.0012 0.00   0.02   5.1  5.1
3610.59 0.0012 0.00   0.07   5.2  5.2
3610.60 0.0010 0.00   0.13   5.3  5.3
3610.61 0.0010 0.00   0.17   5.4  5.4
3610.62 0.0011 0.00   0.29   5.4  5.4
3610.63 0.0013 0.00   0.38   5.4  5.4
3610.64 0.0014 0.00   0.41   5.3  5.3
3610.65 0.0014 0.00   0.40   5.3  5.3
3610.66 0.0014 0.02   0.41   5.4  5.3
3610.67 0.0013 0.06   0.38   5.4  5.1
3610.68 0.0013 0.08   0.35   5.4  5.0
3610.69 0.0013 0.05   0.41   5.2  5.0
3610.70 0.0017 0.04   0.44   5.1  4.9
3610.71 0.0018 0.03   0.48   5.1  5.0
3610.72 0.0017 0.02   0.49   5.1  5.0
3610.73 0.0018 0.05   0.44   5.2  5.0
3610.74 0.0018 0.08   0.38   5.2  4.8
3610.75 0.0018 0.10   0.37   5.2  4.7
3610.76 0.0019 0.07   0.37   5.2  4.9
3610.77 0.0018 0.08   0.31   5.3  4.9
3610.78 0.0017 0.09   0.25   5.3  4.9
3610.79 0.0017 0.11   0.23   5.3  4.8
3610.80 0.0016 0.12   0.23   5.2  4.6
3610.81 0.0012 0.07   0.23   5.3  5.0
3610.82 0.0010 0.04   0.33   5.3  5.1
3610.83 0.0009 0.03   0.37   5.3  5.2
3610.84 0.0007 0.02   0.38   5.4  5.3
3610.85 0.0005 0.01   0.37   5.4  5.4
3610.86 0.0003 0.01   0.34   5.5  5.4
3610.87 0.0002 0.00   0.24   5.4  5.4
3610.88 0.0001 0.00   0.15   5.4  5.4
3610.89 0.0001 0.00   0.16   5.4  5.4
3610.90 0.0000 0.00   0.17   5.4  5.4
3610.91 0.0000 0.00   0.13   5.3  5.3
3610.92 0.0000 0.00   0.11   5.3  5.3
3610.93 0.0000 0.00   0.12   5.2  5.2
3610.94 0.0000 0.00   0.14   5.2  5.2
3610.95 0.0000 0.00   0.18   5.2  5.2
3610.96 0.0000 0.00   0.20   5.1  5.1
3610.97 0.0000 0.00   0.17   5.1  5.1
3610.98 0.0000 0.00   0.11   5.1  5.1
3610.99 0.0000 0.00   0.06   5.1  5.1
3611.00 0.0000 0.00   0.03   5.2  5.2
3611.01 0.0000 0.00   0.03   5.2  5.2
3611.02 0.0000 0.00   0.01   5.2  5.2
3611.03 0.0000 0.00   0.01   5.2  5.2
3611.04 0.0000 0.00   0.01   5.2  5.2
3611.05 0.0000 0.00   0.00   5.2  5.2
3611.06 0.0000 0.00   0.00   5.2  5.2
3611.07 0.0000 0.00   0.00   5.2  5.2
3611.08 0.0000 0.00   0.00   5.3  5.3
3611.09 0.0000 0.00   0.00   5.3  5.3
3611.10 0.0000 0.00   0.00   5.3  5.3
3611.11 0.0000 0.00   0.00   5.3  5.3
3611.12 0.0000 0.00   0.00   5.2  5.2
3611.13 0.0000 0.00   0.00   5.3  5.3
3611.14 0.0000 0.00   0.00   5.3  5.3
3611.15 0.0000 0.00   0.00   5.1  5.1
3611.16 0.0000 0.00   0.00   5.1  5.1
3611.17 0.0000 0.00   0.00   5.0  5.0
3611.18 0.0000 0.00   0.00   5.0  5.0
3611.19 0.0000 0.00   0.00   5.0  5.0
3611.20 0.0000 0.00   0.00   4.9  4.9
3611.21 0.0000 0.00   0.00   4.9  4.9
3611.22 0.0000 0.00   0.00   4.8  4.8
3611.23 0.0000 0.00   0.00   4.8  4.8
3611.24 0.0000 0.00   0.00   4.7  4.7
3611.25 0.0000 0.00   0.00   4.7  4.7
3611.26 0.0000 0.00   0.00   4.7  4.7
3611.27 0.0000 0.00   0.00   4.6  4.6
3611.28 0.0000 0.00   0.00   4.6  4.6
3611.29 0.0000 0.00   0.00   4.7  4.7
3611.30 0.0000 0.00   0.00   4.7  4.7
3611.31 0.0000 0.02   0.00   4.8  4.7
3611.32 0.0000 0.01   0.00   4.8  4.7
3611.33 0.0000 0.01   0.00   4.8  4.7
3611.34 0.0000 0.01   0.01   4.8  4.7
3611.35 0.0000 0.00   0.00   4.7  4.7
3611.36 0.0000 0.00   0.00   4.7  4.6
3611.37 0.0000 0.00   0.00   4.6  4.6
3611.38 0.0000 0.00   0.03   4.7  4.7
3611.39 0.0000 0.00   0.14   4.7  4.7
3611.40 0.0000 0.00   0.24   4.7  4.7
3611.41 0.0000 0.00   0.31   4.8  4.8
3611.42 0.0000 0.00   0.41   4.8  4.8
3611.43 0.0000 0.00   0.45   4.8  4.8
3611.44 0.0000 0.00   0.49   4.9  4.9
3611.45 0.0000 0.00   0.54   4.8  4.8
3611.46 0.0000 0.00   0.61   4.7  4.7
3611.47 0.0000 0.00   0.58   4.8  4.8
3611.48 0.0000 0.00   0.55   4.8  4.8
3611.49 0.0000 0.00   0.48   5.0  5.0
3611.50 0.0000 0.00   0.45   5.0  5.0
3611.51 0.0000 0.00   0.41   5.1  5.1
3611.52 0.0000 0.00   0.40   5.1  5.1
3611.53 0.0000 0.00   0.47   5.2  5.2
3611.54 0.0000 0.00   0.60   5.2  5.2
3611.55 0.0000 0.00   0.67   5.3  5.3
3611.56 0.0000 0.00   0.78   5.4  5.4
3611.57 0.0000 0.00   0.94   5.5  5.5
3611.58 0.0000 0.00   1.02   5.5  5.5
3611.59 0.0000 0.00   1.03   5.5  5.5
3611.60 0.0000 0.00   1.03   5.5  5.5
3611.61 0.0000 0.00   1.02   5.5  5.5
3611.62 0.0000 0.00   1.05   5.5  5.5
3611.63 0.0000 0.00   1.05   5.5  5.5
3611.64 0.0000 0.00   1.02   5.5  5.5
3611.65 0.0000 0.00   0.99   5.6  5.6
3611.66 0.0000 0.00   1.01   5.6  5.6
3611.67 0.0000 0.00   1.08   5.6  5.6
3611.68 0.0000 0.00   1.17   5.7  5.7
3611.69 0.0000 0.00   1.21   5.7  5.7
3611.70 0.0000 0.00   1.26   5.7  5.7
3611.71 0.0000 0.01   1.21   5.8  5.7
3611.72 0.0000 0.02   1.11   5.8  5.7
