ELM     V003.000SPECTRL V003.000
M0
sng                           
2_Baydin                      
dolb.26                       
11-30-2009
3431.90 0.0000 0.49   0.00   1.5  0.0
3431.91 0.0000 0.35   0.00   1.5  0.0
3431.92 0.0000 0.12   0.00   1.4  0.0
3431.93 0.0000 0.15   0.00   1.4  0.0
3431.94 0.0000 0.23   0.00   1.5  0.0
3431.95 0.0000 0.24   0.00   1.5  0.0
3431.96 0.0000 0.25   0.00   1.5  0.0
3431.97 0.0000 0.26   0.00   1.6  0.0
3431.98 0.0000 0.25   0.00   1.6  0.0
3431.99 0.0000 0.22   0.00   1.6  0.0
3432.00 0.0000 0.18   0.00   1.5  0.0
3432.01 0.0000 0.18   0.00   1.5  0.0
3432.02 0.0000 0.18   0.00   1.6  0.0
3432.03 0.0000 0.18   0.00   1.6  0.0
3432.04 0.0000 0.18   0.00   1.7  0.0
3432.05 0.0000 0.19   0.00   1.7  0.0
3432.06 0.0000 0.20   0.00   1.8  0.0
3432.07 0.0000 0.21   0.00   1.9  0.0
3432.08 0.0000 0.22   0.00   1.9  0.0
3432.09 0.0000 0.24   0.00   2.1  0.0
3432.10 0.0000 0.26   0.00   2.2  0.0
3432.11 0.0000 0.27   0.00   2.3  0.0
3432.12 0.0000 0.27   0.00   2.3  0.0
3432.13 0.0000 0.27   0.00   2.3  0.2
3432.14 0.0000 0.29   0.00   2.5  0.3
3432.15 0.0000 0.31   0.00   2.6  0.4
3432.16 0.0000 0.32   0.00   2.7  0.5
3432.17 0.0000 0.35   0.00   2.9  0.6
3432.18 0.0000 0.37   0.00   3.0  0.8
3432.19 0.0000 0.40   0.00   3.2  1.0
3432.20 0.0000 0.41   0.00   3.2  0.9
3432.21 0.0000 0.43   0.00   3.4  1.1
3432.22 0.0000 0.49   0.00   3.5  1.0
3432.23 0.0000 0.54   0.00   3.6  0.9
3432.24 0.0000 0.54   0.00   3.6  1.0
3432.25 0.0000 0.54   0.00   3.6  1.0
3432.26 0.0000 0.54   0.00   3.7  1.1
3432.27 0.0000 0.54   0.00   3.7  1.2
3432.28 0.0000 0.54   0.00   3.8  1.2
3432.29 0.0000 0.59   0.00   3.9  1.1
3432.30 0.0000 0.60   0.00   3.9  1.0
3432.31 0.0000 0.60   0.00   3.9  1.0
3432.32 0.0000 0.60   0.00   3.9  1.0
3432.33 0.0000 0.63   0.00   3.8  0.7
3432.34 0.0000 0.71   0.00   3.8  0.2
3432.35 0.0000 0.75   0.00   3.8  0.0
3432.36 0.0000 0.75   0.00   3.8  0.0
3432.37 0.0000 0.74   0.00   3.7  0.0
3432.38 0.0000 0.79   0.00   3.7  0.0
3432.39 0.0000 0.75   0.01   3.5  0.0
3432.40 0.0000 0.72   0.01   3.5  0.0
3432.41 0.0000 0.71   0.01   3.6  0.0
3432.42 0.0000 0.64   0.00   3.6  0.0
3432.43 0.0000 0.70   0.00   3.6  0.0
3432.44 0.0000 0.74   0.00   3.6  0.0
3432.45 0.0000 0.73   0.00   3.6  0.0
3432.46 0.0000 0.66   0.00   3.5  0.0
3432.47 0.0000 0.65   0.00   3.5  0.0
3432.48 0.0000 0.64   0.00   3.4  0.0
3432.49 0.0000 0.61   0.00   3.4  0.0
3432.50 0.0000 0.62   0.00   3.4  0.0
3432.51 0.0000 0.59   0.00   3.4  0.0
3432.52 0.0000 0.59   0.00   3.4  0.0
3432.53 0.0000 0.58   0.00   3.4  0.0
3432.54 0.0000 0.51   0.00   3.3  0.0
3432.55 0.0000 0.48   0.00   3.3  0.1
3432.56 0.0000 0.46   0.00   3.3  0.2
3432.57 0.0000 0.45   0.00   3.3  0.3
3432.58 0.0000 0.45   0.00   3.2  0.2
3432.59 0.0000 0.45   0.00   3.2  0.2
3432.60 0.0000 0.44   0.00   3.2  0.3
3432.61 0.0000 0.43   0.00   3.2  0.3
3432.62 0.0000 0.44   0.00   3.3  0.3
3432.63 0.0000 0.42   0.00   3.2  0.5
3432.64 0.0000 0.41   0.00   3.2  0.5
3432.65 0.0000 0.41   0.00   3.2  0.5
3432.66 0.0000 0.39   0.00   3.2  0.7
3432.67 0.0000 0.38   0.00   3.2  0.8
3432.68 0.0000 0.38   0.00   3.2  0.9
3432.69 0.0000 0.37   0.00   3.1  0.9
3432.70 0.0000 0.36   0.00   3.1  1.0
3432.71 0.0000 0.37   0.00   3.2  1.1
3432.72 0.0000 0.37   0.00   3.2  1.1
3432.73 0.0000 0.36   0.00   3.1  1.1
3432.74 0.0000 0.35   0.00   3.1  1.2
3432.75 0.0000 0.34   0.00   3.1  1.3
3432.76 0.0000 0.34   0.00   3.1  1.3
3432.77 0.0000 0.34   0.00   3.1  1.3
3432.78 0.0000 0.34   0.00   3.1  1.3
3432.79 0.0000 0.35   0.00   3.2  1.3
3432.80 0.0000 0.36   0.00   3.2  1.2
3432.81 0.0000 0.35   0.00   3.1  1.2
3432.82 0.0000 0.34   0.00   3.1  1.2
3432.83 0.0000 0.34   0.00   3.0  1.2
3432.84 0.0000 0.36   0.00   3.1  1.2
3432.85 0.0000 0.36   0.00   3.1  1.2
3432.86 0.0000 0.35   0.00   3.0  1.2
3432.87 0.0000 0.33   0.00   3.0  1.2
3432.88 0.0000 0.33   0.00   2.9  1.2
3432.89 0.0000 0.33   0.00   3.0  1.3
3432.90 0.0000 0.32   0.00   3.0  1.3
3432.91 0.0000 0.31   0.00   2.8  1.2
3432.92 0.0000 0.30   0.00   2.8  1.2
3432.93 0.0000 0.30   0.00   2.8  1.2
3432.94 0.0000 0.30   0.00   2.8  1.2
3432.95 0.0000 0.30   0.00   2.8  1.2
3432.96 0.0000 0.30   0.00   2.7  1.2
3432.97 0.0000 0.29   0.00   2.7  1.2
3432.98 0.0000 0.29   0.00   2.7  1.2
3432.99 0.0000 0.29   0.00   2.7  1.2
3433.00 0.0000 0.30   0.00   2.8  1.2
3433.01 0.0000 0.30   0.00   2.9  1.2
3433.02 0.0000 0.30   0.00   2.8  1.2
3433.03 0.0000 0.30   0.00   2.8  1.2
3433.04 0.0000 0.29   0.00   2.7  1.2
3433.05 0.0000 0.31   0.00   2.9  1.2
3433.06 0.0000 0.32   0.00   2.9  1.2
3433.07 0.0000 0.31   0.00   2.8  1.2
3433.08 0.0000 0.30   0.00   2.8  1.2
3433.09 0.0000 0.29   0.00   2.8  1.2
3433.10 0.0000 0.30   0.00   2.8  1.3
3433.11 0.0000 0.30   0.00   2.8  1.3
3433.12 0.0000 0.31   0.00   2.9  1.4
3433.13 0.0000 0.31   0.00   2.9  1.4
3433.14 0.0000 0.31   0.00   2.9  1.4
3433.15 0.0000 0.31   0.00   3.0  1.4
3433.16 0.0000 0.31   0.01   3.0  1.5
3433.17 0.0000 0.29   0.02   3.0  1.5
3433.18 0.0000 0.29   0.03   3.0  1.6
3433.19 0.0000 0.29   0.05   3.1  1.7
3433.20 0.0000 0.29   0.06   3.1  1.7
3433.21 0.0000 0.29   0.07   3.1  1.7
3433.22 0.0000 0.30   0.06   3.2  1.7
3433.23 0.0000 0.33   0.04   3.3  1.7
3433.24 0.0000 0.36   0.03   3.4  1.7
3433.25 0.0000 0.36   0.04   3.5  1.7
3433.26 0.0000 0.37   0.05   3.6  1.8
3433.27 0.0000 0.39   0.05   3.7  1.8
3433.28 0.0000 0.40   0.05   3.8  1.8
3433.29 0.0000 0.39   0.07   3.8  1.9
3433.30 0.0000 0.42   0.06   3.8  1.8
3433.31 0.0000 0.44   0.07   3.9  1.7
3433.32 0.0000 0.42   0.08   3.9  1.8
3433.33 0.0000 0.41   0.08   3.9  1.9
3433.34 0.0000 0.39   0.08   3.8  2.0
3433.35 0.0000 0.38   0.09   3.8  2.0
3433.36 0.0000 0.40   0.08   3.9  1.9
3433.37 0.0000 0.41   0.09   4.0  2.0
3433.38 0.0000 0.44   0.08   4.0  1.9
3433.39 0.0000 0.45   0.09   4.0  1.8
3433.40 0.0000 0.47   0.09   4.1  1.8
3433.41 0.0000 0.52   0.07   4.1  1.5
3433.42 0.0000 0.57   0.06   4.2  1.3
3433.43 0.0000 0.58   0.06   4.2  1.3
3433.44 0.0000 0.60   0.08   4.2  1.1
3433.45 0.0000 0.58   0.08   4.1  1.1
3433.46 0.0000 0.60   0.06   4.1  1.0
3433.47 0.0000 0.61   0.06   4.1  0.9
3433.48 0.0000 0.67   0.04   4.2  0.6
3433.49 0.0000 0.74   0.02   4.2  0.2
3433.50 0.0000 0.79   0.01   4.2  0.0
3433.51 0.0000 0.79   0.00   4.3  0.0
3433.52 0.0000 0.84   0.00   4.3  0.0
3433.53 0.0000 0.88   0.00   4.3  0.0
3433.54 0.0000 0.83   0.00   4.2  0.0
3433.55 0.0000 0.78   0.00   4.2  0.0
3433.56 0.0000 0.71   0.00   4.1  0.2
3433.57 0.0000 0.68   0.00   4.0  0.3
3433.58 0.0000 0.68   0.00   4.1  0.4
3433.59 0.0000 0.68   0.00   4.1  0.4
3433.60 0.0000 0.68   0.00   4.1  0.4
3433.61 0.0000 0.66   0.00   4.2  0.6
3433.62 0.0000 0.66   0.00   4.2  0.6
3433.63 0.0000 0.72   0.00   4.3  0.4
3433.64 0.0000 0.73   0.02   4.3  0.3
3433.65 0.0000 0.76   0.03   4.3  0.2
3433.66 0.0000 0.98   0.02   4.5  0.0
3433.67 0.0000 1.17   0.03   4.4  0.0
3433.68 0.0000 1.23   0.03   4.4  0.0
3433.69 0.0000 1.32   0.02   4.5  0.0
3433.70 0.0000 1.17   0.06   4.4  0.0
3433.71 0.0000 0.93   0.09   4.4  0.0
3433.72 0.0000 0.86   0.08   4.4  0.0
3433.73 0.0000 0.85   0.07   4.4  0.0
3433.74 0.0000 0.92   0.03   4.4  0.0
3433.75 0.0000 0.93   0.01   4.4  0.0
3433.76 0.0000 0.94   0.01   4.4  0.0
3433.77 0.0000 1.01   0.00   4.5  0.0
3433.78 0.0000 0.92   0.00   4.4  0.0
3433.79 0.0000 0.84   0.00   4.4  0.0
3433.80 0.0000 0.86   0.00   4.4  0.0
3433.81 0.0000 0.83   0.00   4.3  0.0
3433.82 0.0000 0.94   0.00   4.3  0.0
3433.83 0.0000 0.98   0.01   4.2  0.0
3433.84 0.0000 0.95   0.03   4.2  0.0
3433.85 0.0000 0.92   0.06   4.3  0.0
3433.86 0.0000 0.99   0.10   4.3  0.0
3433.87 0.0000 1.07   0.10   4.1  0.0
3433.88 0.0000 1.11   0.10   4.1  0.0
3433.89 0.0000 1.05   0.07   4.0  0.0
3433.90 0.0000 0.79   0.03   3.9  0.0
3433.91 0.0000 0.77   0.02   3.9  0.0
3433.92 0.0000 0.81   0.01   3.9  0.0
3433.93 0.0000 0.79   0.00   3.8  0.0
3433.94 0.0000 0.67   0.00   3.7  0.0
3433.95 0.0000 0.64   0.00   3.7  0.0
3433.96 0.0000 0.68   0.00   3.7  0.0
3433.97 0.0000 0.64   0.00   3.5  0.0
3433.98 0.0000 0.59   0.00   3.5  0.0
3433.99 0.0000 0.51   0.00   3.4  0.0
3434.00 0.0000 0.52   0.00   3.4  0.0
3434.01 0.0000 0.54   0.00   3.4  0.0
3434.02 0.0000 0.58   0.00   3.4  0.0
3434.03 0.0000 0.56   0.00   3.3  0.0
3434.04 0.0000 0.49   0.00   3.2  0.1
3434.05 0.0000 0.47   0.00   3.3  0.3
3434.06 0.0000 0.46   0.00   3.3  0.5
3434.07 0.0000 0.44   0.00   3.3  0.7
3434.08 0.0000 0.42   0.00   3.3  0.8
3434.09 0.0000 0.42   0.00   3.3  0.8
3434.10 0.0000 0.45   0.00   3.3  0.8
3434.11 0.0000 0.46   0.00   3.4  0.9
3434.12 0.0000 0.48   0.00   3.5  0.9
3434.13 0.0000 0.47   0.00   3.5  1.0
3434.14 0.0000 0.44   0.00   3.4  1.1
3434.15 0.0000 0.44   0.00   3.4  1.2
3434.16 0.0000 0.44   0.00   3.4  1.2
3434.17 0.0000 0.44   0.00   3.5  1.2
3434.18 0.0000 0.46   0.00   3.5  1.2
3434.19 0.0000 0.49   0.00   3.7  1.2
3434.20 0.0000 0.50   0.00   3.7  1.2
3434.21 0.0000 0.53   0.00   3.8  1.1
3434.22 0.0000 0.57   0.00   3.9  1.1
3434.23 0.0000 0.60   0.00   4.0  1.0
3434.24 0.0000 0.62   0.00   4.1  1.1
3434.25 0.0000 0.64   0.00   4.1  1.0
3434.26 0.0000 0.65   0.00   4.2  1.1
3434.27 0.0000 0.69   0.00   4.3  1.0
3434.28 0.0000 0.70   0.00   4.4  1.0
3434.29 0.0000 0.74   0.00   4.5  0.9
3434.30 0.0000 0.78   0.00   4.5  0.7
3434.31 0.0000 0.76   0.00   4.5  0.8
3434.32 0.0000 0.73   0.00   4.6  0.9
3434.33 0.0000 0.73   0.00   4.6  1.0
3434.34 0.0000 0.76   0.00   4.6  0.8
3434.35 0.0000 0.82   0.01   4.6  0.5
3434.36 0.0000 0.88   0.00   4.6  0.2
3434.37 0.0000 0.92   0.00   4.7  0.1
3434.38 0.0000 0.95   0.03   4.7  0.0
3434.39 0.0000 1.11   0.05   4.8  0.0
3434.40 0.0000 1.28   0.03   4.9  0.0
3434.41 0.0000 1.24   0.08   4.9  0.0
3434.42 0.0000 1.18   0.11   4.9  0.0
3434.43 0.0000 1.08   0.16   4.8  0.0
3434.44 0.0000 1.22   0.18   4.9  0.0
3434.45 0.0000 1.22   0.19   4.9  0.0
3434.46 0.0000 1.23   0.15   5.0  0.0
3434.47 0.0000 1.23   0.09   5.0  0.0
3434.48 0.0000 1.27   0.05   5.0  0.0
3434.49 0.0000 1.28   0.03   5.1  0.0
3434.50 0.0000 1.28   0.02   5.1  0.0
3434.51 0.0000 1.22   0.01   5.2  0.0
3434.52 0.0000 1.14   0.01   5.1  0.0
3434.53 0.0000 0.93   0.00   5.2  0.6
3434.54 0.0000 0.85   0.00   5.2  1.0
3434.55 0.0000 0.75   0.00   5.2  1.5
3434.56 0.0000 0.76   0.00   5.1  1.3
3434.57 0.0000 0.77   0.00   5.1  1.3
3434.58 0.0000 0.78   0.00   5.1  1.2
3434.59 0.0000 0.81   0.00   5.0  1.0
3434.60 0.0000 0.86   0.00   4.9  0.7
3434.61 0.0000 0.81   0.00   5.0  1.1
3434.62 0.0000 0.78   0.00   5.0  1.2
3434.63 0.0000 0.70   0.00   5.0  1.6
3434.64 0.0000 0.62   0.00   5.1  2.1
3434.65 0.0000 0.68   0.00   5.0  1.7
3434.66 0.0000 0.69   0.00   5.0  1.7
3434.67 0.0000 0.66   0.00   5.1  1.8
3434.68 0.0000 0.60   0.00   5.1  2.1
3434.69 0.0000 0.62   0.00   5.0  1.9
3434.70 0.0000 0.59   0.00   5.0  2.0
3434.71 0.0000 0.61   0.00   4.9  1.8
3434.72 0.0000 0.57   0.00   4.9  1.9
3434.73 0.0000 0.50   0.00   4.7  2.1
3434.74 0.0000 0.49   0.00   4.7  2.1
3434.75 0.0000 0.56   0.00   4.6  1.5
3434.76 0.0000 0.58   0.00   4.6  1.3
3434.77 0.0000 0.63   0.00   4.4  0.8
3434.78 0.0000 0.66   0.00   4.4  0.5
3434.79 0.0000 0.66   0.00   4.3  0.4
3434.80 0.0000 0.60   0.00   4.2  0.6
3434.81 0.0000 0.55   0.02   4.2  0.8
3434.82 0.0000 0.47   0.07   4.0  1.0
3434.83 0.0000 0.45   0.12   4.0  1.1
3434.84 0.0000 0.55   0.18   3.9  0.2
3434.85 0.0000 0.66   0.18   3.9  0.0
3434.86 0.0000 0.73   0.14   3.8  0.0
3434.87 0.0000 0.71   0.11   3.8  0.0
3434.88 0.0000 0.67   0.07   3.8  0.0
3434.89 0.0000 0.58   0.04   3.9  0.0
3434.90 0.0000 0.49   0.03   4.0  0.5
3434.91 0.0000 0.50   0.02   3.9  0.4
3434.92 0.0000 0.55   0.02   3.8  0.0
3434.93 0.0000 0.58   0.01   3.8  0.0
3434.94 0.0000 0.61   0.01   3.9  0.0
3434.95 0.0000 0.61   0.00   3.9  0.0
3434.96 0.0000 0.63   0.04   3.8  0.0
3434.97 0.0000 0.60   0.08   3.9  0.0
3434.98 0.0000 0.63   0.05   3.9  0.0
3434.99 0.0000 0.68   0.04   3.9  0.0
3435.00 0.0000 0.83   0.02   3.7  0.0
3435.01 0.0000 0.97   0.02   3.7  0.0
3435.02 0.0000 1.01   0.07   3.6  0.0
3435.03 0.0000 0.97   0.12   3.7  0.0
3435.04 0.0000 0.87   0.21   3.7  0.0
3435.05 0.0000 0.72   0.26   3.8  0.0
3435.06 0.0000 0.70   0.27   4.0  0.0
3435.07 0.0000 0.67   0.27   4.0  0.0
3435.08 0.0000 0.69   0.24   4.1  0.0
3435.09 0.0000 0.81   0.23   4.2  0.0
3435.10 0.0000 0.83   0.23   4.2  0.0
3435.11 0.0000 0.80   0.22   4.2  0.0
3435.12 0.0000 0.75   0.22   4.3  0.0
3435.13 0.0000 0.72   0.20   4.4  0.3
3435.14 0.0000 0.69   0.18   4.4  0.7
3435.15 0.0000 0.73   0.18   4.5  0.5
3435.16 0.0000 0.80   0.20   4.6  0.3
3435.17 0.0000 0.88   0.27   4.7  0.1
3435.18 0.0000 1.00   0.35   4.7  0.0
3435.19 0.0000 1.09   0.35   4.7  0.0
3435.20 0.0000 1.09   0.30   4.7  0.0
3435.21 0.0000 1.10   0.16   4.7  0.0
3435.22 0.0000 1.21   0.08   4.8  0.0
3435.23 0.0000 1.35   0.04   4.9  0.0
3435.24 0.0000 1.42   0.03   4.9  0.0
3435.25 0.0000 1.49   0.02   4.9  0.0
3435.26 0.0000 1.50   0.01   5.0  0.0
3435.27 0.0000 1.47   0.01   4.9  0.0
3435.28 0.0000 1.45   0.00   4.9  0.0
3435.29 0.0000 1.40   0.00   4.9  0.0
3435.30 0.0000 1.32   0.00   4.9  0.0
3435.31 0.0000 1.20   0.00   5.0  0.0
3435.32 0.0000 1.18   0.00   5.0  0.0
3435.33 0.0000 1.13   0.00   5.2  0.0
3435.34 0.0000 1.12   0.00   5.2  0.0
3435.35 0.0000 1.13   0.00   5.2  0.0
3435.36 0.0000 1.11   0.00   5.1  0.0
3435.37 0.0000 1.03   0.00   5.1  0.3
3435.38 0.0000 0.91   0.00   5.0  0.8
3435.39 0.0000 0.79   0.00   4.9  1.3
3435.40 0.0000 0.79   0.00   4.9  1.2
3435.41 0.0000 0.82   0.00   4.9  1.1
3435.42 0.0000 0.79   0.00   4.9  1.2
3435.43 0.0000 0.72   0.00   4.8  1.5
3435.44 0.0000 0.68   0.00   4.8  1.7
3435.45 0.0000 0.54   0.00   4.9  2.5
3435.46 0.0000 0.44   0.00   4.9  2.9
3435.47 0.0000 0.37   0.00   4.9  3.2
3435.48 0.0000 0.39   0.00   4.9  3.1
3435.49 0.0000 0.44   0.00   4.8  2.8
3435.50 0.0000 0.42   0.00   4.8  2.8
3435.51 0.0000 0.35   0.00   4.7  3.1
3435.52 0.0000 0.31   0.00   4.7  3.2
3435.53 0.0000 0.19   0.00   4.7  3.7
3435.54 0.0000 0.11   0.00   4.6  4.1
3435.55 0.0000 0.06   0.00   4.5  4.2
3435.56 0.0000 0.04   0.00   4.4  4.2
3435.57 0.0000 0.04   0.00   4.4  4.1
3435.58 0.0000 0.05   0.00   4.3  4.0
3435.59 0.0000 0.13   0.00   4.3  3.6
3435.60 0.0000 0.10   0.00   4.3  3.8
3435.61 0.0000 0.08   0.00   4.3  3.9
3435.62 0.0000 0.04   0.00   4.2  4.0
3435.63 0.0000 0.02   0.00   4.1  4.0
3435.64 0.0000 0.01   0.01   4.0  3.9
3435.65 0.0000 0.01   0.03   3.9  3.9
3435.66 0.0000 0.01   0.02   3.9  3.9
3435.67 0.0000 0.00   0.01   3.8  3.8
3435.68 0.0000 0.00   0.01   3.8  3.8
3435.69 0.0000 0.00   0.00   3.8  3.8
3435.70 0.0000 0.00   0.00   3.8  3.8
3435.71 0.0000 0.07   0.00   3.7  3.3
3435.72 0.0000 0.09   0.00   3.7  3.2
3435.73 0.0000 0.09   0.00   3.7  3.2
3435.74 0.0000 0.13   0.00   3.7  2.9
3435.75 0.0000 0.22   0.00   3.8  2.4
3435.76 0.0000 0.38   0.00   3.8  1.4
3435.77 0.0000 0.45   0.00   3.8  0.9
3435.78 0.0000 0.58   0.00   3.7  0.0
3435.79 0.0000 0.63   0.00   3.7  0.0
3435.80 0.0000 0.60   0.00   3.7  0.0
3435.81 0.0000 0.60   0.00   3.7  0.0
3435.82 0.0000 0.69   0.00   3.6  0.0
3435.83 0.0000 0.74   0.00   3.6  0.0
3435.84 0.0000 0.76   0.01   3.6  0.0
3435.85 0.0000 0.82   0.01   3.6  0.0
3435.86 0.0000 0.90   0.02   3.7  0.0
3435.87 0.0000 0.96   0.01   3.7  0.0
3435.88 0.0000 0.92   0.01   3.8  0.0
3435.89 0.0000 0.91   0.02   3.8  0.0
3435.90 0.0000 0.98   0.08   3.8  0.0
3435.91 0.0000 0.81   0.15   3.8  0.0
3435.92 0.0000 0.73   0.18   4.0  0.0
3435.93 0.0000 0.75   0.19   4.0  0.0
3435.94 0.0000 0.97   0.16   4.1  0.0
3435.95 0.0000 1.12   0.09   4.2  0.0
3435.96 0.0000 1.16   0.05   4.3  0.0
3435.97 0.0000 1.15   0.07   4.3  0.0
3435.98 0.0000 1.15   0.07   4.3  0.0
3435.99 0.0000 1.14   0.05   4.4  0.0
3436.00 0.0000 1.19   0.10   4.4  0.0
3436.01 0.0000 1.27   0.06   4.4  0.0
3436.02 0.0000 1.24   0.04   4.4  0.0
3436.03 0.0000 1.17   0.04   4.4  0.0
3436.04 0.0000 1.27   0.02   4.4  0.0
3436.05 0.0000 1.27   0.02   4.4  0.0
3436.06 0.0000 1.25   0.02   4.2  0.0
3436.07 0.0000 1.23   0.04   4.2  0.0
3436.08 0.0000 1.01   0.02   4.2  0.0
3436.09 0.0000 0.85   0.01   4.2  0.0
3436.10 0.0000 0.78   0.00   4.2  0.0
3436.11 0.0000 0.68   0.00   4.2  0.2
3436.12 0.0000 0.71   0.00   4.3  0.1
3436.13 0.0000 0.73   0.00   4.3  0.0
3436.14 0.0000 0.70   0.00   4.3  0.2
3436.15 0.0000 0.73   0.00   4.4  0.2
3436.16 0.0000 0.72   0.00   4.4  0.2
3436.17 0.0000 0.67   0.00   4.3  0.4
3436.18 0.0000 0.65   0.00   4.3  0.6
3436.19 0.0000 0.63   0.00   4.3  0.7
3436.20 0.0000 0.63   0.00   4.3  0.7
3436.21 0.0000 0.66   0.00   4.3  0.6
3436.22 0.0000 0.66   0.00   4.4  0.5
3436.23 0.0000 0.69   0.00   4.3  0.3
3436.24 0.0000 0.64   0.00   4.2  0.5
3436.25 0.0000 0.59   0.00   4.2  0.8
3436.26 0.0000 0.60   0.00   4.2  0.8
3436.27 0.0000 0.61   0.00   4.2  0.7
3436.28 0.0000 0.60   0.00   4.3  0.8
3436.29 0.0000 0.62   0.00   4.3  0.7
3436.30 0.0000 0.62   0.00   4.3  0.7
3436.31 0.0000 0.61   0.00   4.2  0.8
3436.32 0.0000 0.65   0.00   4.3  0.6
3436.33 0.0000 0.72   0.00   4.3  0.3
3436.34 0.0000 0.75   0.00   4.3  0.2
3436.35 0.0000 0.74   0.00   4.3  0.3
3436.36 0.0000 0.73   0.00   4.4  0.5
3436.37 0.0000 0.70   0.00   4.5  0.8
3436.38 0.0000 0.74   0.00   4.5  0.6
3436.39 0.0000 0.75   0.00   4.5  0.5
3436.40 0.0000 0.79   0.00   4.4  0.3
3436.41 0.0000 0.84   0.00   4.4  0.0
3436.42 0.0000 0.90   0.00   4.4  0.0
3436.43 0.0000 0.89   0.00   4.3  0.0
3436.44 0.0000 0.91   0.00   4.2  0.0
3436.45 0.0000 0.99   0.00   4.3  0.0
3436.46 0.0000 1.04   0.00   4.1  0.0
3436.47 0.0000 0.95   0.00   4.0  0.0
3436.48 0.0000 0.94   0.00   4.1  0.0
3436.49 0.0000 1.05   0.00   4.1  0.0
3436.50 0.0000 1.15   0.00   4.0  0.0
3436.51 0.0000 1.20   0.00   4.0  0.0
3436.52 0.0000 1.21   0.00   3.9  0.0
3436.53 0.0000 1.22   0.00   3.8  0.0
3436.54 0.0000 1.16   0.00   3.8  0.0
3436.55 0.0000 1.15   0.00   3.7  0.0
3436.56 0.0000 1.18   0.00   3.7  0.0
3436.57 0.0000 1.19   0.00   3.6  0.0
3436.58 0.0000 1.14   0.03   3.5  0.0
3436.59 0.0000 1.02   0.06   3.5  0.0
3436.60 0.0000 0.88   0.09   3.5  0.0
3436.61 0.0000 0.74   0.13   3.5  0.0
3436.62 0.0000 0.74   0.15   3.6  0.0
3436.63 0.0000 0.79   0.15   3.6  0.0
3436.64 0.0000 0.86   0.08   3.6  0.0
3436.65 0.0000 0.86   0.05   3.6  0.0
3436.66 0.0000 0.79   0.06   3.6  0.0
3436.67 0.0000 0.77   0.11   3.6  0.0
3436.68 0.0000 0.80   0.21   3.5  0.0
3436.69 0.0000 0.74   0.31   3.4  0.0
3436.70 0.0000 0.65   0.38   3.4  0.0
3436.71 0.0000 0.68   0.46   3.4  0.0
3436.72 0.0000 0.70   0.47   3.3  0.0
3436.73 0.0000 0.70   0.49   3.5  0.0
3436.74 0.0000 0.68   0.53   3.5  0.0
3436.75 0.0000 0.78   0.46   3.6  0.0
3436.76 0.0000 0.82   0.41   3.6  0.0
3436.77 0.0000 0.80   0.30   3.6  0.0
3436.78 0.0000 0.73   0.16   3.6  0.0
3436.79 0.0000 0.65   0.11   3.7  0.0
3436.80 0.0000 0.65   0.09   3.7  0.0
3436.81 0.0000 0.70   0.05   3.8  0.0
3436.82 0.0000 0.73   0.02   3.8  0.0
3436.83 0.0000 0.83   0.01   3.9  0.0
3436.84 0.0000 0.90   0.00   4.0  0.0
3436.85 0.0000 0.86   0.04   4.0  0.0
3436.86 0.0000 0.81   0.09   4.1  0.0
3436.87 0.0000 0.78   0.08   4.1  0.0
3436.88 0.0000 0.80   0.06   4.1  0.0
3436.89 0.0000 0.92   0.07   4.2  0.0
3436.90 0.0000 1.08   0.04   4.1  0.0
3436.91 0.0000 1.03   0.02   4.1  0.0
3436.92 0.0000 1.07   0.01   4.1  0.0
3436.93 0.0000 1.20   0.01   4.2  0.0
3436.94 0.0000 1.25   0.00   4.2  0.0
3436.95 0.0000 1.30   0.00   4.2  0.0
3436.96 0.0000 1.32   0.00   4.2  0.0
3436.97 0.0000 1.24   0.00   4.2  0.0
3436.98 0.0000 1.22   0.00   4.3  0.0
3436.99 0.0000 1.22   0.00   4.5  0.0
3437.00 0.0000 1.12   0.00   4.5  0.0
3437.01 0.0000 0.95   0.00   4.5  0.0
3437.02 0.0000 0.89   0.00   4.5  0.0
3437.03 0.0000 0.93   0.00   4.6  0.0
3437.04 0.0000 0.98   0.00   4.6  0.0
3437.05 0.0000 0.93   0.00   4.6  0.0
3437.06 0.0000 0.93   0.00   4.6  0.0
3437.07 0.0000 0.96   0.00   4.7  0.0
3437.08 0.0000 0.98   0.00   4.7  0.0
3437.09 0.0000 1.22   0.00   4.8  0.0
3437.10 0.0000 1.27   0.05   4.8  0.0
3437.11 0.0000 1.29   0.12   4.7  0.0
3437.12 0.0000 1.27   0.22   4.7  0.0
3437.13 0.0000 1.25   0.29   4.7  0.0
3437.14 0.0000 1.19   0.42   4.8  0.0
3437.15 0.0000 1.14   0.51   4.7  0.0
3437.16 0.0000 1.11   0.50   4.8  0.0
3437.17 0.0000 1.14   0.46   4.9  0.0
3437.18 0.0000 1.15   0.39   4.9  0.0
3437.19 0.0000 1.15   0.40   4.9  0.0
3437.20 0.0000 1.19   0.43   4.9  0.0
3437.21 0.0000 1.21   0.45   4.8  0.0
3437.22 0.0000 1.18   0.51   4.9  0.0
3437.23 0.0000 1.09   0.57   4.9  0.0
3437.24 0.0000 1.00   0.59   4.9  0.0
3437.25 0.0000 0.98   0.62   4.9  0.0
3437.26 0.0000 0.98   0.67   4.8  0.0
3437.27 0.0000 0.98   0.72   4.8  0.0
3437.28 0.0000 0.93   0.81   4.7  0.0
3437.29 0.0000 0.93   0.84   4.7  0.0
3437.30 0.0000 0.88   0.93   4.6  0.0
3437.31 0.0000 0.74   1.04   4.6  0.6
3437.32 0.0000 0.56   1.13   4.5  1.4
3437.33 0.0000 0.46   1.18   4.5  1.9
3437.34 0.0000 0.26   1.27   4.5  3.0
3437.35 0.0000 0.18   1.24   4.5  3.4
3437.36 0.0000 0.10   1.15   4.3  3.7
3437.37 0.0000 0.08   1.10   4.3  3.8
3437.38 0.0000 0.05   1.00   4.3  4.0
3437.39 0.0000 0.03   0.96   4.2  4.1
3437.40 0.0000 0.04   0.84   4.3  4.0
3437.41 0.0000 0.05   0.72   4.3  4.0
3437.42 0.0000 0.03   0.61   4.3  4.1
3437.43 0.0000 0.02   0.45   4.3  4.2
3437.44 0.0000 0.02   0.36   4.3  4.1
3437.45 0.0000 0.06   0.28   4.3  3.9
3437.46 0.0000 0.12   0.28   4.2  3.4
3437.47 0.0000 0.13   0.24   4.2  3.4
3437.48 0.0000 0.09   0.27   4.1  3.5
3437.49 0.0000 0.14   0.30   4.1  3.2
3437.50 0.0000 0.16   0.30   4.0  2.9
3437.51 0.0000 0.12   0.30   3.9  3.1
3437.52 0.0000 0.15   0.28   4.0  3.0
3437.53 0.0000 0.19   0.25   3.9  2.6
3437.54 0.0000 0.20   0.27   3.9  2.5
3437.55 0.0000 0.23   0.33   3.9  2.3
3437.56 0.0000 0.22   0.35   3.9  2.4
3437.57 0.0000 0.20   0.28   3.9  2.5
3437.58 0.0000 0.22   0.22   3.9  2.4
3437.59 0.0000 0.20   0.13   4.0  2.7
3437.60 0.0000 0.16   0.07   4.1  3.0
3437.61 0.0000 0.09   0.04   4.2  3.6
3437.62 0.0000 0.08   0.03   4.2  3.6
3437.63 0.0000 0.07   0.02   4.3  3.9
3437.64 0.0000 0.10   0.01   4.4  3.7
3437.65 0.0000 0.17   0.01   4.4  3.3
3437.66 0.0000 0.20   0.00   4.4  3.2
3437.67 0.0000 0.24   0.00   4.4  3.0
3437.68 0.0000 0.26   0.00   4.6  3.0
3437.69 0.0000 0.31   0.00   4.6  2.8
3437.70 0.0000 0.33   0.00   4.6  2.7
3437.71 0.0000 0.33   0.00   4.7  2.8
3437.72 0.0000 0.31   0.00   4.6  2.8
3437.73 0.0000 0.35   0.00   4.6  2.7
3437.74 0.0000 0.40   0.00   4.6  2.3
3437.75 0.0000 0.44   0.00   4.6  2.0
3437.76 0.0000 0.48   0.00   4.6  1.9
3437.77 0.0000 0.41   0.00   4.7  2.4
3437.78 0.0000 0.35   0.00   4.7  2.7
3437.79 0.0000 0.26   0.00   4.7  3.3
3437.80 0.0000 0.26   0.00   4.8  3.3
3437.81 0.0000 0.18   0.00   4.8  3.8
3437.82 0.0000 0.18   0.00   4.9  3.9
3437.83 0.0000 0.19   0.00   5.0  4.0
3437.84 0.0000 0.15   0.00   5.1  4.3
3437.85 0.0000 0.13   0.00   5.2  4.5
3437.86 0.0000 0.11   0.00   5.2  4.6
3437.87 0.0000 0.08   0.00   5.2  4.8
3437.88 0.0000 0.09   0.00   5.2  4.7
3437.89 0.0000 0.09   0.00   5.3  4.8
3437.90 0.0000 0.10   0.00   5.3  4.8
3437.91 0.0000 0.12   0.00   5.2  4.6
3437.92 0.0000 0.23   0.00   5.2  4.1
3437.93 0.0000 0.41   0.00   5.2  3.1
3437.94 0.0000 0.40   0.00   5.2  3.2
3437.95 0.0000 0.40   0.00   5.2  3.2
3437.96 0.0000 0.44   0.00   5.2  3.0
3437.97 0.0000 0.48   0.00   5.2  2.8
3437.98 0.0000 0.47   0.00   5.2  2.9
3437.99 0.0000 0.45   0.00   5.2  2.9
3438.00 0.0000 0.41   0.00   5.2  3.1
3438.01 0.0000 0.37   0.00   5.2  3.3
3438.02 0.0000 0.36   0.00   5.2  3.4
3438.03 0.0000 0.34   0.00   5.2  3.5
3438.04 0.0000 0.31   0.00   5.2  3.7
3438.05 0.0000 0.31   0.00   5.3  3.7
3438.06 0.0000 0.33   0.00   5.3  3.7
3438.07 0.0000 0.35   0.00   5.4  3.6
3438.08 0.0000 0.40   0.00   5.4  3.4
3438.09 0.0000 0.54   0.00   5.3  2.7
3438.10 0.0000 0.61   0.00   5.4  2.5
3438.11 0.0000 0.62   0.00   5.5  2.4
3438.12 0.0000 0.66   0.00   5.4  2.2
3438.13 0.0000 0.64   0.00   5.5  2.4
3438.14 0.0000 0.62   0.00   5.5  2.4
3438.15 0.0000 0.62   0.00   5.4  2.3
3438.16 0.0000 0.60   0.00   5.2  2.2
3438.17 0.0000 0.61   0.00   5.3  2.1
3438.18 0.0000 0.67   0.00   5.3  1.8
3438.19 0.0000 0.68   0.00   5.3  1.7
3438.20 0.0000 0.68   0.00   5.2  1.6
3438.21 0.0000 0.67   0.00   5.2  1.5
3438.22 0.0000 0.59   0.00   5.2  2.0
3438.23 0.0000 0.51   0.00   5.2  2.4
3438.24 0.0000 0.39   0.00   5.2  3.1
3438.25 0.0000 0.38   0.00   5.3  3.2
3438.26 0.0000 0.34   0.00   5.3  3.4
3438.27 0.0000 0.30   0.00   5.3  3.7
3438.28 0.0000 0.28   0.00   5.4  3.9
3438.29 0.0000 0.29   0.00   5.4  3.9
3438.30 0.0000 0.37   0.00   5.4  3.4
3438.31 0.0000 0.37   0.00   5.4  3.4
3438.32 0.0000 0.38   0.00   5.4  3.3
3438.33 0.0000 0.41   0.00   5.3  3.1
3438.34 0.0000 0.40   0.00   5.4  3.2
3438.35 0.0000 0.34   0.00   5.3  3.5
3438.36 0.0000 0.29   0.00   5.4  3.8
3438.37 0.0000 0.20   0.00   5.3  4.2
3438.38 0.0000 0.12   0.00   5.3  4.6
3438.39 0.0000 0.07   0.00   5.3  4.9
3438.40 0.0000 0.05   0.00   5.3  5.0
3438.41 0.0000 0.03   0.00   5.2  5.0
3438.42 0.0000 0.02   0.00   5.1  5.0
3438.43 0.0000 0.01   0.00   5.2  5.1
3438.44 0.0000 0.01   0.00   5.2  5.1
3438.45 0.0000 0.00   0.00   5.2  5.1
3438.46 0.0000 0.00   0.00   5.2  5.2
3438.47 0.0000 0.00   0.00   5.3  5.3
3438.48 0.0000 0.00   0.00   5.2  5.2
3438.49 0.0000 0.00   0.00   5.2  5.2
3438.50 0.0000 0.00   0.00   5.2  5.2
3438.51 0.0000 0.00   0.00   5.2  5.2
3438.52 0.0000 0.00   0.00   5.2  5.2
3438.53 0.0000 0.03   0.00   5.2  5.0
3438.54 0.0000 0.12   0.00   5.2  4.5
3438.55 0.0000 0.21   0.00   5.2  4.0
3438.56 0.0000 0.27   0.00   5.1  3.6
3438.57 0.0000 0.38   0.00   5.1  3.0
3438.58 0.0000 0.44   0.00   5.1  2.6
3438.59 0.0000 0.58   0.00   5.0  1.7
3438.60 0.0000 0.65   0.00   5.0  1.3
3438.61 0.0000 0.75   0.00   5.0  0.6
3438.62 0.0000 0.85   0.00   4.9  0.0
3438.63 0.0000 0.89   0.00   4.9  0.0
3438.64 0.0000 0.89   0.00   4.9  0.0
3438.65 0.0000 0.92   0.00   4.9  0.0
3438.66 0.0000 0.96   0.00   4.9  0.0
3438.67 0.0000 0.96   0.00   4.9  0.0
3438.68 0.0000 0.99   0.00   5.0  0.0
3438.69 0.0000 1.00   0.00   5.0  0.0
3438.70 0.0000 1.06   0.00   5.0  0.0
3438.71 0.0000 1.07   0.00   5.0  0.0
3438.72 0.0000 1.12   0.00   5.0  0.0
3438.73 0.0000 1.13   0.00   5.0  0.0
3438.74 0.0000 1.16   0.00   5.0  0.0
3438.75 0.0000 1.25   0.00   4.9  0.0
3438.76 0.0000 1.24   0.00   4.9  0.0
3438.77 0.0000 1.19   0.00   4.9  0.0
3438.78 0.0000 1.11   0.00   4.9  0.0
3438.79 0.0000 1.02   0.00   5.0  0.0
3438.80 0.0000 0.90   0.00   5.1  0.1
3438.81 0.0000 0.91   0.00   5.1  0.1
3438.82 0.0000 0.91   0.00   5.2  0.3
3438.83 0.0000 0.85   0.00   5.2  0.6
3438.84 0.0000 0.81   0.00   5.2  0.8
3438.85 0.0000 0.77   0.00   5.2  1.1
3438.86 0.0000 0.67   0.00   5.2  1.7
3438.87 0.0000 0.55   0.00   5.2  2.3
3438.88 0.0000 0.44   0.00   5.2  2.9
3438.89 0.0000 0.39   0.00   5.3  3.3
3438.90 0.0000 0.24   0.00   5.3  4.0
3438.91 0.0000 0.13   0.00   5.3  4.6
3438.92 0.0000 0.08   0.00   5.3  4.9
3438.93 0.0000 0.06   0.00   5.3  5.1
3438.94 0.0000 0.03   0.00   5.4  5.3
3438.95 0.0000 0.02   0.00   5.5  5.4
3438.96 0.0000 0.01   0.00   5.5  5.5
3438.97 0.0000 0.01   0.00   5.5  5.5
3438.98 0.0000 0.00   0.00   5.5  5.5
3438.99 0.0000 0.03   0.00   5.6  5.4
3439.00 0.0000 0.05   0.00   5.5  5.2
3439.01 0.0000 0.04   0.00   5.5  5.3
3439.02 0.0000 0.02   0.00   5.6  5.5
3439.03 0.0000 0.06   0.00   5.6  5.3
3439.04 0.0000 0.13   0.00   5.6  5.0
3439.05 0.0000 0.18   0.00   5.7  4.7
3439.06 0.0000 0.18   0.00   5.7  4.8
3439.07 0.0000 0.19   0.00   5.7  4.7
3439.08 0.0000 0.27   0.00   5.6  4.3
3439.09 0.0000 0.35   0.00   5.7  3.9
3439.10 0.0000 0.36   0.00   5.6  3.8
3439.11 0.0000 0.44   0.00   5.6  3.3
3439.12 0.0000 0.49   0.00   5.6  3.1
3439.13 0.0000 0.49   0.00   5.6  3.1
3439.14 0.0000 0.45   0.00   5.6  3.3
3439.15 0.0000 0.40   0.00   5.7  3.7
3439.16 0.0000 0.33   0.00   5.8  4.1
3439.17 0.0000 0.36   0.00   5.6  3.8
3439.18 0.0000 0.40   0.00   5.6  3.6
3439.19 0.0000 0.45   0.00   5.6  3.3
3439.20 0.0000 0.52   0.00   5.6  2.9
3439.21 0.0000 0.59   0.00   5.6  2.5
3439.22 0.0000 0.61   0.00   5.6  2.4
3439.23 0.0000 0.62   0.00   5.6  2.3
3439.24 0.0000 0.63   0.00   5.5  2.2
3439.25 0.0000 0.63   0.00   5.4  2.1
3439.26 0.0000 0.64   0.00   5.4  2.1
3439.27 0.0000 0.65   0.00   5.4  2.0
3439.28 0.0000 0.62   0.00   5.4  2.1
3439.29 0.0000 0.54   0.00   5.4  2.5
3439.30 0.0000 0.50   0.00   5.4  2.7
3439.31 0.0000 0.47   0.00   5.4  2.9
3439.32 0.0000 0.50   0.00   5.4  2.7
3439.33 0.0000 0.49   0.00   5.4  2.7
3439.34 0.0000 0.46   0.00   5.3  2.8
3439.35 0.0000 0.37   0.00   5.3  3.2
3439.36 0.0000 0.33   0.00   5.2  3.3
3439.37 0.0000 0.29   0.00   5.1  3.5
3439.38 0.0000 0.23   0.00   5.2  3.9
3439.39 0.0000 0.13   0.00   5.2  4.4
3439.40 0.0000 0.07   0.00   5.1  4.7
3439.41 0.0000 0.04   0.00   5.1  4.8
3439.42 0.0000 0.02   0.00   5.0  4.8
3439.43 0.0000 0.02   0.00   5.0  4.9
3439.44 0.0000 0.01   0.00   5.0  4.9
3439.45 0.0000 0.02   0.00   4.9  4.7
3439.46 0.0000 0.05   0.00   4.8  4.5
3439.47 0.0000 0.04   0.00   4.8  4.5
3439.48 0.0000 0.13   0.00   4.7  3.9
3439.49 0.0000 0.10   0.01   4.7  4.1
3439.50 0.0000 0.11   0.00   4.7  4.1
3439.51 0.0000 0.13   0.00   4.8  4.0
3439.52 0.0000 0.11   0.00   4.8  4.2
3439.53 0.0000 0.11   0.00   4.9  4.2
3439.54 0.0000 0.17   0.00   4.9  3.9
3439.55 0.0000 0.21   0.00   4.9  3.7
3439.56 0.0000 0.24   0.00   4.9  3.4
3439.57 0.0000 0.27   0.02   4.8  3.2
3439.58 0.0000 0.26   0.06   4.9  3.3
3439.59 0.0000 0.29   0.11   4.9  3.0
3439.60 0.0000 0.30   0.16   4.8  2.8
3439.61 0.0000 0.27   0.21   4.7  3.0
3439.62 0.0000 0.25   0.23   4.6  2.9
3439.63 0.0000 0.24   0.22   4.6  3.0
3439.64 0.0000 0.24   0.23   4.6  3.0
3439.65 0.0000 0.28   0.29   4.6  2.7
3439.66 0.0000 0.31   0.22   4.6  2.4
3439.67 0.0000 0.34   0.17   4.6  2.3
3439.68 0.0000 0.38   0.10   4.6  1.9
3439.69 0.0000 0.44   0.05   4.6  1.4
3439.70 0.0000 0.40   0.06   4.6  1.7
3439.71 0.0000 0.41   0.05   4.6  1.7
3439.72 0.0000 0.43   0.13   4.6  1.6
3439.73 0.0000 0.49   0.29   4.6  1.2
3439.74 0.0000 0.61   0.39   4.6  0.3
3439.75 0.0000 0.62   0.41   4.6  0.3
3439.76 0.0000 0.61   0.39   4.6  0.3
3439.77 0.0000 0.54   0.41   4.6  0.9
3439.78 0.0000 0.47   0.43   4.7  1.5
3439.79 0.0000 0.41   0.40   4.8  2.0
3439.80 0.0000 0.35   0.28   4.9  2.5
3439.81 0.0000 0.30   0.25   4.8  2.7
3439.82 0.0000 0.29   0.17   4.8  2.8
3439.83 0.0000 0.28   0.17   4.7  2.8
3439.84 0.0000 0.23   0.18   4.7  3.2
3439.85 0.0000 0.13   0.26   4.7  3.8
3439.86 0.0000 0.09   0.36   4.6  4.0
3439.87 0.0000 0.09   0.46   4.7  4.1
3439.88 0.0000 0.09   0.48   4.7  4.1
3439.89 0.0000 0.11   0.53   4.7  4.0
3439.90 0.0000 0.18   0.50   4.8  3.5
3439.91 0.0000 0.27   0.46   4.8  3.0
3439.92 0.0000 0.36   0.45   4.8  2.5
3439.93 0.0000 0.52   0.35   4.9  1.6
3439.94 0.0000 0.64   0.26   5.0  1.1
3439.95 0.0000 0.69   0.16   5.0  0.8
3439.96 0.0000 0.70   0.13   5.0  0.9
3439.97 0.0000 0.76   0.08   5.0  0.6
3439.98 0.0000 0.84   0.04   5.0  0.1
3439.99 0.0000 0.84   0.02   4.9  0.0
3440.00 0.0000 0.89   0.02   4.8  0.0
3440.01 0.0000 1.04   0.01   4.8  0.0
3440.02 0.0000 1.12   0.01   4.7  0.0
3440.03 0.0000 1.10   0.00   4.7  0.0
3440.04 0.0000 1.11   0.00   4.8  0.0
3440.05 0.0000 1.05   0.00   4.7  0.0
3440.06 0.0000 0.96   0.00   4.7  0.0
3440.07 0.0000 0.87   0.00   4.7  0.0
3440.08 0.0000 0.85   0.00   4.7  0.0
3440.09 0.0000 0.80   0.00   4.7  0.0
3440.10 0.0000 0.80   0.00   4.6  0.0
3440.11 0.0000 0.79   0.00   4.6  0.0
3440.12 0.0000 0.81   0.00   4.6  0.0
3440.13 0.0000 0.86   0.00   4.6  0.0
3440.14 0.0000 0.88   0.00   4.6  0.0
3440.15 0.0000 0.93   0.00   4.6  0.0
3440.16 0.0000 0.98   0.00   4.5  0.0
3440.17 0.0000 0.99   0.00   4.5  0.0
3440.18 0.0000 0.96   0.00   4.4  0.0
3440.19 0.0000 0.90   0.00   4.4  0.0
3440.20 0.0000 0.87   0.00   4.4  0.0
3440.21 0.0000 0.88   0.00   4.4  0.0
3440.22 0.0000 0.87   0.00   4.3  0.0
3440.23 0.0000 0.69   0.00   4.3  0.0
3440.24 0.0000 0.58   0.00   4.1  0.2
3440.25 0.0000 0.56   0.00   4.1  0.2
3440.26 0.0000 0.49   0.00   4.0  0.7
3440.27 0.0000 0.48   0.00   4.0  0.7
3440.28 0.0000 0.48   0.00   4.0  0.7
3440.29 0.0000 0.45   0.00   4.0  1.0
3440.30 0.0000 0.42   0.00   4.1  1.3
3440.31 0.0000 0.42   0.00   4.2  1.4
3440.32 0.0000 0.42   0.00   4.2  1.4
3440.33 0.0000 0.41   0.00   4.2  1.4
3440.34 0.0000 0.42   0.00   4.2  1.3
3440.35 0.0000 0.46   0.00   4.2  1.1
3440.36 0.0000 0.56   0.00   4.1  0.4
3440.37 0.0000 0.61   0.00   4.1  0.1
3440.38 0.0000 0.72   0.00   4.2  0.0
3440.39 0.0000 0.80   0.00   4.3  0.0
3440.40 0.0000 0.77   0.00   4.4  0.0
