ELM     V003.000SPECTRL V003.000
M0
sng                           
2_Baydin                      
dolb.30                       
11-23-2009
3583.00 0.0083 1.50   0.67   14.3  0.0
3583.01 0.0081 1.46   0.67   14.3  0.0
3583.02 0.0079 1.38   0.67   15.1  0.0
3583.03 0.0081 1.36   0.70   16.0  0.0
3583.04 0.0092 1.28   0.91   17.3  0.0
3583.05 0.0096 1.21   1.03   18.0  0.0
3583.06 0.0103 1.21   1.19   18.7  0.0
3583.07 0.0107 1.31   1.24   18.7  0.0
3583.08 0.0110 1.32   1.26   18.8  0.0
3583.09 0.0109 1.24   1.25   18.6  1.2
3583.10 0.0107 1.09   1.11   18.4  4.4
3583.11 0.0103 0.93   0.90   18.3  7.3
3583.12 0.0098 0.87   0.80   18.2  8.3
3583.13 0.0093 0.82   0.73   18.8  10.1
3583.14 0.0091 0.77   0.68   18.9  11.3
3583.15 0.0079 0.66   0.55   17.1  11.0
3583.16 0.0072 0.61   0.45   16.3  10.9
3583.17 0.0062 0.54   0.35   15.8  11.2
3583.18 0.0051 0.45   0.34   14.6  11.0
3583.19 0.0049 0.42   0.34   14.5  11.3
3583.20 0.0046 0.38   0.33   14.1  11.3
3583.21 0.0041 0.32   0.29   12.9  10.7
3583.22 0.0036 0.28   0.25   12.1  10.2
3583.23 0.0034 0.29   0.26   12.2  10.3
3583.24 0.0032 0.31   0.28   12.1  10.1
3583.25 0.0031 0.26   0.29   11.6  9.9
3583.26 0.0029 0.24   0.28   10.9  9.4
3583.27 0.0027 0.23   0.26   10.6  9.1
3583.28 0.0027 0.23   0.27   10.7  9.3
3583.29 0.0028 0.26   0.30   11.3  9.7
3583.30 0.0028 0.27   0.32   11.3  9.6
3583.31 0.0023 0.25   0.29   9.9  8.3
3583.32 0.0021 0.25   0.27   9.3  7.8
3583.33 0.0019 0.24   0.24   8.8  7.3
3583.34 0.0018 0.24   0.25   8.9  7.5
3583.35 0.0019 0.25   0.26   9.1  7.5
3583.36 0.0018 0.21   0.23   8.4  7.1
3583.37 0.0018 0.19   0.24   8.4  7.2
3583.38 0.0020 0.16   0.26   8.6  7.6
3583.39 0.0020 0.16   0.26   8.7  7.6
3583.40 0.0020 0.14   0.28   8.6  7.7
3583.41 0.0021 0.15   0.29   9.1  8.2
3583.42 0.0020 0.19   0.31   9.1  7.9
3583.43 0.0018 0.20   0.30   8.6  7.3
3583.44 0.0015 0.15   0.23   7.1  6.0
3583.45 0.0013 0.14   0.22   6.6  5.7
3583.46 0.0010 0.11   0.19   5.5  4.7
3583.47 0.0009 0.10   0.18   5.2  4.6
3583.48 0.0009 0.08   0.17   4.8  4.2
3583.49 0.0009 0.09   0.16   5.0  4.4
3583.50 0.0008 0.08   0.13   4.4  3.9
3583.51 0.0008 0.08   0.13   3.5  2.9
3583.52 0.0008 0.08   0.12   3.2  2.7
3583.53 0.0008 0.08   0.13   3.9  3.4
3583.54 0.0008 0.06   0.14   3.7  3.3
3583.55 0.0008 0.03   0.12   2.3  2.1
3583.56 0.0008 0.04   0.12   1.7  1.4
3583.57 0.0008 0.05   0.13   1.3  1.0
3583.58 0.0008 0.04   0.12   1.1  0.8
3583.59 0.0008 0.04   0.11   1.1  0.9
3583.60 0.0008 0.02   0.11   1.2  1.1
3583.61 0.0008 0.01   0.12   1.2  1.2
3583.62 0.0008 0.00   0.11   1.4  1.3
3583.63 0.0008 0.00   0.11   1.4  1.4
3583.64 0.0008 0.00   0.11   1.5  1.5
3583.65 0.0007 0.00   0.11   1.7  1.7
3583.66 0.0007 0.00   0.10   1.8  1.8
3583.67 0.0007 0.00   0.10   1.8  1.8
3583.68 0.0007 0.01   0.09   1.9  1.9
3583.69 0.0007 0.01   0.10   2.1  2.1
3583.70 0.0006 0.01   0.10   2.2  2.2
3583.71 0.0006 0.01   0.11   2.4  2.4
3583.72 0.0006 0.01   0.11   2.4  2.4
3583.73 0.0006 0.00   0.11   2.6  2.5
3583.74 0.0006 0.00   0.10   2.6  2.6
3583.75 0.0006 0.00   0.10   2.6  2.6
3583.76 0.0006 0.00   0.10   2.7  2.7
3583.77 0.0006 0.00   0.11   2.7  2.7
3583.78 0.0006 0.00   0.10   2.7  2.7
3583.79 0.0006 0.00   0.11   2.8  2.8
3583.80 0.0006 0.00   0.11   2.8  2.8
3583.81 0.0006 0.00   0.12   2.8  2.8
3583.82 0.0006 0.00   0.13   2.7  2.7
3583.83 0.0006 0.00   0.13   2.7  2.7
3583.84 0.0006 0.00   0.13   2.7  2.7
3583.85 0.0006 0.00   0.13   2.7  2.7
3583.86 0.0006 0.00   0.12   2.6  2.6
3583.87 0.0007 0.00   0.11   2.6  2.6
3583.88 0.0007 0.00   0.10   2.5  2.5
3583.89 0.0007 0.00   0.11   2.5  2.5
3583.90 0.0007 0.00   0.11   2.4  2.4
3583.91 0.0008 0.00   0.09   2.4  2.4
3583.92 0.0008 0.00   0.09   2.4  2.4
3583.93 0.0008 0.00   0.10   2.4  2.4
3583.94 0.0008 0.00   0.09   2.3  2.3
3583.95 0.0008 0.00   0.09   2.3  2.3
3583.96 0.0009 0.00   0.09   2.2  2.2
3583.97 0.0009 0.00   0.10   2.1  2.1
3583.98 0.0009 0.00   0.10   2.1  2.1
3583.99 0.0009 0.00   0.10   2.1  2.1
3584.00 0.0009 0.00   0.10   2.0  2.0
3584.01 0.0009 0.00   0.10   1.9  1.9
3584.02 0.0009 0.00   0.08   1.9  1.9
3584.03 0.0010 0.00   0.08   1.9  1.9
3584.04 0.0010 0.00   0.08   1.8  1.8
3584.05 0.0010 0.00   0.08   1.6  1.6
3584.06 0.0010 0.01   0.08   1.5  1.5
3584.07 0.0011 0.00   0.08   1.5  1.5
3584.08 0.0011 0.00   0.08   1.4  1.4
3584.09 0.0011 0.01   0.08   1.4  1.3
3584.10 0.0011 0.01   0.08   1.4  1.3
3584.11 0.0011 0.02   0.07   1.4  1.3
3584.12 0.0011 0.02   0.08   1.3  1.2
3584.13 0.0011 0.01   0.09   1.4  1.3
3584.14 0.0010 0.01   0.08   1.4  1.3
3584.15 0.0011 0.01   0.07   1.4  1.3
3584.16 0.0011 0.02   0.07   1.5  1.4
3584.17 0.0010 0.02   0.07   1.5  1.4
3584.18 0.0010 0.02   0.07   1.6  1.5
3584.19 0.0010 0.02   0.08   1.7  1.5
3584.20 0.0010 0.03   0.09   1.6  1.5
3584.21 0.0009 0.03   0.09   1.7  1.5
3584.22 0.0010 0.03   0.08   1.8  1.6
3584.23 0.0009 0.03   0.09   1.8  1.6
3584.24 0.0009 0.03   0.09   1.7  1.6
3584.25 0.0009 0.03   0.08   1.8  1.6
3584.26 0.0009 0.04   0.08   1.7  1.5
3584.27 0.0009 0.03   0.07   1.8  1.6
3584.28 0.0009 0.03   0.06   1.8  1.7
3584.29 0.0009 0.03   0.06   1.9  1.7
3584.30 0.0008 0.04   0.05   1.9  1.7
3584.31 0.0008 0.04   0.06   1.9  1.7
3584.32 0.0008 0.03   0.06   1.9  1.8
3584.33 0.0008 0.03   0.07   2.0  1.8
3584.34 0.0007 0.03   0.08   2.0  1.8
3584.35 0.0007 0.04   0.08   2.0  1.8
3584.36 0.0007 0.05   0.08   2.0  1.7
3584.37 0.0006 0.05   0.08   2.1  1.8
3584.38 0.0005 0.05   0.08   2.2  1.9
3584.39 0.0005 0.06   0.07   2.2  1.9
3584.40 0.0005 0.06   0.06   2.2  1.9
3584.41 0.0005 0.07   0.05   2.1  1.7
3584.42 0.0006 0.07   0.05   2.1  1.6
3584.43 0.0005 0.07   0.05   2.1  1.6
3584.44 0.0005 0.07   0.04   2.2  1.8
3584.45 0.0005 0.07   0.04   2.2  1.8
3584.46 0.0005 0.08   0.03   2.2  1.7
3584.47 0.0004 0.08   0.03   2.3  1.7
3584.48 0.0004 0.09   0.03   2.3  1.7
3584.49 0.0005 0.08   0.04   2.4  1.9
3584.50 0.0005 0.08   0.04   2.4  1.9
3584.51 0.0005 0.07   0.04   2.4  1.9
3584.52 0.0005 0.07   0.03   2.5  2.0
3584.53 0.0005 0.06   0.04   2.5  2.1
3584.54 0.0005 0.06   0.04   2.5  2.1
3584.55 0.0005 0.06   0.04   2.6  2.2
3584.56 0.0005 0.06   0.05   2.6  2.1
3584.57 0.0005 0.06   0.06   2.6  2.2
3584.58 0.0005 0.05   0.06   2.6  2.2
3584.59 0.0005 0.05   0.07   2.6  2.3
3584.60 0.0006 0.06   0.07   2.8  2.5
3584.61 0.0006 0.05   0.06   2.9  2.5
3584.62 0.0006 0.06   0.06   2.8  2.5
3584.63 0.0006 0.06   0.05   2.8  2.5
3584.64 0.0006 0.05   0.05   2.8  2.5
3584.65 0.0006 0.05   0.04   2.8  2.5
3584.66 0.0007 0.05   0.03   2.8  2.6
3584.67 0.0008 0.03   0.02   2.9  2.7
3584.68 0.0008 0.02   0.02   3.0  2.9
3584.69 0.0009 0.02   0.02   3.0  2.9
3584.70 0.0009 0.01   0.02   3.1  3.0
3584.71 0.0010 0.01   0.03   3.1  3.1
3584.72 0.0010 0.00   0.04   3.2  3.2
3584.73 0.0010 0.00   0.06   3.4  3.4
3584.74 0.0011 0.00   0.06   3.5  3.5
3584.75 0.0010 0.00   0.07   3.4  3.4
3584.76 0.0011 0.00   0.06   3.5  3.5
3584.77 0.0011 0.00   0.06   3.6  3.6
3584.78 0.0011 0.00   0.07   3.6  3.6
3584.79 0.0011 0.00   0.06   3.6  3.6
3584.80 0.0011 0.00   0.06   3.6  3.6
3584.81 0.0012 0.00   0.06   3.7  3.7
3584.82 0.0011 0.00   0.08   3.6  3.6
3584.83 0.0011 0.00   0.09   3.6  3.6
3584.84 0.0011 0.00   0.11   3.6  3.6
3584.85 0.0011 0.00   0.10   3.5  3.5
3584.86 0.0012 0.00   0.08   3.5  3.5
3584.87 0.0012 0.00   0.07   3.6  3.6
3584.88 0.0012 0.00   0.05   3.5  3.5
3584.89 0.0013 0.00   0.03   3.6  3.6
3584.90 0.0013 0.00   0.04   3.6  3.6
3584.91 0.0012 0.00   0.06   3.5  3.5
3584.92 0.0011 0.00   0.09   3.4  3.4
3584.93 0.0010 0.00   0.13   3.4  3.4
3584.94 0.0010 0.00   0.13   3.4  3.4
3584.95 0.0010 0.00   0.14   3.4  3.4
3584.96 0.0010 0.00   0.14   3.4  3.4
3584.97 0.0009 0.00   0.15   3.4  3.4
3584.98 0.0009 0.00   0.17   3.4  3.4
3584.99 0.0009 0.00   0.17   3.5  3.5
3585.00 0.0009 0.00   0.17   3.5  3.5
3585.01 0.0009 0.00   0.17   3.5  3.5
3585.02 0.0008 0.00   0.17   3.4  3.4
3585.03 0.0009 0.00   0.18   3.5  3.5
3585.04 0.0009 0.00   0.20   3.5  3.5
3585.05 0.0009 0.00   0.18   3.5  3.5
3585.06 0.0009 0.00   0.18   3.5  3.5
3585.07 0.0009 0.00   0.18   3.5  3.5
3585.08 0.0010 0.00   0.18   3.4  3.4
3585.09 0.0010 0.00   0.17   3.4  3.4
3585.10 0.0010 0.00   0.16   3.5  3.5
3585.11 0.0011 0.00   0.16   3.5  3.5
3585.12 0.0011 0.00   0.15   3.4  3.4
3585.13 0.0011 0.00   0.10   3.4  3.4
3585.14 0.0011 0.02   0.06   3.5  3.3
3585.15 0.0011 0.04   0.04   3.5  3.3
3585.16 0.0011 0.04   0.05   3.5  3.2
3585.17 0.0011 0.04   0.06   3.5  3.3
3585.18 0.0010 0.04   0.07   3.4  3.2
3585.19 0.0010 0.04   0.09   3.5  3.3
3585.20 0.0010 0.05   0.10   3.5  3.3
3585.21 0.0011 0.01   0.14   3.6  3.5
3585.22 0.0010 0.03   0.11   3.6  3.4
3585.23 0.0011 0.03   0.08   3.7  3.5
3585.24 0.0011 0.04   0.06   3.6  3.4
3585.25 0.0010 0.04   0.08   3.6  3.4
3585.26 0.0009 0.05   0.09   3.4  3.2
3585.27 0.0009 0.03   0.10   3.4  3.2
3585.28 0.0010 0.01   0.11   3.4  3.4
3585.29 0.0010 0.01   0.13   3.5  3.4
3585.30 0.0010 0.02   0.12   3.4  3.3
3585.31 0.0009 0.02   0.13   3.4  3.3
3585.32 0.0008 0.05   0.12   3.3  3.0
3585.33 0.0007 0.08   0.10   3.3  2.8
3585.34 0.0007 0.10   0.08   3.3  2.6
3585.35 0.0006 0.12   0.06   3.1  2.3
3585.36 0.0005 0.13   0.06   3.1  2.2
3585.37 0.0005 0.11   0.07   3.0  2.2
3585.38 0.0005 0.11   0.08   3.1  2.3
3585.39 0.0005 0.11   0.08   3.0  2.3
3585.40 0.0005 0.09   0.08   3.0  2.4
3585.41 0.0005 0.07   0.09   2.9  2.5
3585.42 0.0005 0.07   0.10   2.8  2.4
3585.43 0.0005 0.06   0.10   2.8  2.4
3585.44 0.0005 0.05   0.10   2.8  2.5
3585.45 0.0005 0.04   0.11   2.8  2.5
3585.46 0.0005 0.04   0.11   2.7  2.5
3585.47 0.0005 0.02   0.11   2.7  2.5
3585.48 0.0005 0.03   0.10   2.7  2.5
3585.49 0.0005 0.03   0.10   2.7  2.5
3585.50 0.0005 0.02   0.09   2.6  2.5
3585.51 0.0006 0.02   0.08   2.6  2.5
3585.52 0.0006 0.03   0.09   2.6  2.4
3585.53 0.0006 0.03   0.08   2.6  2.4
3585.54 0.0005 0.03   0.08   2.6  2.5
3585.55 0.0005 0.04   0.09   2.6  2.3
3585.56 0.0005 0.04   0.09   2.6  2.3
3585.57 0.0005 0.06   0.07   2.6  2.2
3585.58 0.0005 0.06   0.07   2.6  2.2
3585.59 0.0005 0.06   0.07   2.5  2.1
3585.60 0.0005 0.06   0.06   2.5  2.1
3585.61 0.0005 0.06   0.07   2.4  2.1
3585.62 0.0006 0.06   0.07   2.4  2.1
3585.63 0.0006 0.05   0.07   2.4  2.1
3585.64 0.0006 0.05   0.07   2.4  2.1
3585.65 0.0006 0.04   0.09   2.4  2.2
3585.66 0.0007 0.02   0.10   2.4  2.3
3585.67 0.0007 0.01   0.10   2.4  2.3
3585.68 0.0007 0.02   0.10   2.4  2.3
3585.69 0.0007 0.02   0.10   2.5  2.4
3585.70 0.0007 0.02   0.09   2.4  2.3
3585.71 0.0007 0.02   0.10   2.4  2.3
3585.72 0.0007 0.02   0.10   2.4  2.3
3585.73 0.0006 0.03   0.09   2.4  2.2
3585.74 0.0006 0.03   0.09   2.4  2.2
3585.75 0.0006 0.03   0.09   2.3  2.1
3585.76 0.0007 0.03   0.08   2.4  2.2
3585.77 0.0007 0.03   0.09   2.4  2.2
3585.78 0.0006 0.04   0.09   2.4  2.2
3585.79 0.0006 0.04   0.09   2.3  2.1
3585.80 0.0006 0.04   0.09   2.3  2.1
3585.81 0.0006 0.04   0.09   2.3  2.0
3585.82 0.0006 0.04   0.09   2.3  2.0
3585.83 0.0005 0.04   0.10   2.2  2.0
3585.84 0.0005 0.05   0.09   2.2  1.9
3585.85 0.0005 0.04   0.09   2.1  1.9
3585.86 0.0006 0.04   0.10   2.1  1.8
3585.87 0.0006 0.03   0.11   2.0  1.9
3585.88 0.0007 0.02   0.11   2.0  1.9
3585.89 0.0007 0.01   0.11   2.0  1.9
3585.90 0.0007 0.00   0.11   2.0  1.9
3585.91 0.0007 0.00   0.10   2.0  2.0
3585.92 0.0007 0.00   0.10   2.0  2.0
3585.93 0.0008 0.00   0.11   1.9  1.9
3585.94 0.0008 0.01   0.11   1.8  1.7
3585.95 0.0008 0.01   0.10   1.6  1.6
3585.96 0.0008 0.02   0.10   1.7  1.5
3585.97 0.0007 0.02   0.09   1.7  1.6
3585.98 0.0007 0.02   0.09   1.7  1.6
3585.99 0.0008 0.03   0.09   1.7  1.5
3586.00 0.0008 0.03   0.09   1.6  1.4
3586.01 0.0008 0.03   0.10   1.6  1.4
3586.02 0.0009 0.02   0.09   1.5  1.4
3586.03 0.0009 0.02   0.09   1.5  1.4
3586.04 0.0009 0.01   0.09   1.5  1.4
3586.05 0.0009 0.00   0.09   1.6  1.5
3586.06 0.0009 0.00   0.09   1.6  1.6
3586.07 0.0009 0.00   0.09   1.6  1.6
3586.08 0.0009 0.01   0.08   1.6  1.6
3586.09 0.0009 0.01   0.09   1.6  1.6
3586.10 0.0009 0.01   0.10   1.5  1.5
3586.11 0.0009 0.01   0.10   1.5  1.5
3586.12 0.0010 0.01   0.10   1.6  1.5
3586.13 0.0010 0.01   0.10   1.7  1.6
3586.14 0.0010 0.01   0.10   1.7  1.6
3586.15 0.0010 0.01   0.10   1.6  1.6
3586.16 0.0010 0.01   0.10   1.7  1.6
3586.17 0.0010 0.01   0.09   1.7  1.6
3586.18 0.0010 0.02   0.09   1.8  1.7
3586.19 0.0009 0.02   0.08   1.8  1.7
3586.20 0.0009 0.02   0.09   1.9  1.8
3586.21 0.0008 0.01   0.09   2.1  2.0
3586.22 0.0008 0.01   0.09   2.1  2.1
3586.23 0.0008 0.01   0.09   2.3  2.2
3586.24 0.0007 0.00   0.08   2.4  2.4
3586.25 0.0007 0.00   0.08   2.5  2.5
3586.26 0.0007 0.00   0.08   2.6  2.6
3586.27 0.0007 0.00   0.08   2.8  2.8
3586.28 0.0007 0.00   0.09   2.9  2.9
3586.29 0.0007 0.00   0.08   2.9  2.9
3586.30 0.0007 0.00   0.09   2.9  2.9
3586.31 0.0007 0.00   0.09   2.9  2.9
3586.32 0.0007 0.00   0.12   3.0  3.0
3586.33 0.0007 0.00   0.11   3.0  3.0
3586.34 0.0007 0.00   0.14   3.1  3.1
3586.35 0.0007 0.00   0.16   3.2  3.2
3586.36 0.0008 0.00   0.18   3.3  3.3
3586.37 0.0008 0.00   0.19   3.4  3.4
3586.38 0.0008 0.01   0.20   3.5  3.5
3586.39 0.0009 0.01   0.23   3.6  3.6
3586.40 0.0009 0.00   0.23   3.7  3.7
3586.41 0.0010 0.00   0.27   3.8  3.8
3586.42 0.0012 0.00   0.27   3.9  3.9
3586.43 0.0012 0.00   0.26   3.9  3.9
3586.44 0.0013 0.00   0.25   3.8  3.8
3586.45 0.0014 0.00   0.28   3.9  3.9
3586.46 0.0017 0.00   0.34   4.0  4.0
3586.47 0.0018 0.00   0.41   4.0  4.0
3586.48 0.0020 0.00   0.49   4.1  4.1
3586.49 0.0023 0.00   0.57   4.1  4.1
3586.50 0.0024 0.02   0.60   4.1  4.0
3586.51 0.0024 0.02   0.62   4.1  4.0
3586.52 0.0022 0.08   0.62   4.2  3.8
3586.53 0.0019 0.15   0.61   4.2  3.4
3586.54 0.0018 0.18   0.61   4.1  3.2
3586.55 0.0018 0.17   0.66   4.1  3.3
3586.56 0.0017 0.22   0.63   4.2  3.1
3586.57 0.0014 0.36   0.64   4.1  2.4
3586.58 0.0012 0.39   0.58   4.1  2.2
3586.59 0.0008 0.42   0.41   4.1  2.0
3586.60 0.0005 0.48   0.36   4.2  1.8
3586.61 0.0004 0.52   0.40   4.2  1.7
3586.62 0.0004 0.52   0.41   4.3  1.7
3586.63 0.0005 0.55   0.37   4.3  1.6
3586.64 0.0006 0.49   0.30   4.3  1.9
3586.65 0.0006 0.46   0.23   4.3  2.0
3586.66 0.0005 0.41   0.20   4.2  2.2
3586.67 0.0005 0.38   0.23   4.1  2.2
3586.68 0.0005 0.37   0.25   4.1  2.2
3586.69 0.0005 0.36   0.24   4.0  2.2
3586.70 0.0005 0.36   0.27   4.0  2.1
3586.71 0.0004 0.32   0.23   3.8  2.1
3586.72 0.0003 0.29   0.21   3.8  2.2
3586.73 0.0003 0.29   0.24   3.7  2.2
3586.74 0.0001 0.30   0.28   3.7  2.1
3586.75 0.0000 0.33   0.34   3.8  2.0
3586.76 0.0000 0.33   0.37   3.8  2.0
3586.77 0.0001 0.27   0.38   3.7  2.3
3586.78 0.0001 0.22   0.36   3.6  2.4
3586.79 0.0002 0.18   0.42   3.6  2.6
3586.80 0.0002 0.15   0.44   3.6  2.8
3586.81 0.0002 0.15   0.39   3.5  2.7
3586.82 0.0003 0.11   0.34   3.4  2.8
3586.83 0.0004 0.08   0.29   3.5  3.0
3586.84 0.0004 0.08   0.29   3.4  3.0
3586.85 0.0004 0.08   0.28   3.4  2.9
3586.86 0.0004 0.09   0.25   3.3  2.8
3586.87 0.0004 0.09   0.23   3.3  2.8
3586.88 0.0004 0.08   0.24   3.3  2.8
3586.89 0.0004 0.06   0.27   3.3  2.9
3586.90 0.0005 0.03   0.28   3.3  3.1
3586.91 0.0005 0.02   0.27   3.2  3.1
3586.92 0.0005 0.03   0.24   3.2  3.0
3586.93 0.0005 0.02   0.24   3.2  3.0
3586.94 0.0005 0.02   0.25   3.2  3.1
3586.95 0.0006 0.01   0.25   3.2  3.1
3586.96 0.0005 0.00   0.26   3.1  3.1
3586.97 0.0006 0.00   0.24   3.1  3.1
3586.98 0.0006 0.00   0.22   3.1  3.1
3586.99 0.0005 0.00   0.21   2.9  2.8
3587.00 0.0005 0.00   0.19   2.9  2.9
3587.01 0.0005 0.00   0.20   2.8  2.8
3587.02 0.0005 0.00   0.20   2.9  2.9
3587.03 0.0005 0.00   0.17   2.7  2.7
3587.04 0.0005 0.00   0.15   2.6  2.6
3587.05 0.0005 0.00   0.14   2.5  2.5
3587.06 0.0005 0.00   0.12   2.5  2.5
3587.07 0.0005 0.00   0.12   2.4  2.4
3587.08 0.0005 0.00   0.13   2.2  2.2
3587.09 0.0005 0.00   0.14   2.2  2.2
3587.10 0.0005 0.00   0.14   2.1  2.1
3587.11 0.0006 0.00   0.14   2.1  2.1
3587.12 0.0006 0.00   0.14   2.1  2.1
3587.13 0.0006 0.00   0.13   2.0  2.0
3587.14 0.0006 0.00   0.13   2.1  2.1
3587.15 0.0006 0.00   0.12   2.0  2.0
3587.16 0.0006 0.01   0.12   2.0  1.9
3587.17 0.0007 0.01   0.12   1.8  1.7
3587.18 0.0007 0.00   0.12   1.8  1.8
3587.19 0.0007 0.00   0.12   1.7  1.7
3587.20 0.0007 0.00   0.12   1.7  1.7
3587.21 0.0008 0.00   0.11   1.7  1.7
3587.22 0.0008 0.00   0.12   1.7  1.7
3587.23 0.0008 0.00   0.12   1.6  1.6
3587.24 0.0008 0.00   0.11   1.6  1.6
3587.25 0.0008 0.00   0.11   1.5  1.5
3587.26 0.0008 0.00   0.10   1.6  1.6
3587.27 0.0008 0.00   0.10   1.7  1.7
3587.28 0.0008 0.00   0.09   1.6  1.6
3587.29 0.0008 0.00   0.10   1.5  1.5
3587.30 0.0008 0.00   0.09   1.7  1.7
3587.31 0.0008 0.00   0.09   1.7  1.7
3587.32 0.0008 0.00   0.09   1.7  1.7
3587.33 0.0008 0.00   0.08   1.7  1.7
3587.34 0.0008 0.00   0.08   1.7  1.7
3587.35 0.0008 0.00   0.07   1.7  1.7
3587.36 0.0008 0.00   0.06   1.8  1.8
3587.37 0.0008 0.00   0.06   1.8  1.8
3587.38 0.0008 0.00   0.06   1.8  1.8
3587.39 0.0008 0.00   0.05   1.7  1.7
3587.40 0.0008 0.02   0.03   1.8  1.6
3587.41 0.0008 0.03   0.02   1.8  1.6
3587.42 0.0008 0.02   0.02   1.8  1.6
3587.43 0.0008 0.03   0.01   1.9  1.7
3587.44 0.0007 0.03   0.01   1.9  1.7
3587.45 0.0008 0.03   0.01   1.8  1.6
3587.46 0.0008 0.03   0.03   1.8  1.6
3587.47 0.0008 0.01   0.03   1.9  1.8
3587.48 0.0008 0.02   0.03   1.9  1.8
3587.49 0.0008 0.03   0.03   1.9  1.7
3587.50 0.0007 0.04   0.03   1.9  1.7
3587.51 0.0007 0.05   0.02   1.9  1.5
3587.52 0.0007 0.06   0.03   1.9  1.5
3587.53 0.0007 0.07   0.02   1.9  1.5
3587.54 0.0007 0.08   0.02   1.9  1.4
3587.55 0.0007 0.08   0.02   1.9  1.3
3587.56 0.0007 0.08   0.03   1.9  1.4
3587.57 0.0007 0.08   0.03   1.8  1.2
3587.58 0.0007 0.09   0.04   1.7  1.2
3587.59 0.0007 0.08   0.05   1.8  1.2
3587.60 0.0007 0.08   0.06   1.8  1.2
3587.61 0.0007 0.09   0.05   1.7  1.1
3587.62 0.0007 0.09   0.06   1.7  1.1
3587.63 0.0007 0.11   0.06   1.7  1.0
3587.64 0.0007 0.11   0.06   1.7  1.1
3587.65 0.0007 0.11   0.06   1.8  1.1
3587.66 0.0008 0.10   0.07   1.9  1.3
3587.67 0.0008 0.11   0.07   1.9  1.3
3587.68 0.0008 0.12   0.07   1.9  1.3
3587.69 0.0008 0.11   0.07   1.9  1.3
3587.70 0.0008 0.11   0.07   2.0  1.5
3587.71 0.0008 0.10   0.06   2.1  1.5
3587.72 0.0008 0.09   0.07   2.1  1.6
3587.73 0.0008 0.09   0.07   2.2  1.7
3587.74 0.0008 0.09   0.07   2.2  1.8
3587.75 0.0008 0.08   0.07   2.3  1.8
3587.76 0.0008 0.07   0.06   2.4  2.0
3587.77 0.0008 0.07   0.06   2.5  2.1
3587.78 0.0008 0.08   0.06   2.5  2.1
3587.79 0.0007 0.09   0.05   2.5  2.0
3587.80 0.0007 0.09   0.06   2.5  2.0
3587.81 0.0007 0.08   0.06   2.5  2.1
3587.82 0.0007 0.08   0.06   2.6  2.2
3587.83 0.0008 0.08   0.05   2.6  2.2
3587.84 0.0008 0.07   0.05   2.6  2.3
3587.85 0.0007 0.07   0.05   2.6  2.3
3587.86 0.0007 0.06   0.04   2.6  2.3
3587.87 0.0007 0.07   0.03   2.7  2.3
3587.88 0.0007 0.08   0.04   2.6  2.2
3587.89 0.0007 0.09   0.04   2.6  2.2
3587.90 0.0007 0.10   0.04   2.6  2.0
3587.91 0.0007 0.10   0.03   2.5  2.0
3587.92 0.0007 0.10   0.02   2.6  2.0
3587.93 0.0006 0.11   0.02   2.5  1.9
3587.94 0.0006 0.12   0.02   2.5  1.8
3587.95 0.0006 0.11   0.03   2.5  1.9
3587.96 0.0006 0.10   0.03   2.5  1.9
3587.97 0.0006 0.11   0.03   2.4  1.8
3587.98 0.0006 0.10   0.04   2.4  1.8
3587.99 0.0005 0.10   0.05   2.4  1.8
3588.00 0.0006 0.10   0.05   2.4  1.8
3588.01 0.0005 0.09   0.06   2.5  1.9
3588.02 0.0005 0.09   0.07   2.5  2.0
3588.03 0.0005 0.08   0.07   2.5  2.0
3588.04 0.0005 0.08   0.08   2.4  1.9
3588.05 0.0005 0.09   0.08   2.3  1.8
3588.06 0.0005 0.09   0.08   2.2  1.7
3588.07 0.0005 0.09   0.08   2.2  1.6
3588.08 0.0005 0.10   0.08   2.1  1.5
3588.09 0.0005 0.10   0.08   2.1  1.5
3588.10 0.0005 0.09   0.08   2.2  1.6
3588.11 0.0005 0.08   0.08   2.1  1.6
3588.12 0.0005 0.07   0.08   2.1  1.7
3588.13 0.0005 0.06   0.08   2.1  1.8
3588.14 0.0005 0.06   0.09   2.0  1.7
3588.15 0.0005 0.06   0.10   2.1  1.7
3588.16 0.0005 0.06   0.09   2.1  1.7
3588.17 0.0005 0.05   0.10   2.1  1.8
3588.18 0.0005 0.05   0.09   2.2  1.8
3588.19 0.0005 0.05   0.10   2.1  1.8
3588.20 0.0005 0.03   0.11   2.1  1.9
3588.21 0.0006 0.02   0.12   2.2  2.0
3588.22 0.0005 0.01   0.12   2.2  2.1
3588.23 0.0005 0.02   0.11   2.3  2.2
3588.24 0.0005 0.02   0.12   2.4  2.3
3588.25 0.0005 0.01   0.11   2.4  2.3
3588.26 0.0006 0.02   0.11   2.4  2.3
3588.27 0.0006 0.02   0.11   2.4  2.2
3588.28 0.0006 0.01   0.11   2.4  2.3
3588.29 0.0006 0.02   0.11   2.4  2.3
3588.30 0.0006 0.03   0.09   2.3  2.1
3588.31 0.0006 0.03   0.09   2.3  2.2
3588.32 0.0006 0.03   0.08   2.3  2.1
3588.33 0.0006 0.04   0.08   2.3  2.1
3588.34 0.0006 0.06   0.09   2.2  1.9
3588.35 0.0006 0.07   0.09   2.2  1.8
3588.36 0.0006 0.07   0.07   2.3  1.9
3588.37 0.0006 0.07   0.07   2.3  1.9
3588.38 0.0006 0.08   0.08   2.3  1.8
3588.39 0.0005 0.08   0.08   2.2  1.8
3588.40 0.0005 0.08   0.08   2.2  1.8
3588.41 0.0006 0.07   0.06   2.2  1.7
3588.42 0.0006 0.08   0.06   2.2  1.7
3588.43 0.0006 0.08   0.06   2.2  1.7
3588.44 0.0006 0.09   0.05   2.2  1.7
3588.45 0.0006 0.09   0.05   2.2  1.6
3588.46 0.0006 0.09   0.05   2.2  1.7
3588.47 0.0006 0.10   0.04   2.2  1.7
3588.48 0.0006 0.10   0.05   2.2  1.7
3588.49 0.0006 0.10   0.03   2.4  1.8
3588.50 0.0006 0.10   0.03   2.5  2.0
3588.51 0.0006 0.10   0.02   2.6  2.0
3588.52 0.0006 0.10   0.01   2.6  2.0
3588.53 0.0006 0.09   0.01   2.6  2.1
3588.54 0.0006 0.10   0.00   2.6  2.1
3588.55 0.0006 0.09   0.00   2.7  2.2
3588.56 0.0006 0.08   0.01   2.7  2.3
3588.57 0.0006 0.07   0.01   2.8  2.4
3588.58 0.0006 0.07   0.00   2.8  2.3
3588.59 0.0006 0.08   0.00   2.8  2.4
3588.60 0.0007 0.08   0.00   2.9  2.5
3588.61 0.0007 0.07   0.00   3.0  2.6
3588.62 0.0008 0.07   0.00   3.1  2.7
3588.63 0.0008 0.07   0.00   3.3  2.8
3588.64 0.0009 0.08   0.00   3.4  2.9
3588.65 0.0009 0.07   0.00   3.4  2.9
3588.66 0.0009 0.07   0.00   3.4  3.0
3588.67 0.0010 0.08   0.00   3.5  3.0
3588.68 0.0010 0.11   0.00   3.6  3.0
3588.69 0.0010 0.11   0.00   3.7  3.0
3588.70 0.0011 0.11   0.00   3.7  3.1
3588.71 0.0011 0.10   0.00   3.7  3.1
3588.72 0.0011 0.12   0.00   3.8  3.1
3588.73 0.0011 0.14   0.00   3.8  3.0
3588.74 0.0012 0.16   0.00   3.9  2.9
3588.75 0.0012 0.18   0.00   3.9  2.8
3588.76 0.0014 0.16   0.00   3.9  2.9
3588.77 0.0016 0.14   0.00   3.9  3.1
3588.78 0.0017 0.12   0.00   4.0  3.3
3588.79 0.0015 0.14   0.00   3.9  3.1
3588.80 0.0015 0.15   0.00   3.9  3.0
3588.81 0.0018 0.15   0.00   4.0  3.0
3588.82 0.0021 0.16   0.00   4.0  3.0
3588.83 0.0020 0.20   0.01   3.9  2.6
3588.84 0.0020 0.21   0.00   3.9  2.5
3588.85 0.0022 0.18   0.05   3.9  2.7
3588.86 0.0026 0.12   0.13   3.9  3.1
3588.87 0.0029 0.07   0.16   3.9  3.5
3588.88 0.0030 0.05   0.19   4.0  3.7
3588.89 0.0031 0.03   0.23   4.0  3.8
3588.90 0.0031 0.02   0.21   4.1  4.0
3588.91 0.0031 0.01   0.24   4.1  4.0
3588.92 0.0029 0.01   0.29   4.1  4.0
3588.93 0.0027 0.00   0.35   4.1  4.1
3588.94 0.0025 0.00   0.37   4.1  4.1
3588.95 0.0024 0.00   0.37   4.1  4.1
3588.96 0.0023 0.00   0.41   4.0  4.0
3588.97 0.0023 0.00   0.40   4.1  4.1
3588.98 0.0023 0.00   0.38   4.2  4.2
3588.99 0.0023 0.00   0.27   4.2  4.2
3589.00 0.0025 0.00   0.18   4.2  4.2
3589.01 0.0026 0.00   0.10   4.2  4.2
3589.02 0.0027 0.00   0.07   4.2  4.2
3589.03 0.0031 0.00   0.04   4.3  4.3
3589.04 0.0031 0.00   0.05   4.3  4.3
3589.05 0.0033 0.00   0.04   4.3  4.3
3589.06 0.0035 0.00   0.03   4.3  4.3
3589.07 0.0036 0.00   0.03   4.3  4.3
3589.08 0.0036 0.00   0.05   4.3  4.3
3589.09 0.0036 0.00   0.07   4.3  4.3
3589.10 0.0035 0.00   0.07   4.3  4.3
3589.11 0.0036 0.00   0.05   4.3  4.3
3589.12 0.0037 0.00   0.03   4.3  4.3
3589.13 0.0037 0.00   0.02   4.2  4.2
3589.14 0.0033 0.00   0.01   4.1  4.1
3589.15 0.0029 0.00   0.00   4.1  4.1
3589.16 0.0025 0.00   0.00   4.0  4.0
3589.17 0.0023 0.00   0.00   4.0  4.0
3589.18 0.0020 0.00   0.00   3.9  3.9
3589.19 0.0016 0.02   0.00   3.8  3.7
3589.20 0.0015 0.03   0.00   3.7  3.6
3589.21 0.0013 0.03   0.00   3.7  3.5
3589.22 0.0011 0.04   0.00   3.6  3.3
3589.23 0.0010 0.05   0.00   3.3  3.0
3589.24 0.0009 0.05   0.00   3.2  2.9
3589.25 0.0008 0.05   0.00   3.1  2.7
3589.26 0.0008 0.04   0.00   2.9  2.6
3589.27 0.0007 0.06   0.00   2.7  2.3
3589.28 0.0007 0.07   0.00   2.6  2.1
3589.29 0.0007 0.07   0.00   2.3  1.8
3589.30 0.0007 0.07   0.01   2.2  1.7
3589.31 0.0007 0.07   0.01   2.1  1.5
3589.32 0.0007 0.08   0.02   1.9  1.2
3589.33 0.0007 0.09   0.01   1.7  0.9
3589.34 0.0007 0.10   0.02   1.5  0.6
3589.35 0.0007 0.10   0.01   1.4  0.5
3589.36 0.0008 0.11   0.01   1.3  0.3
3589.37 0.0008 0.10   0.02   1.2  0.2
3589.38 0.0007 0.11   0.02   1.1  0.1
3589.39 0.0007 0.12   0.02   1.0  0.0
3589.40 0.0007 0.12   0.02   2.7  1.5
3589.41 0.0007 0.13   0.04   3.7  2.5
3589.42 0.0008 0.13   0.04   4.3  3.0
3589.43 0.0011 0.17   0.08   5.9  4.2
3589.44 0.0014 0.22   0.12   7.2  5.0
3589.45 0.0019 0.33   0.16   9.3  6.0
3589.46 0.0021 0.38   0.18   10.1  6.2
3589.47 0.0022 0.43   0.23   10.6  6.2
3589.48 0.0024 0.44   0.29   11.4  6.9
3589.49 0.0028 0.48   0.34   12.6  7.6
3589.50 0.0032 0.55   0.37   13.6  7.9
3589.51 0.0039 0.64   0.46   15.1  8.6
3589.52 0.0046 0.76   0.54   16.7  9.0
3589.53 0.0050 0.84   0.61   17.6  9.1
3589.54 0.0056 0.93   0.71   18.2  8.9
3589.55 0.0066 1.10   0.85   20.2  9.5
3589.56 0.0073 1.17   0.92   20.9  9.7
3589.57 0.0077 1.25   0.97   21.5  9.7
3589.58 0.0090 1.48   1.16   23.4  9.6
3589.59 0.0101 1.69   1.32   24.2  8.8
3589.60 0.0107 1.76   1.43   24.6  8.8
3589.61 0.0118 1.92   1.66   26.4  9.7
3589.62 0.0121 1.99   1.78   26.4  9.6
3589.63 0.0114 1.95   1.76   26.1  10.1
3589.64 0.0114 1.91   1.77   26.3  10.9
3589.65 0.0112 1.88   1.78   26.7  12.0
3589.66 0.0104 1.77   1.72   25.4  11.9
3589.67 0.0105 1.76   1.81   26.4  13.3
3589.68 0.0109 1.78   1.89   26.7  13.6
3589.69 0.0108 1.71   1.84   25.6  13.4
3589.70 0.0103 1.54   1.67   24.2  13.4
3589.71 0.0096 1.36   1.53   22.9  13.3
3589.72 0.0084 1.14   1.27   21.5  13.7
3589.73 0.0068 1.00   1.06   19.8  13.0
3589.74 0.0060 0.92   0.96   18.8  12.7
3589.75 0.0055 0.87   0.88   17.8  12.1
3589.76 0.0045 0.67   0.71   15.5  11.0
3589.77 0.0036 0.51   0.61   13.6  10.3
3589.78 0.0031 0.42   0.46   12.3  9.6
3589.79 0.0028 0.39   0.38   11.4  8.9
3589.80 0.0021 0.30   0.29   9.4  7.5
3589.81 0.0013 0.21   0.19   6.6  5.3
3589.82 0.0011 0.17   0.15   5.6  4.6
3589.83 0.0008 0.12   0.09   3.5  2.8
3589.84 0.0007 0.11   0.09   1.3  0.6
3589.85 0.0007 0.10   0.09   1.2  0.6
3589.86 0.0006 0.10   0.09   1.3  0.7
3589.87 0.0006 0.10   0.09   1.6  1.0
3589.88 0.0006 0.08   0.08   2.0  1.5
3589.89 0.0005 0.08   0.09   2.3  1.9
3589.90 0.0005 0.08   0.08   2.4  2.0
3589.91 0.0004 0.07   0.07   2.6  2.3
3589.92 0.0005 0.11   0.05   3.0  2.5
3589.93 0.0005 0.12   0.05   3.1  2.5
3589.94 0.0006 0.12   0.04   3.2  2.6
3589.95 0.0006 0.17   0.01   3.3  2.4
3589.96 0.0007 0.18   0.01   3.4  2.4
3589.97 0.0007 0.19   0.00   3.4  2.4
3589.98 0.0008 0.20   0.00   3.6  2.6
3589.99 0.0009 0.21   0.00   3.7  2.7
3590.00 0.0010 0.21   0.00   3.8  2.7
3590.01 0.0010 0.21   0.00   3.8  2.8
3590.02 0.0010 0.21   0.00   3.8  2.8
3590.03 0.0010 0.24   0.00   3.9  2.7
3590.04 0.0010 0.23   0.00   3.9  2.7
3590.05 0.0010 0.19   0.00   3.8  2.9
3590.06 0.0011 0.19   0.01   3.9  3.0
3590.07 0.0013 0.14   0.04   4.0  3.2
3590.08 0.0014 0.13   0.05   4.0  3.4
3590.09 0.0014 0.10   0.07   4.0  3.4
3590.10 0.0013 0.10   0.10   3.9  3.4
3590.11 0.0014 0.11   0.13   4.0  3.4
3590.12 0.0015 0.13   0.13   4.0  3.3
3590.13 0.0015 0.16   0.13   4.0  3.2
3590.14 0.0018 0.19   0.16   4.0  3.0
3590.15 0.0019 0.19   0.16   4.0  3.0
3590.16 0.0020 0.17   0.23   4.0  3.1
3590.17 0.0023 0.20   0.21   4.1  3.0
3590.18 0.0022 0.24   0.12   4.0  2.7
3590.19 0.0022 0.26   0.09   4.0  2.6
3590.20 0.0022 0.24   0.06   3.9  2.6
3590.21 0.0018 0.17   0.03   3.8  2.9
3590.22 0.0017 0.14   0.04   3.8  3.1
3590.23 0.0013 0.13   0.03   3.8  3.1
3590.24 0.0012 0.13   0.03   3.7  3.0
3590.25 0.0011 0.12   0.05   3.7  3.0
3590.26 0.0011 0.10   0.06   3.7  3.1
3590.27 0.0012 0.05   0.07   3.7  3.4
3590.28 0.0012 0.02   0.10   3.7  3.6
3590.29 0.0011 0.00   0.13   3.6  3.6
3590.30 0.0011 0.02   0.15   3.7  3.5
3590.31 0.0010 0.04   0.13   3.6  3.4
3590.32 0.0010 0.05   0.13   3.6  3.3
3590.33 0.0010 0.05   0.14   3.6  3.3
3590.34 0.0009 0.06   0.15   3.6  3.2
3590.35 0.0009 0.05   0.16   3.6  3.3
3590.36 0.0010 0.05   0.18   3.7  3.4
3590.37 0.0010 0.08   0.16   3.8  3.3
3590.38 0.0010 0.13   0.13   3.8  3.0
3590.39 0.0009 0.17   0.08   3.7  2.7
3590.40 0.0008 0.19   0.05   3.7  2.5
3590.41 0.0008 0.19   0.05   3.6  2.5
3590.42 0.0008 0.22   0.04   3.7  2.4
3590.43 0.0007 0.24   0.02   3.7  2.3
3590.44 0.0007 0.23   0.03   3.7  2.3
3590.45 0.0007 0.20   0.07   3.6  2.5
3590.46 0.0007 0.14   0.08   3.5  2.7
3590.47 0.0006 0.15   0.06   3.5  2.6
3590.48 0.0007 0.15   0.05   3.5  2.6
3590.49 0.0007 0.14   0.07   3.5  2.7
3590.50 0.0007 0.14   0.07   3.6  2.7
3590.51 0.0007 0.16   0.06   3.6  2.6
3590.52 0.0007 0.19   0.05   3.6  2.5
3590.53 0.0007 0.20   0.05   3.6  2.4
3590.54 0.0006 0.21   0.08   3.6  2.4
3590.55 0.0006 0.22   0.11   3.7  2.4
3590.56 0.0005 0.21   0.15   3.6  2.4
3590.57 0.0005 0.23   0.16   3.6  2.3
3590.58 0.0004 0.25   0.23   3.6  2.2
3590.59 0.0004 0.28   0.25   3.7  2.1
3590.60 0.0004 0.31   0.28   3.8  2.0
3590.61 0.0006 0.30   0.27   3.8  2.1
3590.62 0.0006 0.27   0.29   3.8  2.2
3590.63 0.0007 0.21   0.30   3.8  2.6
3590.64 0.0007 0.18   0.36   3.8  2.7
3590.65 0.0007 0.19   0.33   3.7  2.6
3590.66 0.0006 0.20   0.32   3.7  2.5
3590.67 0.0006 0.20   0.31   3.6  2.5
3590.68 0.0005 0.16   0.34   3.5  2.5
3590.69 0.0005 0.14   0.38   3.5  2.7
3590.70 0.0006 0.11   0.37   3.5  2.8
3590.71 0.0007 0.06   0.44   3.5  3.2
3590.72 0.0008 0.02   0.47   3.6  3.4
3590.73 0.0009 0.01   0.47   3.6  3.5
3590.74 0.0009 0.01   0.44   3.5  3.5
3590.75 0.0009 0.00   0.39   3.5  3.5
3590.76 0.0009 0.00   0.29   3.5  3.5
3590.77 0.0009 0.02   0.24   3.5  3.3
3590.78 0.0008 0.04   0.22   3.4  3.2
3590.79 0.0008 0.04   0.21   3.4  3.2
3590.80 0.0008 0.03   0.19   3.3  3.1
3590.81 0.0008 0.03   0.18   3.3  3.1
3590.82 0.0007 0.03   0.16   3.1  3.0
3590.83 0.0006 0.03   0.17   3.0  2.9
3590.84 0.0006 0.04   0.16   3.0  2.7
3590.85 0.0005 0.03   0.18   2.8  2.6
3590.86 0.0005 0.01   0.18   2.7  2.7
3590.87 0.0005 0.00   0.14   2.6  2.5
3590.88 0.0005 0.01   0.12   2.5  2.4
3590.89 0.0004 0.02   0.11   2.4  2.3
3590.90 0.0004 0.03   0.10   2.3  2.1
3590.91 0.0004 0.05   0.10   2.1  1.8
3590.92 0.0004 0.06   0.11   2.1  1.7
3590.93 0.0004 0.06   0.10   2.0  1.6
3590.94 0.0004 0.08   0.09   1.9  1.4
3590.95 0.0004 0.08   0.10   1.9  1.4
3590.96 0.0004 0.08   0.12   1.7  1.2
3590.97 0.0005 0.08   0.13   1.6  1.1
3590.98 0.0005 0.08   0.12   1.6  1.1
3590.99 0.0005 0.08   0.13   1.6  1.1
3591.00 0.0005 0.08   0.13   1.6  1.0
3591.01 0.0005 0.08   0.12   1.4  0.9
3591.02 0.0005 0.09   0.13   1.3  0.7
3591.03 0.0005 0.10   0.13   1.3  0.6
3591.04 0.0006 0.09   0.14   1.0  0.4
3591.05 0.0006 0.09   0.14   3.2  2.6
3591.06 0.0007 0.10   0.15   4.4  3.6
3591.07 0.0012 0.17   0.31   7.6  6.4
3591.08 0.0018 0.25   0.48   10.1  8.2
3591.09 0.0020 0.29   0.60   10.9  8.8
3591.10 0.0024 0.29   0.71   12.3  10.2
3591.11 0.0032 0.35   1.00   15.1  12.5
3591.12 0.0043 0.42   1.37   17.9  14.8
3591.13 0.0050 0.48   1.61   19.6  16.2
3591.14 0.0063 0.60   2.05   22.2  17.9
3591.15 0.0076 0.70   2.43   24.0  19.0
3591.16 0.0091 0.77   2.68   25.6  20.1
3591.17 0.0100 0.83   2.87   27.4  21.5
3591.18 0.0125 1.03   3.36   30.2  23.1
3591.19 0.0148 1.19   3.89   31.9  23.8
3591.20 0.0168 1.27   4.19   34.7  26.3
3591.21 0.0176 1.31   4.26   36.1  27.4
3591.22 0.0189 1.47   4.47   38.4  28.9
3591.23 0.0201 1.62   4.67   41.0  30.7
3591.24 0.0207 1.68   4.81   43.7  33.2
3591.25 0.0221 1.79   5.08   46.7  35.6
3591.26 0.0230 1.96   5.29   49.5  37.6
3591.27 0.0237 2.12   5.31   51.8  39.1
3591.28 0.0239 2.20   5.32   53.1  40.1
3591.29 0.0246 2.32   5.32   57.2  43.7
3591.30 0.0253 2.47   5.39   61.6  47.5
3591.31 0.0256 2.63   5.45   63.0  48.1
3591.32 0.0259 2.64   5.52   63.6  48.7
3591.33 0.0266 2.72   5.65   66.4  51.3
3591.34 0.0270 2.89   5.69   67.9  51.9
3591.35 0.0271 2.92   5.75   68.4  52.3
3591.36 0.0273 3.01   5.88   69.5  52.9
3591.37 0.0277 3.11   5.99   70.9  53.6
3591.38 0.0280 3.14   5.98   71.7  54.1
3591.39 0.0282 3.20   5.93   72.7  54.7
3591.40 0.0283 3.32   5.85   73.6  54.7
3591.41 0.0284 3.42   5.80   74.1  54.5
3591.42 0.0285 3.51   5.73   75.3  55.1
3591.43 0.0285 3.60   5.70   75.5  54.7
3591.44 0.0286 3.76   5.67   76.3  54.5
3591.45 0.0286 3.87   5.71   76.2  53.5
3591.46 0.0285 3.91   5.70   76.8  53.7
3591.47 0.0287 3.93   5.69   77.5  54.0
3591.48 0.0291 3.99   5.74   79.1  54.8
3591.49 0.0292 4.03   5.68   79.0  54.0
3591.50 0.0293 4.05   5.68   79.3  54.0
3591.51 0.0294 4.04   5.70   79.8  54.1
3591.52 0.0295 3.95   5.84   79.7  54.2
3591.53 0.0293 3.97   5.87   79.4  53.5
3591.54 0.0293 3.87   5.87   79.1  53.5
3591.55 0.0294 3.66   5.88   77.9  53.3
3591.56 0.0293 3.46   5.80   77.0  53.4
3591.57 0.0294 3.34   5.72   76.6  53.6
3591.58 0.0298 3.15   5.65   76.5  54.5
3591.59 0.0302 2.96   5.65   76.1  55.0
3591.60 0.0304 2.83   5.68   75.5  54.9
3591.61 0.0306 2.74   5.66   74.7  54.5
3591.62 0.0312 2.54   5.64   74.2  55.0
3591.63 0.0321 2.31   5.63   75.0  57.3
3591.64 0.0323 2.20   5.65   74.9  57.8
3591.65 0.0328 2.04   5.61   74.6  58.6
3591.66 0.0336 1.93   5.51   74.7  59.3
3591.67 0.0344 1.95   5.32   74.2  58.5
3591.68 0.0345 1.95   5.20   74.1  58.3
3591.69 0.0346 1.96   4.98   73.0  56.9
3591.70 0.0348 1.99   4.84   71.8  55.5
3591.71 0.0350 1.97   4.76   71.2  55.0
3591.72 0.0352 1.98   4.73   70.8  54.6
3591.73 0.0356 1.90   4.79   70.8  55.1
3591.74 0.0359 1.89   4.89   69.8  54.2
3591.75 0.0359 1.87   4.92   69.3  53.7
3591.76 0.0362 1.81   4.78   67.6  52.6
3591.77 0.0365 1.72   4.63   66.1  51.8
3591.78 0.0362 1.65   4.55   63.7  50.0
3591.79 0.0359 1.64   4.54   62.7  49.2
3591.80 0.0355 1.61   4.52   60.7  47.5
3591.81 0.0350 1.56   4.55   58.2  45.5
3591.82 0.0345 1.55   4.49   55.2  42.7
3591.83 0.0342 1.57   4.47   54.4  41.8
3591.84 0.0338 1.50   4.45   52.9  40.9
3591.85 0.0335 1.46   4.42   51.5  39.8
3591.86 0.0332 1.48   4.34   51.8  39.9
3591.87 0.0326 1.62   4.15   49.2  36.1
3591.88 0.0317 1.73   4.01   46.5  32.4
3591.89 0.0305 1.81   3.82   43.5  28.5
3591.90 0.0300 1.85   3.75   41.9  26.4
3591.91 0.0281 1.88   3.45   39.7  23.7
3591.92 0.0254 1.80   3.08   37.2  21.6
3591.93 0.0223 1.66   2.69   34.3  19.7
3591.94 0.0201 1.58   2.43   32.4  18.4
3591.95 0.0166 1.45   2.00   30.1  17.1
3591.96 0.0141 1.36   1.75   28.3  16.1
3591.97 0.0128 1.27   1.68   26.7  15.2
3591.98 0.0104 1.07   1.54   24.0  14.3
3591.99 0.0081 0.77   1.33   20.8  13.9
3592.00 0.0062 0.55   1.11   18.4  13.4
3592.01 0.0058 0.48   1.05   17.9  13.6
3592.02 0.0050 0.35   0.92   15.9  12.7
3592.03 0.0045 0.25   0.83   14.7  12.4
3592.04 0.0041 0.22   0.75   13.5  11.4
3592.05 0.0029 0.16   0.53   10.2  8.8
3592.06 0.0023 0.10   0.40   8.5  7.6
3592.07 0.0018 0.07   0.33   7.0  6.4
3592.08 0.0015 0.07   0.32   6.7  6.1
3592.09 0.0012 0.07   0.27   5.6  5.0
3592.10 0.0010 0.07   0.20   4.9  4.3
3592.11 0.0008 0.07   0.18   4.3  3.7
3592.12 0.0007 0.07   0.16   4.0  3.4
3592.13 0.0005 0.06   0.11   1.8  1.3
3592.14 0.0005 0.06   0.10   1.0  0.6
3592.15 0.0005 0.05   0.10   1.1  0.7
3592.16 0.0005 0.06   0.09   1.2  0.7
3592.17 0.0004 0.06   0.09   1.3  0.8
3592.18 0.0004 0.04   0.10   1.4  1.1
3592.19 0.0004 0.02   0.10   1.5  1.3
3592.20 0.0005 0.02   0.10   1.5  1.3
3592.21 0.0005 0.02   0.10   1.4  1.3
3592.22 0.0005 0.01   0.10   1.5  1.4
3592.23 0.0005 0.01   0.10   1.6  1.5
3592.24 0.0005 0.01   0.11   1.6  1.6
3592.25 0.0005 0.02   0.10   1.7  1.6
3592.26 0.0005 0.01   0.10   1.7  1.6
3592.27 0.0005 0.01   0.10   1.8  1.8
3592.28 0.0005 0.00   0.09   2.0  2.0
3592.29 0.0005 0.00   0.08   2.1  2.0
3592.30 0.0005 0.00   0.07   2.0  2.0
3592.31 0.0005 0.01   0.06   2.1  2.0
3592.32 0.0005 0.02   0.06   2.1  2.0
3592.33 0.0004 0.02   0.07   2.2  2.1
3592.34 0.0004 0.03   0.08   2.3  2.0
3592.35 0.0005 0.03   0.07   2.3  2.1
3592.36 0.0005 0.04   0.07   2.4  2.1
3592.37 0.0004 0.05   0.07   2.4  2.0
3592.38 0.0005 0.05   0.07   2.5  2.2
3592.39 0.0005 0.05   0.07   2.6  2.2
3592.40 0.0006 0.05   0.07   2.7  2.4
3592.41 0.0006 0.04   0.08   2.7  2.5
3592.42 0.0008 0.04   0.07   3.0  2.7
3592.43 0.0009 0.03   0.06   3.1  2.9
3592.44 0.0010 0.04   0.04   3.2  2.9
3592.45 0.0010 0.04   0.05   3.2  2.9
3592.46 0.0011 0.02   0.06   3.2  3.1
3592.47 0.0014 0.00   0.03   3.4  3.4
3592.48 0.0015 0.00   0.03   3.5  3.5
3592.49 0.0017 0.00   0.04   3.6  3.6
3592.50 0.0022 0.01   0.02   3.8  3.7
3592.51 0.0026 0.08   0.01   3.9  3.3
3592.52 0.0026 0.10   0.01   3.9  3.2
3592.53 0.0024 0.08   0.09   4.1  3.6
3592.54 0.0021 0.04   0.11   4.3  3.9
3592.55 0.0020 0.03   0.09   4.3  4.1
3592.56 0.0019 0.02   0.10   4.4  4.2
3592.57 0.0019 0.01   0.08   4.4  4.3
3592.58 0.0018 0.01   0.12   4.4  4.4
3592.59 0.0017 0.00   0.19   4.4  4.3
3592.60 0.0016 0.00   0.38   4.3  4.3
3592.61 0.0017 0.00   0.48   4.4  4.4
3592.62 0.0018 0.00   0.48   4.4  4.4
3592.63 0.0018 0.00   0.45   4.4  4.4
3592.64 0.0019 0.00   0.33   4.4  4.4
3592.65 0.0022 0.00   0.20   4.3  4.3
3592.66 0.0022 0.00   0.15   4.3  4.3
3592.67 0.0020 0.00   0.18   4.3  4.3
3592.68 0.0020 0.00   0.24   4.3  4.3
3592.69 0.0022 0.00   0.30   4.3  4.3
3592.70 0.0023 0.00   0.33   4.2  4.2
3592.71 0.0024 0.00   0.36   4.3  4.3
3592.72 0.0027 0.00   0.40   4.3  4.3
3592.73 0.0025 0.00   0.43   4.2  4.2
3592.74 0.0023 0.00   0.46   4.2  4.2
3592.75 0.0020 0.00   0.49   4.2  4.2
3592.76 0.0021 0.00   0.63   4.2  4.2
3592.77 0.0022 0.00   0.69   4.2  4.2
3592.78 0.0023 0.00   0.71   4.1  4.1
3592.79 0.0024 0.00   0.67   4.1  4.1
3592.80 0.0025 0.00   0.62   4.1  4.1
3592.81 0.0026 0.00   0.62   4.1  4.1
3592.82 0.0026 0.00   0.57   4.0  4.0
3592.83 0.0024 0.00   0.48   3.9  3.9
3592.84 0.0022 0.00   0.40   3.9  3.9
3592.85 0.0020 0.00   0.34   3.9  3.9
3592.86 0.0018 0.00   0.27   3.8  3.8
3592.87 0.0017 0.00   0.23   3.7  3.7
3592.88 0.0018 0.00   0.27   3.7  3.7
3592.89 0.0017 0.00   0.28   3.7  3.7
3592.90 0.0020 0.00   0.24   3.8  3.8
3592.91 0.0024 0.00   0.19   3.8  3.8
3592.92 0.0026 0.00   0.19   3.8  3.8
3592.93 0.0025 0.00   0.18   3.6  3.6
3592.94 0.0022 0.00   0.17   3.5  3.5
3592.95 0.0021 0.00   0.24   3.6  3.6
3592.96 0.0020 0.00   0.28   3.7  3.7
3592.97 0.0017 0.00   0.31   3.7  3.7
3592.98 0.0016 0.00   0.29   3.8  3.8
3592.99 0.0016 0.00   0.29   3.7  3.7
3593.00 0.0015 0.00   0.35   3.7  3.7
3593.01 0.0016 0.00   0.46   3.7  3.7
3593.02 0.0017 0.00   0.54   3.6  3.6
3593.03 0.0017 0.00   0.60   3.5  3.5
3593.04 0.0017 0.00   0.70   3.5  3.5
3593.05 0.0017 0.00   0.71   3.5  3.5
3593.06 0.0018 0.00   0.68   3.5  3.5
3593.07 0.0018 0.00   0.63   3.4  3.4
3593.08 0.0019 0.00   0.57   3.4  3.4
3593.09 0.0020 0.00   0.49   3.3  3.3
3593.10 0.0020 0.00   0.45   3.3  3.3
3593.11 0.0016 0.00   0.34   3.3  3.3
3593.12 0.0013 0.00   0.30   3.3  3.3
3593.13 0.0013 0.00   0.27   3.3  3.3
3593.14 0.0014 0.00   0.27   3.2  3.2
3593.15 0.0015 0.00   0.21   3.3  3.3
3593.16 0.0015 0.00   0.16   3.2  3.2
3593.17 0.0015 0.00   0.16   3.2  3.2
3593.18 0.0015 0.00   0.16   3.1  3.1
3593.19 0.0017 0.00   0.15   3.2  3.2
3593.20 0.0021 0.00   0.15   3.3  3.3
