ELM     V003.000SPECTRL V003.000
M0
sng                           
2_Baydin                      
dolb.28                       
11-23-2009
3449.90 0.0000 0.00   0.00   1.7  1.7
3449.91 0.0000 0.00   0.00   1.7  1.7
3449.92 0.0000 0.00   0.00   1.7  1.7
3449.93 0.0000 0.00   0.00   1.7  1.6
3449.94 0.0000 0.05   0.00   1.8  0.4
3449.95 0.0000 0.04   0.00   1.8  0.8
3449.96 0.0000 0.04   0.00   1.9  0.7
3449.97 0.0000 0.06   0.00   2.0  0.5
3449.98 0.0000 0.16   0.00   2.1  0.0
3449.99 0.0000 0.25   0.00   2.2  0.0
3450.00 0.0000 0.34   0.00   2.2  0.0
3450.01 0.0000 0.44   0.00   2.3  0.0
3450.02 0.0000 0.42   0.00   2.4  0.0
3450.03 0.0000 0.38   0.00   2.5  0.0
3450.04 0.0000 0.37   0.00   2.6  0.0
3450.05 0.0000 0.34   0.00   2.7  0.0
3450.06 0.0000 0.39   0.00   2.8  0.0
3450.07 0.0000 0.38   0.00   2.9  0.0
3450.08 0.0000 0.42   0.00   3.0  0.0
3450.09 0.0000 0.43   0.00   3.1  0.0
3450.10 0.0000 0.45   0.00   3.2  0.0
3450.11 0.0000 0.41   0.00   3.3  0.0
3450.12 0.0000 0.44   0.00   3.4  0.0
3450.13 0.0000 0.46   0.00   3.4  0.0
3450.14 0.0000 0.48   0.05   3.6  0.0
3450.15 0.0000 0.53   0.15   3.6  0.0
3450.16 0.0000 0.53   0.23   3.8  0.0
3450.17 0.0000 0.47   0.19   3.9  0.5
3450.18 0.0000 0.48   0.16   4.0  0.6
3450.19 0.0000 0.46   0.17   4.1  0.9
3450.20 0.0000 0.42   0.22   4.1  1.3
3450.21 0.0001 0.41   0.26   4.1  1.4
3450.22 0.0001 0.41   0.30   4.1  1.4
3450.23 0.0000 0.42   0.47   4.1  1.4
3450.24 0.0000 0.37   0.60   4.1  1.8
3450.25 0.0000 0.39   0.65   4.1  1.7
3450.26 0.0001 0.33   0.67   4.1  2.1
3450.27 0.0002 0.33   0.64   4.2  2.2
3450.28 0.0001 0.38   0.55   4.2  1.9
3450.29 0.0001 0.49   0.45   4.3  1.3
3450.30 0.0001 0.52   0.36   4.4  1.3
3450.31 0.0000 0.53   0.36   4.4  1.3
3450.32 0.0000 0.59   0.32   4.5  1.1
3450.33 0.0000 0.65   0.25   4.5  0.8
3450.34 0.0000 0.73   0.20   4.5  0.4
3450.35 0.0000 0.76   0.18   4.6  0.4
3450.36 0.0000 0.73   0.20   4.6  0.6
3450.37 0.0000 0.65   0.28   4.6  1.1
3450.38 0.0000 0.56   0.34   4.6  1.5
3450.39 0.0000 0.51   0.44   4.5  1.7
3450.40 0.0000 0.49   0.49   4.5  1.8
3450.41 0.0000 0.49   0.47   4.4  1.7
3450.42 0.0000 0.50   0.42   4.4  1.6
3450.43 0.0000 0.44   0.40   4.4  1.9
3450.44 0.0000 0.31   0.36   4.3  2.6
3450.45 0.0000 0.23   0.33   4.4  3.1
3450.46 0.0000 0.13   0.32   4.4  3.7
3450.47 0.0000 0.13   0.34   4.3  3.5
3450.48 0.0000 0.12   0.42   4.3  3.6
3450.49 0.0000 0.09   0.43   4.3  3.8
3450.50 0.0000 0.05   0.50   4.3  4.0
3450.51 0.0000 0.12   0.50   4.3  3.6
3450.52 0.0000 0.15   0.50   4.3  3.4
3450.53 0.0000 0.24   0.40   4.3  2.8
3450.54 0.0000 0.28   0.33   4.3  2.6
3450.55 0.0000 0.31   0.23   4.3  2.3
3450.56 0.0000 0.31   0.18   4.2  2.2
3450.57 0.0000 0.27   0.19   4.1  2.4
3450.58 0.0000 0.24   0.23   4.1  2.5
3450.59 0.0000 0.15   0.31   4.1  3.1
3450.60 0.0000 0.10   0.34   4.1  3.4
3450.61 0.0000 0.06   0.37   4.0  3.6
3450.62 0.0000 0.05   0.37   4.0  3.6
3450.63 0.0000 0.06   0.38   4.1  3.6
3450.64 0.0000 0.12   0.43   4.0  3.1
3450.65 0.0000 0.12   0.52   3.8  3.0
3450.66 0.0000 0.13   0.51   3.8  2.8
3450.67 0.0000 0.15   0.50   3.8  2.7
3450.68 0.0000 0.10   0.53   3.7  3.0
3450.69 0.0000 0.15   0.47   3.8  2.7
3450.70 0.0000 0.24   0.37   3.8  2.1
3450.71 0.0000 0.37   0.28   3.8  1.2
3450.72 0.0000 0.42   0.24   3.8  0.7
3450.73 0.0000 0.46   0.18   3.9  0.6
3450.74 0.0000 0.49   0.16   3.9  0.5
3450.75 0.0000 0.60   0.20   3.8  0.0
3450.76 0.0000 0.71   0.19   3.8  0.0
3450.77 0.0000 0.85   0.11   3.8  0.0
3450.78 0.0000 1.02   0.06   3.8  0.0
3450.79 0.0000 1.05   0.03   3.9  0.0
3450.80 0.0000 1.08   0.01   3.9  0.0
3450.81 0.0000 1.12   0.01   3.9  0.0
3450.82 0.0000 1.09   0.01   3.9  0.0
3450.83 0.0000 1.12   0.00   3.8  0.0
3450.84 0.0000 1.14   0.00   3.7  0.0
3450.85 0.0000 1.13   0.00   3.6  0.0
3450.86 0.0000 1.12   0.00   3.6  0.0
3450.87 0.0000 1.10   0.00   3.6  0.0
3450.88 0.0000 1.15   0.00   3.7  0.0
3450.89 0.0000 1.05   0.00   3.7  0.0
3450.90 0.0000 1.03   0.00   3.7  0.0
3450.91 0.0000 0.98   0.00   3.7  0.0
3450.92 0.0000 0.99   0.00   3.7  0.0
3450.93 0.0000 1.06   0.00   3.8  0.0
3450.94 0.0000 1.08   0.00   3.7  0.0
3450.95 0.0000 1.04   0.00   3.7  0.0
3450.96 0.0000 1.05   0.00   3.8  0.0
3450.97 0.0000 1.07   0.00   3.8  0.0
3450.98 0.0000 0.99   0.00   3.8  0.0
3450.99 0.0000 0.97   0.00   3.7  0.0
3451.00 0.0000 0.91   0.00   3.8  0.0
3451.01 0.0000 0.87   0.00   3.8  0.0
3451.02 0.0000 0.71   0.02   3.7  0.0
3451.03 0.0000 0.65   0.02   3.7  0.2
3451.04 0.0000 0.64   0.02   3.6  0.2
3451.05 0.0000 0.67   0.01   3.6  0.1
3451.06 0.0001 0.71   0.00   3.7  0.0
3451.07 0.0003 0.63   0.00   3.7  0.3
3451.08 0.0004 0.59   0.00   3.6  0.4
3451.09 0.0004 0.53   0.00   3.6  0.7
3451.10 0.0004 0.46   0.00   3.5  0.9
3451.11 0.0004 0.39   0.01   3.4  1.2
3451.12 0.0004 0.35   0.02   3.3  1.3
3451.13 0.0003 0.30   0.07   3.3  1.6
3451.14 0.0003 0.32   0.09   3.4  1.6
3451.15 0.0003 0.39   0.07   3.5  1.4
3451.16 0.0002 0.42   0.10   3.6  1.2
3451.17 0.0001 0.43   0.12   3.6  1.2
3451.18 0.0001 0.43   0.12   3.7  1.3
3451.19 0.0002 0.45   0.07   3.6  1.1
3451.20 0.0001 0.49   0.04   3.6  0.8
3451.21 0.0000 0.51   0.04   3.6  0.7
3451.22 0.0001 0.47   0.03   3.5  0.9
3451.23 0.0001 0.45   0.03   3.5  0.9
3451.24 0.0000 0.48   0.02   3.5  0.8
3451.25 0.0000 0.46   0.02   3.5  0.8
3451.26 0.0000 0.46   0.01   3.5  0.8
3451.27 0.0000 0.47   0.03   3.5  0.7
3451.28 0.0000 0.47   0.05   3.4  0.7
3451.29 0.0000 0.41   0.08   3.4  0.9
3451.30 0.0000 0.41   0.09   3.4  1.0
3451.31 0.0000 0.39   0.11   3.3  1.0
3451.32 0.0000 0.45   0.09   3.4  0.7
3451.33 0.0000 0.52   0.08   3.5  0.4
3451.34 0.0000 0.50   0.09   3.6  0.6
3451.35 0.0000 0.47   0.10   3.6  0.8
3451.36 0.0000 0.44   0.13   3.6  1.0
3451.37 0.0000 0.41   0.12   3.6  1.2
3451.38 0.0000 0.45   0.09   3.6  1.0
3451.39 0.0000 0.47   0.08   3.7  0.9
3451.40 0.0000 0.52   0.06   3.8  0.8
3451.41 0.0000 0.54   0.03   3.9  0.8
3451.42 0.0000 0.58   0.01   3.9  0.7
3451.43 0.0000 0.57   0.00   4.0  0.7
3451.44 0.0000 0.58   0.00   4.0  0.8
3451.45 0.0000 0.55   0.00   3.9  0.8
3451.46 0.0000 0.56   0.00   3.9  0.8
3451.47 0.0000 0.60   0.00   3.9  0.7
3451.48 0.0000 0.60   0.00   3.9  0.6
3451.49 0.0000 0.57   0.01   3.8  0.7
3451.50 0.0000 0.60   0.00   3.9  0.7
3451.51 0.0000 0.61   0.05   4.1  0.8
3451.52 0.0000 0.61   0.06   4.1  0.9
3451.53 0.0000 0.59   0.06   4.1  1.0
3451.54 0.0000 0.58   0.08   4.1  1.1
3451.55 0.0000 0.61   0.08   4.2  1.1
3451.56 0.0000 0.66   0.08   4.3  1.0
3451.57 0.0000 0.71   0.07   4.4  0.8
3451.58 0.0000 0.79   0.06   4.5  0.6
3451.59 0.0000 0.92   0.08   4.7  0.1
3451.60 0.0000 1.07   0.09   4.8  0.0
3451.61 0.0000 1.13   0.07   4.8  0.0
3451.62 0.0000 1.27   0.04   4.8  0.0
3451.63 0.0000 1.27   0.02   4.8  0.0
3451.64 0.0000 1.30   0.01   4.8  0.0
3451.65 0.0000 1.41   0.01   4.9  0.0
3451.66 0.0000 1.39   0.01   4.9  0.0
3451.67 0.0000 1.42   0.00   4.8  0.0
3451.68 0.0000 1.48   0.00   4.9  0.0
3451.69 0.0000 1.48   0.00   4.9  0.0
3451.70 0.0000 1.46   0.00   4.9  0.0
3451.71 0.0000 1.35   0.00   4.9  0.0
3451.72 0.0000 1.34   0.00   4.8  0.0
3451.73 0.0000 1.26   0.00   4.9  0.0
3451.74 0.0000 1.20   0.00   4.9  0.0
3451.75 0.0000 1.20   0.00   4.9  0.0
3451.76 0.0000 1.21   0.00   4.9  0.0
3451.77 0.0000 1.19   0.00   4.9  0.0
3451.78 0.0000 1.17   0.00   4.9  0.0
3451.79 0.0000 1.17   0.00   4.9  0.0
3451.80 0.0000 1.09   0.00   4.9  0.0
3451.81 0.0000 1.02   0.00   4.9  0.1
3451.82 0.0000 0.97   0.00   4.9  0.3
3451.83 0.0000 0.75   0.00   4.9  1.3
3451.84 0.0000 0.64   0.00   4.8  1.8
3451.85 0.0000 0.41   0.00   4.9  3.0
3451.86 0.0000 0.27   0.00   4.9  3.6
3451.87 0.0000 0.28   0.00   4.8  3.4
3451.88 0.0000 0.33   0.00   4.8  3.2
3451.89 0.0000 0.48   0.00   4.6  2.3
3451.90 0.0000 0.64   0.00   4.6  1.4
3451.91 0.0000 0.88   0.00   4.5  0.2
3451.92 0.0000 1.02   0.00   4.5  0.0
3451.93 0.0000 1.09   0.01   4.5  0.0
3451.94 0.0000 1.19   0.04   4.4  0.0
3451.95 0.0000 1.21   0.11   4.5  0.0
3451.96 0.0000 1.17   0.15   4.5  0.0
3451.97 0.0000 1.16   0.18   4.4  0.0
3451.98 0.0000 1.12   0.28   4.4  0.0
3451.99 0.0000 0.99   0.38   4.3  0.0
3452.00 0.0000 0.87   0.41   4.3  0.0
3452.01 0.0000 0.77   0.37   4.3  0.3
3452.02 0.0000 0.78   0.38   4.2  0.1
3452.03 0.0000 0.80   0.43   4.3  0.0
3452.04 0.0000 0.70   0.45   4.2  0.3
3452.05 0.0000 0.74   0.56   4.2  0.0
3452.06 0.0000 0.75   0.62   4.1  0.0
3452.07 0.0000 0.73   0.73   4.2  0.0
3452.08 0.0000 0.74   0.76   4.1  0.0
3452.09 0.0000 0.77   0.76   4.1  0.0
3452.10 0.0000 0.72   0.68   4.1  0.0
3452.11 0.0000 0.71   0.65   4.1  0.0
3452.12 0.0000 0.60   0.54   4.0  0.3
3452.13 0.0000 0.54   0.44   4.0  0.6
3452.14 0.0000 0.53   0.40   4.0  0.6
3452.15 0.0000 0.54   0.39   4.0  0.6
3452.16 0.0000 0.44   0.33   3.9  1.1
3452.17 0.0000 0.39   0.37   3.9  1.4
3452.18 0.0000 0.41   0.44   4.0  1.4
3452.19 0.0000 0.47   0.60   4.0  1.1
3452.20 0.0000 0.50   0.69   4.1  0.9
3452.21 0.0000 0.57   0.79   4.0  0.5
3452.22 0.0000 0.59   0.80   4.2  0.5
3452.23 0.0000 0.57   0.77   4.2  0.6
3452.24 0.0000 0.54   0.76   4.2  0.8
3452.25 0.0000 0.54   0.69   4.2  0.7
3452.26 0.0000 0.56   0.59   4.2  0.6
3452.27 0.0000 0.64   0.54   4.2  0.1
3452.28 0.0000 0.71   0.38   4.3  0.0
3452.29 0.0000 0.76   0.29   4.4  0.0
3452.30 0.0000 0.81   0.16   4.3  0.0
3452.31 0.0000 0.83   0.12   4.3  0.0
3452.32 0.0000 0.81   0.15   4.3  0.0
3452.33 0.0000 0.82   0.14   4.3  0.0
3452.34 0.0000 0.84   0.10   4.4  0.0
3452.35 0.0000 0.99   0.10   4.4  0.0
3452.36 0.0000 1.07   0.06   4.4  0.0
3452.37 0.0000 1.07   0.05   4.4  0.0
3452.38 0.0000 1.02   0.03   4.5  0.0
3452.39 0.0000 1.02   0.02   4.5  0.0
3452.40 0.0000 1.05   0.01   4.5  0.0
3452.41 0.0000 1.09   0.00   4.5  0.0
3452.42 0.0000 1.09   0.00   4.5  0.0
3452.43 0.0000 1.15   0.00   4.5  0.0
3452.44 0.0000 1.26   0.00   4.6  0.0
3452.45 0.0000 1.32   0.00   4.6  0.0
3452.46 0.0000 1.32   0.00   4.7  0.0
3452.47 0.0000 1.39   0.00   4.7  0.0
3452.48 0.0000 1.40   0.00   4.6  0.0
3452.49 0.0000 1.28   0.00   4.5  0.0
3452.50 0.0000 1.22   0.00   4.6  0.0
3452.51 0.0000 1.28   0.00   4.6  0.0
3452.52 0.0000 1.34   0.00   4.5  0.0
3452.53 0.0000 1.29   0.00   4.5  0.0
3452.54 0.0000 1.22   0.00   4.5  0.0
3452.55 0.0000 1.23   0.00   4.4  0.0
3452.56 0.0000 1.33   0.00   4.4  0.0
3452.57 0.0000 1.29   0.00   4.4  0.0
3452.58 0.0000 1.25   0.00   4.4  0.0
3452.59 0.0000 1.17   0.05   4.3  0.0
3452.60 0.0000 1.11   0.07   4.3  0.0
3452.61 0.0000 1.09   0.06   4.3  0.0
3452.62 0.0000 1.07   0.04   4.4  0.0
3452.63 0.0000 1.01   0.02   4.4  0.0
3452.64 0.0000 0.99   0.02   4.4  0.0
3452.65 0.0000 0.94   0.05   4.3  0.0
3452.66 0.0000 0.88   0.07   4.4  0.0
3452.67 0.0000 0.88   0.05   4.3  0.0
3452.68 0.0000 1.00   0.07   4.4  0.0
3452.69 0.0000 1.05   0.11   4.4  0.0
3452.70 0.0000 1.09   0.20   4.3  0.0
3452.71 0.0000 1.08   0.28   4.3  0.0
3452.72 0.0000 1.13   0.30   4.4  0.0
3452.73 0.0000 1.10   0.32   4.4  0.0
3452.74 0.0000 1.04   0.43   4.5  0.0
3452.75 0.0000 0.99   0.57   4.4  0.0
3452.76 0.0000 0.82   0.59   4.3  0.0
3452.77 0.0000 0.81   0.65   4.3  0.0
3452.78 0.0000 0.79   0.65   4.3  0.0
3452.79 0.0000 0.75   0.67   4.3  0.3
3452.80 0.0000 0.63   0.66   4.4  1.0
3452.81 0.0000 0.58   0.64   4.5  1.3
3452.82 0.0000 0.59   0.63   4.4  1.3
3452.83 0.0000 0.60   0.62   4.4  1.2
3452.84 0.0000 0.60   0.50   4.5  1.3
3452.85 0.0000 0.53   0.43   4.6  1.7
3452.86 0.0000 0.55   0.40   4.6  1.6
3452.87 0.0000 0.58   0.40   4.6  1.4
3452.88 0.0000 0.67   0.37   4.6  0.9
3452.89 0.0000 0.73   0.36   4.5  0.5
3452.90 0.0000 0.73   0.31   4.6  0.5
3452.91 0.0000 0.75   0.27   4.6  0.5
3452.92 0.0000 0.81   0.25   4.7  0.2
3452.93 0.0000 0.85   0.26   4.7  0.0
3452.94 0.0000 0.89   0.29   4.7  0.0
3452.95 0.0000 0.97   0.26   4.8  0.0
3452.96 0.0000 0.98   0.20   4.8  0.0
3452.97 0.0000 0.95   0.12   4.8  0.0
3452.98 0.0000 0.80   0.07   4.9  0.5
3452.99 0.0000 0.64   0.04   4.9  1.4
3453.00 0.0000 0.61   0.03   4.9  1.6
3453.01 0.0000 0.55   0.02   4.9  1.9
3453.02 0.0000 0.43   0.01   5.0  2.6
3453.03 0.0000 0.34   0.00   5.0  3.1
3453.04 0.0000 0.26   0.00   4.9  3.5
3453.05 0.0000 0.20   0.00   4.9  3.9
3453.06 0.0000 0.11   0.00   4.9  4.3
3453.07 0.0000 0.06   0.00   4.9  4.6
3453.08 0.0000 0.04   0.00   4.9  4.7
3453.09 0.0000 0.03   0.00   4.8  4.7
3453.10 0.0000 0.02   0.00   4.8  4.7
3453.11 0.0000 0.02   0.00   4.8  4.7
3453.12 0.0000 0.01   0.00   4.9  4.8
3453.13 0.0000 0.04   0.00   4.9  4.7
3453.14 0.0000 0.08   0.00   4.8  4.4
3453.15 0.0000 0.19   0.00   4.7  3.6
3453.16 0.0000 0.24   0.00   4.7  3.4
3453.17 0.0000 0.28   0.00   4.8  3.2
3453.18 0.0000 0.29   0.00   4.8  3.1
3453.19 0.0000 0.31   0.00   4.8  3.0
3453.20 0.0000 0.38   0.00   4.7  2.6
3453.21 0.0000 0.42   0.00   4.7  2.2
3453.22 0.0000 0.53   0.00   4.7  1.6
3453.23 0.0000 0.57   0.00   4.6  1.3
3453.24 0.0000 0.69   0.00   4.5  0.6
3453.25 0.0000 0.78   0.00   4.5  0.0
3453.26 0.0000 0.89   0.00   4.5  0.0
3453.27 0.0000 0.95   0.00   4.5  0.0
3453.28 0.0000 1.06   0.00   4.3  0.0
3453.29 0.0000 1.12   0.01   4.3  0.0
3453.30 0.0000 1.19   0.00   4.3  0.0
3453.31 0.0000 1.27   0.00   4.2  0.0
3453.32 0.0000 1.22   0.00   4.2  0.0
3453.33 0.0000 1.09   0.01   4.2  0.0
3453.34 0.0000 0.95   0.02   4.2  0.0
3453.35 0.0000 0.79   0.01   4.1  0.0
3453.36 0.0000 0.73   0.00   4.1  0.0
3453.37 0.0000 0.66   0.00   4.1  0.4
3453.38 0.0000 0.68   0.00   4.1  0.4
3453.39 0.0000 0.65   0.00   4.1  0.6
3453.40 0.0000 0.56   0.00   4.0  0.9
3453.41 0.0000 0.54   0.00   4.0  1.1
3453.42 0.0000 0.51   0.00   3.9  1.2
3453.43 0.0000 0.50   0.00   3.8  1.3
3453.44 0.0000 0.49   0.00   3.9  1.4
3453.45 0.0000 0.47   0.00   3.8  1.4
3453.46 0.0000 0.46   0.00   3.8  1.5
3453.47 0.0000 0.44   0.00   3.7  1.5
3453.48 0.0000 0.44   0.00   3.7  1.6
3453.49 0.0000 0.42   0.00   3.6  1.6
3453.50 0.0000 0.41   0.00   3.6  1.7
3453.51 0.0001 0.39   0.00   3.6  1.7
3453.52 0.0001 0.38   0.00   3.5  1.8
3453.53 0.0001 0.37   0.00   3.5  1.8
3453.54 0.0001 0.37   0.00   3.5  1.8
3453.55 0.0001 0.41   0.00   3.6  1.7
3453.56 0.0000 0.43   0.00   3.6  1.6
3453.57 0.0000 0.42   0.00   3.5  1.5
3453.58 0.0000 0.41   0.00   3.5  1.6
3453.59 0.0000 0.43   0.00   3.5  1.5
3453.60 0.0000 0.44   0.00   3.5  1.5
3453.61 0.0000 0.44   0.00   3.5  1.5
3453.62 0.0000 0.42   0.00   3.5  1.5
3453.63 0.0000 0.41   0.00   3.4  1.5
3453.64 0.0000 0.40   0.00   3.4  1.5
3453.65 0.0000 0.40   0.00   3.3  1.5
3453.66 0.0000 0.38   0.00   3.3  1.5
3453.67 0.0000 0.38   0.00   3.3  1.4
3453.68 0.0000 0.37   0.00   3.2  1.4
3453.69 0.0000 0.34   0.00   3.0  1.4
3453.70 0.0000 0.33   0.01   3.0  1.3
3453.71 0.0000 0.32   0.03   3.0  1.4
3453.72 0.0000 0.29   0.05   3.0  1.5
3453.73 0.0001 0.29   0.05   3.0  1.5
3453.74 0.0001 0.30   0.05   3.0  1.4
3453.75 0.0001 0.28   0.07   3.0  1.4
3453.76 0.0001 0.28   0.07   2.9  1.4
3453.77 0.0001 0.28   0.06   2.9  1.4
3453.78 0.0001 0.29   0.03   2.9  1.3
3453.79 0.0001 0.29   0.03   2.9  1.3
3453.80 0.0001 0.30   0.04   2.9  1.2
3453.81 0.0000 0.30   0.04   2.9  1.2
3453.82 0.0000 0.31   0.05   2.9  1.2
3453.83 0.0000 0.30   0.05   2.9  1.2
3453.84 0.0000 0.30   0.07   3.0  1.3
3453.85 0.0000 0.31   0.07   3.0  1.3
3453.86 0.0000 0.28   0.09   3.0  1.4
3453.87 0.0000 0.28   0.10   3.0  1.4
3453.88 0.0000 0.29   0.08   3.0  1.3
3453.89 0.0000 0.30   0.07   3.0  1.3
3453.90 0.0000 0.29   0.08   3.0  1.4
3453.91 0.0000 0.27   0.08   2.9  1.3
3453.92 0.0000 0.27   0.09   2.9  1.3
3453.93 0.0000 0.28   0.08   2.9  1.3
3453.94 0.0000 0.28   0.08   2.9  1.3
3453.95 0.0000 0.27   0.09   2.9  1.4
3453.96 0.0000 0.26   0.13   3.0  1.5
3453.97 0.0000 0.27   0.19   3.1  1.6
3453.98 0.0000 0.27   0.25   3.3  1.8
3453.99 0.0000 0.29   0.26   3.3  1.7
3454.00 0.0000 0.34   0.25   3.5  1.6
3454.01 0.0000 0.37   0.21   3.5  1.5
3454.02 0.0000 0.41   0.15   3.5  1.4
3454.03 0.0000 0.41   0.14   3.6  1.4
3454.04 0.0000 0.38   0.16   3.6  1.6
3454.05 0.0000 0.39   0.17   3.6  1.6
3454.06 0.0000 0.42   0.19   3.7  1.5
3454.07 0.0000 0.45   0.20   3.7  1.4
3454.08 0.0000 0.49   0.24   3.8  1.4
3454.09 0.0000 0.51   0.32   3.8  1.3
3454.10 0.0000 0.48   0.29   3.9  1.5
3454.11 0.0000 0.45   0.29   3.9  1.7
3454.12 0.0000 0.43   0.30   3.9  1.8
3454.13 0.0000 0.43   0.30   4.0  1.9
3454.14 0.0000 0.48   0.29   4.0  1.7
3454.15 0.0000 0.47   0.25   4.0  1.7
3454.16 0.0000 0.47   0.26   3.9  1.7
3454.17 0.0000 0.46   0.26   4.0  1.7
3454.18 0.0000 0.45   0.23   4.0  1.8
3454.19 0.0000 0.43   0.23   4.0  1.9
3454.20 0.0000 0.44   0.27   4.1  1.9
3454.21 0.0000 0.47   0.28   4.2  1.9
3454.22 0.0000 0.50   0.31   4.2  1.8
3454.23 0.0000 0.52   0.37   4.2  1.7
3454.24 0.0000 0.60   0.40   4.3  1.5
3454.25 0.0000 0.71   0.40   4.4  1.0
3454.26 0.0000 0.77   0.40   4.4  0.7
3454.27 0.0000 0.76   0.36   4.4  0.8
3454.28 0.0000 0.69   0.27   4.4  1.0
3454.29 0.0000 0.64   0.25   4.4  1.3
3454.30 0.0000 0.63   0.23   4.3  1.3
3454.31 0.0000 0.58   0.19   4.3  1.5
3454.32 0.0000 0.52   0.17   4.2  1.7
3454.33 0.0000 0.51   0.19   4.2  1.7
3454.34 0.0000 0.50   0.24   4.2  1.8
3454.35 0.0000 0.52   0.23   4.2  1.7
3454.36 0.0000 0.56   0.24   4.2  1.5
3454.37 0.0000 0.53   0.23   4.2  1.7
3454.38 0.0000 0.47   0.24   4.2  1.9
3454.39 0.0000 0.46   0.25   4.2  2.0
3454.40 0.0000 0.43   0.24   4.2  2.1
3454.41 0.0000 0.42   0.29   4.1  2.0
3454.42 0.0000 0.47   0.28   4.2  1.8
3454.43 0.0000 0.53   0.31   4.1  1.4
3454.44 0.0000 0.53   0.35   4.1  1.4
3454.45 0.0000 0.55   0.40   4.1  1.2
3454.46 0.0000 0.60   0.40   4.1  0.9
3454.47 0.0000 0.55   0.31   4.1  1.1
3454.48 0.0000 0.57   0.29   4.1  1.0
3454.49 0.0000 0.65   0.34   4.0  0.4
3454.50 0.0000 0.80   0.40   4.0  0.0
3454.51 0.0000 0.93   0.32   4.0  0.0
3454.52 0.0000 1.01   0.28   3.9  0.0
3454.53 0.0000 1.03   0.25   3.9  0.0
3454.54 0.0000 1.02   0.18   3.9  0.0
3454.55 0.0000 0.80   0.12   3.8  0.0
3454.56 0.0000 0.69   0.11   3.7  0.0
3454.57 0.0000 0.65   0.12   3.7  0.0
3454.58 0.0000 0.62   0.14   3.8  0.0
3454.59 0.0000 0.63   0.19   3.9  0.0
3454.60 0.0000 0.69   0.19   3.9  0.0
3454.61 0.0000 0.69   0.18   3.9  0.0
3454.62 0.0000 0.71   0.16   3.9  0.0
3454.63 0.0000 0.84   0.12   4.0  0.0
3454.64 0.0000 0.94   0.09   4.0  0.0
3454.65 0.0000 1.06   0.05   4.1  0.0
3454.66 0.0000 1.08   0.04   4.0  0.0
3454.67 0.0000 1.02   0.02   4.0  0.0
3454.68 0.0000 1.00   0.01   4.1  0.0
3454.69 0.0000 1.07   0.00   4.1  0.0
3454.70 0.0000 1.14   0.00   4.1  0.0
3454.71 0.0000 1.17   0.00   4.2  0.0
3454.72 0.0000 1.18   0.00   4.2  0.0
3454.73 0.0000 1.14   0.00   4.2  0.0
3454.74 0.0000 1.09   0.00   4.2  0.0
3454.75 0.0000 1.10   0.00   4.2  0.0
3454.76 0.0000 1.10   0.00   4.2  0.0
3454.77 0.0000 0.99   0.00   4.3  0.0
3454.78 0.0000 0.91   0.00   4.3  0.0
3454.79 0.0000 0.91   0.00   4.3  0.0
3454.80 0.0000 0.92   0.00   4.3  0.0
3454.81 0.0000 0.95   0.00   4.2  0.0
3454.82 0.0000 0.92   0.00   4.3  0.0
3454.83 0.0000 0.83   0.00   4.3  0.0
3454.84 0.0000 0.81   0.00   4.3  0.0
3454.85 0.0000 0.69   0.00   4.4  0.7
3454.86 0.0000 0.62   0.00   4.4  1.1
3454.87 0.0000 0.62   0.00   4.3  1.1
3454.88 0.0000 0.62   0.00   4.3  1.0
3454.89 0.0000 0.64   0.00   4.3  0.9
3454.90 0.0000 0.62   0.00   4.3  1.1
3454.91 0.0001 0.53   0.00   4.2  1.5
3454.92 0.0002 0.46   0.00   4.3  1.9
3454.93 0.0002 0.45   0.00   4.3  1.9
3454.94 0.0003 0.49   0.00   4.2  1.7
3454.95 0.0004 0.53   0.00   4.2  1.4
3454.96 0.0005 0.66   0.00   4.1  0.6
3454.97 0.0006 0.73   0.00   4.0  0.3
3454.98 0.0009 0.71   0.00   4.0  0.3
3454.99 0.0010 0.74   0.00   3.9  0.1
3455.00 0.0009 0.88   0.00   4.0  0.0
3455.01 0.0008 0.95   0.00   3.9  0.0
3455.02 0.0008 0.90   0.00   3.9  0.0
3455.03 0.0007 0.82   0.00   3.9  0.0
3455.04 0.0006 0.71   0.00   3.9  0.1
3455.05 0.0005 0.71   0.00   3.9  0.0
3455.06 0.0005 0.69   0.00   3.8  0.0
3455.07 0.0003 0.70   0.00   3.8  0.0
3455.08 0.0002 0.69   0.00   3.8  0.0
3455.09 0.0001 0.68   0.00   3.7  0.0
3455.10 0.0000 0.67   0.00   3.7  0.0
3455.11 0.0000 0.67   0.00   3.7  0.0
3455.12 0.0000 0.68   0.00   3.7  0.0
3455.13 0.0000 0.66   0.00   3.7  0.0
3455.14 0.0000 0.65   0.00   3.7  0.0
3455.15 0.0000 0.64   0.00   3.8  0.0
3455.16 0.0000 0.59   0.00   3.7  0.0
3455.17 0.0000 0.57   0.00   3.8  0.1
3455.18 0.0000 0.58   0.00   3.8  0.0
3455.19 0.0000 0.63   0.00   3.8  0.0
3455.20 0.0000 0.63   0.00   3.8  0.0
3455.21 0.0000 0.56   0.02   3.7  0.1
3455.22 0.0000 0.51   0.05   3.7  0.4
3455.23 0.0000 0.48   0.08   3.7  0.6
3455.24 0.0000 0.46   0.10   3.7  0.7
3455.25 0.0000 0.43   0.12   3.6  0.9
3455.26 0.0000 0.47   0.15   3.7  0.7
3455.27 0.0000 0.58   0.14   3.8  0.0
3455.28 0.0000 0.58   0.13   3.7  0.0
3455.29 0.0000 0.57   0.12   3.7  0.0
3455.30 0.0000 0.52   0.16   3.7  0.4
3455.31 0.0000 0.54   0.17   3.7  0.3
3455.32 0.0000 0.53   0.16   3.7  0.3
3455.33 0.0000 0.50   0.16   3.7  0.5
3455.34 0.0000 0.51   0.16   3.7  0.6
3455.35 0.0000 0.55   0.12   3.7  0.3
3455.36 0.0000 0.54   0.13   3.7  0.5
3455.37 0.0000 0.60   0.15   3.8  0.2
3455.38 0.0000 0.69   0.15   3.8  0.0
3455.39 0.0000 0.78   0.16   3.8  0.0
3455.40 0.0000 0.89   0.19   3.8  0.0
3455.41 0.0000 0.89   0.22   3.9  0.0
3455.42 0.0000 0.93   0.24   3.9  0.0
3455.43 0.0000 0.96   0.26   3.9  0.0
3455.44 0.0000 0.99   0.27   3.9  0.0
3455.45 0.0000 0.97   0.31   3.9  0.0
3455.46 0.0000 0.85   0.40   3.9  0.0
3455.47 0.0000 0.86   0.45   3.9  0.0
3455.48 0.0000 0.82   0.55   3.9  0.0
3455.49 0.0000 0.77   0.65   3.8  0.0
3455.50 0.0000 0.76   0.67   3.8  0.0
3455.51 0.0000 0.76   0.69   3.8  0.0
3455.52 0.0000 0.68   0.55   3.8  0.0
3455.53 0.0000 0.66   0.40   3.8  0.0
3455.54 0.0000 0.68   0.29   3.8  0.0
3455.55 0.0000 0.72   0.29   3.8  0.0
3455.56 0.0000 0.71   0.27   3.8  0.0
3455.57 0.0000 0.72   0.23   3.8  0.0
3455.58 0.0000 0.67   0.20   3.8  0.0
3455.59 0.0000 0.69   0.16   3.8  0.0
3455.60 0.0000 0.68   0.15   3.8  0.0
3455.61 0.0000 0.75   0.10   3.8  0.0
3455.62 0.0000 0.70   0.13   3.7  0.0
3455.63 0.0000 0.59   0.18   3.7  0.0
3455.64 0.0000 0.55   0.16   3.7  0.1
3455.65 0.0000 0.52   0.17   3.7  0.2
3455.66 0.0000 0.50   0.21   3.6  0.2
3455.67 0.0000 0.44   0.22   3.6  0.6
3455.68 0.0000 0.43   0.20   3.7  0.7
