ELM     V003.000SPECTRL V003.000
M0
sng                           
2_Baydin                      
dolb.23                       
12-01-2009
3371.00 0.0000 0.03   0.27   2.3  1.6
3371.01 0.0000 0.02   0.27   2.3  1.7
3371.02 0.0000 0.02   0.33   2.4  1.9
3371.03 0.0000 0.01   0.44   2.4  2.1
3371.04 0.0000 0.02   0.58   2.5  2.1
3371.05 0.0000 0.05   0.62   2.5  1.4
3371.06 0.0000 0.15   0.64   2.6  0.0
3371.07 0.0000 0.24   0.65   2.6  0.0
3371.08 0.0000 0.30   0.62   2.8  0.0
3371.09 0.0000 0.28   0.65   3.0  0.0
3371.10 0.0000 0.26   0.68   3.0  0.0
3371.11 0.0000 0.18   0.78   3.0  0.6
3371.12 0.0000 0.16   0.75   3.1  1.1
3371.13 0.0000 0.15   0.71   3.2  1.4
3371.14 0.0000 0.16   0.72   3.2  1.3
3371.15 0.0000 0.17   0.72   3.3  1.4
3371.16 0.0000 0.21   0.68   3.4  1.2
3371.17 0.0000 0.13   0.65   3.4  2.1
3371.18 0.0000 0.11   0.62   3.5  2.4
3371.19 0.0000 0.12   0.58   3.5  2.3
3371.20 0.0000 0.19   0.49   3.5  1.7
3371.21 0.0000 0.22   0.34   3.5  1.4
3371.22 0.0000 0.21   0.20   3.6  1.6
3371.23 0.0000 0.23   0.16   3.6  1.5
3371.24 0.0000 0.31   0.17   3.6  0.7
3371.25 0.0000 0.43   0.18   3.7  0.0
3371.26 0.0000 0.52   0.19   3.6  0.0
3371.27 0.0000 0.54   0.18   3.7  0.0
3371.28 0.0000 0.58   0.19   3.7  0.0
3371.29 0.0000 0.58   0.19   3.6  0.0
3371.30 0.0000 0.54   0.22   3.6  0.0
3371.31 0.0000 0.53   0.24   3.7  0.0
3371.32 0.0000 0.52   0.26   3.8  0.0
3371.33 0.0000 0.55   0.27   3.8  0.0
3371.34 0.0000 0.54   0.27   3.8  0.0
3371.35 0.0000 0.54   0.18   3.8  0.0
3371.36 0.0000 0.56   0.13   3.9  0.0
3371.37 0.0000 0.51   0.08   4.0  0.0
3371.38 0.0000 0.43   0.08   4.0  0.4
3371.39 0.0000 0.37   0.16   3.9  0.8
3371.40 0.0000 0.39   0.16   3.9  0.6
3371.41 0.0000 0.41   0.16   3.8  0.4
3371.42 0.0000 0.47   0.10   3.9  0.0
3371.43 0.0000 0.51   0.06   3.8  0.0
3371.44 0.0000 0.56   0.03   3.8  0.0
3371.45 0.0000 0.58   0.02   3.8  0.0
3371.46 0.0000 0.64   0.02   3.7  0.0
3371.47 0.0000 0.65   0.04   3.7  0.0
3371.48 0.0000 0.61   0.04   3.8  0.0
3371.49 0.0000 0.54   0.05   3.8  0.0
3371.50 0.0000 0.49   0.05   3.8  0.0
3371.51 0.0000 0.37   0.10   3.8  1.0
3371.52 0.0000 0.21   0.13   3.9  2.3
3371.53 0.0000 0.12   0.22   3.9  3.0
3371.54 0.0000 0.10   0.23   3.9  3.2
3371.55 0.0000 0.06   0.20   3.9  3.5
3371.56 0.0000 0.04   0.18   3.9  3.6
3371.57 0.0000 0.06   0.15   3.9  3.5
3371.58 0.0000 0.07   0.14   4.0  3.5
3371.59 0.0000 0.10   0.09   4.0  3.3
3371.60 0.0000 0.15   0.05   4.0  2.9
3371.61 0.0000 0.27   0.03   4.1  2.1
3371.62 0.0000 0.39   0.02   3.9  1.0
3371.63 0.0000 0.46   0.01   3.9  0.5
3371.64 0.0000 0.53   0.01   3.9  0.0
3371.65 0.0000 0.62   0.00   3.8  0.0
3371.66 0.0000 0.60   0.00   3.8  0.0
3371.67 0.0000 0.56   0.00   3.7  0.0
3371.68 0.0000 0.55   0.00   3.6  0.0
3371.69 0.0000 0.62   0.00   3.6  0.0
3371.70 0.0000 0.68   0.00   3.6  0.0
3371.71 0.0000 0.67   0.00   3.5  0.0
3371.72 0.0000 0.66   0.00   3.5  0.0
3371.73 0.0000 0.66   0.00   3.5  0.0
3371.74 0.0000 0.73   0.00   3.5  0.0
3371.75 0.0000 0.76   0.00   3.5  0.0
3371.76 0.0000 0.75   0.00   3.5  0.0
3371.77 0.0000 0.84   0.02   3.5  0.0
3371.78 0.0000 0.90   0.09   3.5  0.0
3371.79 0.0000 0.78   0.08   3.5  0.0
3371.80 0.0000 0.72   0.05   3.4  0.0
3371.81 0.0000 0.60   0.02   3.4  0.0
3371.82 0.0000 0.54   0.01   3.4  0.0
3371.83 0.0000 0.53   0.00   3.3  0.0
3371.84 0.0000 0.48   0.00   3.2  0.0
3371.85 0.0000 0.46   0.00   3.2  0.0
3371.86 0.0000 0.50   0.00   3.2  0.0
3371.87 0.0000 0.50   0.00   3.1  0.0
3371.88 0.0000 0.47   0.01   3.0  0.0
3371.89 0.0000 0.44   0.01   2.9  0.0
3371.90 0.0000 0.37   0.03   2.8  0.0
3371.91 0.0000 0.31   0.09   2.7  0.0
3371.92 0.0000 0.32   0.11   2.7  0.0
3371.93 0.0000 0.35   0.11   2.7  0.0
3371.94 0.0000 0.34   0.13   2.7  0.0
3371.95 0.0000 0.35   0.15   2.6  0.0
3371.96 0.0000 0.33   0.17   2.7  0.0
3371.97 0.0000 0.32   0.16   2.6  0.0
3371.98 0.0000 0.32   0.13   2.6  0.0
3371.99 0.0000 0.31   0.11   2.6  0.0
3372.00 0.0000 0.35   0.13   2.6  0.0
3372.01 0.0000 0.37   0.21   2.6  0.0
3372.02 0.0000 0.39   0.23   2.7  0.0
3372.03 0.0000 0.35   0.30   2.7  0.0
3372.04 0.0000 0.33   0.35   2.7  0.0
3372.05 0.0000 0.35   0.41   2.7  0.0
3372.06 0.0000 0.35   0.34   2.7  0.0
3372.07 0.0000 0.36   0.32   2.7  0.0
3372.08 0.0000 0.42   0.39   2.8  0.0
3372.09 0.0000 0.45   0.40   2.7  0.0
3372.10 0.0000 0.33   0.46   2.7  0.0
3372.11 0.0000 0.26   0.48   2.7  0.0
3372.12 0.0000 0.21   0.53   2.8  0.5
3372.13 0.0000 0.22   0.56   2.9  0.6
3372.14 0.0000 0.20   0.62   3.0  0.9
3372.15 0.0000 0.15   0.63   2.9  1.4
3372.16 0.0000 0.16   0.61   3.0  1.4
3372.17 0.0000 0.20   0.64   3.1  1.1
3372.18 0.0000 0.25   0.64   3.2  0.8
3372.19 0.0000 0.32   0.66   3.2  0.2
3372.20 0.0000 0.36   0.64   3.3  0.0
3372.21 0.0000 0.46   0.58   3.4  0.0
3372.22 0.0000 0.55   0.42   3.5  0.0
3372.23 0.0000 0.63   0.37   3.5  0.0
3372.24 0.0000 0.67   0.30   3.5  0.0
3372.25 0.0000 0.66   0.26   3.6  0.0
3372.26 0.0000 0.70   0.20   3.6  0.0
3372.27 0.0000 0.75   0.24   3.6  0.0
3372.28 0.0000 0.83   0.22   3.7  0.0
3372.29 0.0000 0.86   0.25   3.6  0.0
3372.30 0.0000 0.80   0.23   3.6  0.0
3372.31 0.0000 0.76   0.16   3.6  0.0
3372.32 0.0000 0.71   0.10   3.6  0.0
3372.33 0.0000 0.74   0.08   3.6  0.0
3372.34 0.0000 0.81   0.04   3.6  0.0
3372.35 0.0000 0.85   0.02   3.6  0.0
3372.36 0.0000 0.84   0.01   3.6  0.0
3372.37 0.0000 0.99   0.00   3.7  0.0
3372.38 0.0000 1.03   0.00   3.7  0.0
3372.39 0.0000 1.09   0.00   3.7  0.0
3372.40 0.0000 1.09   0.00   3.6  0.0
3372.41 0.0000 0.95   0.00   3.6  0.0
3372.42 0.0000 0.90   0.00   3.6  0.0
3372.43 0.0000 0.77   0.00   3.6  0.0
3372.44 0.0000 0.82   0.00   3.6  0.0
3372.45 0.0000 0.96   0.00   3.6  0.0
3372.46 0.0000 1.00   0.00   3.6  0.0
3372.47 0.0000 0.99   0.00   3.6  0.0
3372.48 0.0000 0.95   0.00   3.5  0.0
3372.49 0.0000 0.90   0.00   3.5  0.0
3372.50 0.0000 0.72   0.00   3.7  0.0
