ELM     V003.000SPECTRL V003.000
M0
sng                           
2_Baydin                      
dolb.39                       
11-20-2009
4029.00 0.0000 0.01   0.71   2.4  2.0
4029.01 0.0000 0.02   0.71   2.5  1.6
4029.02 0.0000 0.06   0.73   2.6  0.4
4029.03 0.0000 0.14   0.68   2.7  0.0
4029.04 0.0000 0.31   0.52   2.8  0.0
4029.05 0.0000 0.37   0.46   2.9  0.0
4029.06 0.0000 0.41   0.41   3.0  0.0
4029.07 0.0000 0.36   0.42   3.1  0.0
4029.08 0.0000 0.28   0.51   3.3  0.0
4029.09 0.0000 0.23   0.55   3.3  0.0
4029.10 0.0000 0.17   0.63   3.5  0.4
4029.11 0.0000 0.18   0.66   3.6  0.5
4029.12 0.0000 0.20   0.67   3.6  0.5
4029.13 0.0000 0.21   0.65   3.7  0.6
4029.14 0.0000 0.17   0.64   3.8  1.4
4029.15 0.0000 0.14   0.61   3.9  2.2
4029.16 0.0000 0.12   0.58   4.0  2.5
4029.17 0.0000 0.08   0.59   4.0  3.1
4029.18 0.0000 0.05   0.59   4.1  3.6
4029.19 0.0000 0.03   0.47   4.3  4.1
4029.20 0.0000 0.02   0.41   4.5  4.3
4029.21 0.0000 0.06   0.28   4.6  4.0
4029.22 0.0000 0.19   0.20   4.8  3.2
4029.23 0.0000 0.24   0.16   4.9  3.1
4029.24 0.0000 0.26   0.14   5.0  3.0
4029.25 0.0000 0.24   0.12   5.1  3.3
4029.26 0.0000 0.19   0.15   5.1  3.8
4029.27 0.0000 0.17   0.12   5.3  4.1
4029.28 0.0000 0.17   0.10   5.3  4.3
4029.29 0.0000 0.13   0.06   5.5  4.7
4029.30 0.0000 0.08   0.03   5.6  5.0
4029.31 0.0000 0.05   0.02   5.6  5.3
4029.32 0.0000 0.04   0.01   5.6  5.4
4029.33 0.0000 0.02   0.01   5.6  5.5
4029.34 0.0000 0.01   0.00   5.7  5.7
4029.35 0.0000 0.01   0.00   5.8  5.7
4029.36 0.0000 0.00   0.00   5.8  5.8
4029.37 0.0000 0.00   0.00   5.8  5.8
4029.38 0.0000 0.00   0.00   5.8  5.8
4029.39 0.0000 0.00   0.00   5.8  5.8
4029.40 0.0000 0.00   0.00   5.8  5.8
4029.41 0.0000 0.00   0.00   5.9  5.9
4029.42 0.0000 0.00   0.00   6.0  6.0
4029.43 0.0000 0.00   0.00   6.0  6.0
4029.44 0.0000 0.00   0.00   6.0  6.0
4029.45 0.0000 0.00   0.00   6.0  6.0
4029.46 0.0000 0.00   0.00   6.0  6.0
4029.47 0.0000 0.00   0.00   6.1  6.1
4029.48 0.0000 0.00   0.00   6.2  6.2
4029.49 0.0000 0.00   0.00   6.3  6.3
4029.50 0.0000 0.00   0.00   6.3  6.3
4029.51 0.0000 0.00   0.00   6.3  6.3
4029.52 0.0000 0.00   0.00   6.4  6.4
4029.53 0.0000 0.00   0.00   6.4  6.4
4029.54 0.0000 0.00   0.00   6.4  6.4
4029.55 0.0000 0.00   0.00   6.4  6.4
4029.56 0.0000 0.00   0.00   6.5  6.5
4029.57 0.0000 0.00   0.00   6.5  6.5
4029.58 0.0000 0.00   0.00   6.5  6.5
4029.59 0.0000 0.00   0.00   6.4  6.4
4029.60 0.0000 0.00   0.00   6.3  6.3
4029.61 0.0000 0.00   0.00   6.1  6.1
4029.62 0.0000 0.00   0.00   6.0  6.0
4029.63 0.0000 0.00   0.00   5.9  5.9
4029.64 0.0000 0.00   0.00   5.6  5.6
4029.65 0.0000 0.00   0.06   5.4  5.4
4029.66 0.0000 0.00   0.13   5.3  5.3
4029.67 0.0000 0.00   0.30   5.1  5.1
4029.68 0.0000 0.00   0.42   4.9  4.9
4029.69 0.0000 0.00   0.44   4.9  4.9
4029.70 0.0000 0.00   0.43   4.8  4.8
4029.71 0.0000 0.00   0.40   4.7  4.7
4029.72 0.0000 0.00   0.43   4.7  4.7
4029.73 0.0000 0.00   0.53   4.5  4.5
4029.74 0.0000 0.00   0.57   4.4  4.4
4029.75 0.0000 0.00   0.60   4.3  4.3
4029.76 0.0000 0.01   0.63   4.2  4.1
4029.77 0.0000 0.05   0.64   4.2  3.6
4029.78 0.0000 0.06   0.60   4.1  3.5
4029.79 0.0000 0.06   0.54   4.0  3.4
4029.80 0.0000 0.03   0.59   3.9  3.5
4029.81 0.0000 0.02   0.59   3.8  3.5
4029.82 0.0000 0.01   0.49   3.8  3.7
4029.83 0.0000 0.01   0.34   3.7  3.6
4029.84 0.0000 0.00   0.20   3.7  3.6
4029.85 0.0000 0.00   0.16   3.7  3.6
4029.86 0.0000 0.00   0.10   3.7  3.7
4029.87 0.0000 0.00   0.06   3.7  3.7
4029.88 0.0000 0.00   0.03   3.7  3.7
4029.89 0.0000 0.00   0.02   3.8  3.8
4029.90 0.0000 0.00   0.01   3.8  3.8
4029.91 0.0000 0.00   0.01   3.8  3.8
4029.92 0.0000 0.00   0.00   3.9  3.9
4029.93 0.0000 0.00   0.00   4.0  4.0
4029.94 0.0000 0.00   0.00   4.1  4.1
4029.95 0.0000 0.00   0.00   4.4  4.4
4029.96 0.0000 0.00   0.00   4.4  4.4
4029.97 0.0000 0.00   0.00   4.5  4.5
4029.98 0.0000 0.00   0.00   4.6  4.6
4029.99 0.0000 0.00   0.00   4.7  4.7
4030.00 0.0000 0.00   0.00   4.7  4.7
4030.01 0.0000 0.00   0.00   4.7  4.7
4030.02 0.0000 0.00   0.00   4.8  4.8
4030.03 0.0000 0.02   0.00   4.8  4.6
4030.04 0.0000 0.02   0.00   4.9  4.8
4030.05 0.0000 0.01   0.00   5.0  4.9
4030.06 0.0000 0.01   0.00   5.1  5.1
4030.07 0.0000 0.03   0.00   5.2  5.0
4030.08 0.0000 0.04   0.00   5.3  5.0
4030.09 0.0000 0.07   0.00   5.3  4.9
4030.10 0.0000 0.09   0.00   5.4  4.8
4030.11 0.0000 0.10   0.00   5.5  4.9
4030.12 0.0000 0.14   0.00   5.5  4.7
4030.13 0.0000 0.15   0.00   5.6  4.7
4030.14 0.0000 0.21   0.00   5.6  4.5
4030.15 0.0000 0.21   0.00   5.6  4.4
4030.16 0.0000 0.24   0.00   5.6  4.2
4030.17 0.0000 0.32   0.00   5.6  3.7
4030.18 0.0000 0.45   0.01   5.4  2.9
4030.19 0.0000 0.54   0.00   5.3  2.3
4030.20 0.0000 0.60   0.00   5.3  1.9
4030.21 0.0000 0.75   0.00   5.3  1.1
4030.22 0.0000 0.85   0.00   5.3  0.6
4030.23 0.0000 0.92   0.00   5.3  0.3
4030.24 0.0000 0.92   0.00   5.4  0.3
4030.25 0.0000 0.89   0.00   5.4  0.6
4030.26 0.0000 0.83   0.00   5.4  0.9
4030.27 0.0000 0.81   0.00   5.3  1.0
4030.28 0.0000 0.85   0.00   5.4  0.8
4030.29 0.0000 0.88   0.00   5.3  0.6
4030.30 0.0000 0.78   0.00   5.4  1.1
4030.31 0.0000 0.70   0.00   5.4  1.5
4030.32 0.0000 0.59   0.00   5.4  2.2
4030.33 0.0000 0.58   0.00   5.4  2.3
4030.34 0.0000 0.51   0.00   5.5  2.6
4030.35 0.0000 0.52   0.00   5.4  2.5
4030.36 0.0000 0.48   0.00   5.4  2.6
4030.37 0.0000 0.45   0.00   5.3  2.8
4030.38 0.0000 0.35   0.00   5.4  3.4
4030.39 0.0000 0.30   0.00   5.5  3.7
4030.40 0.0000 0.25   0.00   5.5  4.0
4030.41 0.0000 0.22   0.00   5.4  4.2
4030.42 0.0000 0.24   0.00   5.4  4.1
4030.43 0.0000 0.30   0.00   5.4  3.7
4030.44 0.0000 0.38   0.00   5.5  3.3
4030.45 0.0000 0.46   0.00   5.5  2.9
4030.46 0.0000 0.45   0.00   5.5  2.9
4030.47 0.0000 0.47   0.00   5.5  2.8
4030.48 0.0000 0.46   0.00   5.5  3.0
4030.49 0.0000 0.35   0.00   5.6  3.6
4030.50 0.0000 0.31   0.00   5.7  3.9
4030.51 0.0000 0.21   0.00   5.6  4.5
4030.52 0.0000 0.12   0.00   5.7  5.0
4030.53 0.0000 0.07   0.00   5.7  5.3
4030.54 0.0000 0.05   0.00   5.7  5.4
4030.55 0.0000 0.03   0.00   5.7  5.5
4030.56 0.0000 0.02   0.00   5.6  5.5
4030.57 0.0000 0.01   0.00   5.5  5.5
4030.58 0.0000 0.01   0.00   5.5  5.5
4030.59 0.0000 0.01   0.00   5.4  5.4
4030.60 0.0000 0.00   0.00   5.5  5.4
4030.61 0.0000 0.00   0.00   5.5  5.5
4030.62 0.0000 0.02   0.00   5.5  5.4
4030.63 0.0000 0.08   0.00   5.5  5.0
4030.64 0.0000 0.12   0.00   5.5  4.8
4030.65 0.0000 0.12   0.00   5.6  4.9
4030.66 0.0000 0.14   0.00   5.6  4.8
4030.67 0.0000 0.12   0.00   5.4  4.8
4030.68 0.0000 0.08   0.00   5.4  5.0
4030.69 0.0000 0.05   0.03   5.3  5.1
4030.70 0.0000 0.04   0.06   5.3  5.1
4030.71 0.0000 0.02   0.11   5.3  5.2
4030.72 0.0000 0.01   0.13   5.4  5.3
4030.73 0.0000 0.01   0.18   5.4  5.4
4030.74 0.0000 0.01   0.17   5.5  5.4
4030.75 0.0000 0.00   0.23   5.5  5.5
4030.76 0.0000 0.00   0.28   5.5  5.5
4030.77 0.0000 0.00   0.30   5.5  5.5
4030.78 0.0000 0.00   0.38   5.5  5.5
4030.79 0.0000 0.00   0.55   5.4  5.4
4030.80 0.0000 0.00   0.61   5.4  5.4
4030.81 0.0000 0.00   0.63   5.4  5.4
4030.82 0.0000 0.00   0.72   5.4  5.4
4030.83 0.0000 0.00   0.82   5.5  5.5
4030.84 0.0000 0.00   0.93   5.5  5.5
4030.85 0.0000 0.00   1.01   5.4  5.4
4030.86 0.0000 0.03   1.04   5.4  5.2
4030.87 0.0000 0.04   1.10   5.4  5.2
4030.88 0.0000 0.06   1.16   5.4  5.1
4030.89 0.0000 0.05   1.19   5.4  5.2
4030.90 0.0000 0.03   1.32   5.5  5.4
4030.91 0.0000 0.02   1.42   5.5  5.4
4030.92 0.0000 0.01   1.49   5.5  5.4
4030.93 0.0000 0.01   1.54   5.5  5.4
4030.94 0.0000 0.00   1.57   5.4  5.4
4030.95 0.0000 0.00   1.57   5.4  5.3
4030.96 0.0000 0.00   1.60   5.3  5.3
4030.97 0.0000 0.00   1.65   5.4  5.4
4030.98 0.0000 0.00   1.57   5.5  5.5
4030.99 0.0000 0.00   1.45   5.6  5.6
4031.00 0.0000 0.00   1.42   5.7  5.7
4031.01 0.0000 0.00   1.38   5.7  5.7
4031.02 0.0000 0.00   1.37   5.6  5.6
4031.03 0.0000 0.00   1.33   5.5  5.5
4031.04 0.0000 0.00   1.31   5.5  5.5
4031.05 0.0000 0.00   1.29   5.4  5.4
4031.06 0.0000 0.00   1.22   5.4  5.4
4031.07 0.0000 0.00   1.20   5.3  5.3
4031.08 0.0000 0.00   1.20   5.3  5.3
4031.09 0.0000 0.00   1.20   5.3  5.3
4031.10 0.0000 0.00   1.11   5.4  5.4
4031.11 0.0000 0.00   1.02   5.4  5.4
4031.12 0.0000 0.00   0.97   5.4  5.4
4031.13 0.0000 0.00   0.83   5.3  5.3
4031.14 0.0000 0.00   0.65   5.2  5.2
4031.15 0.0000 0.00   0.47   5.3  5.3
4031.16 0.0000 0.00   0.48   5.3  5.3
4031.17 0.0000 0.00   0.48   5.3  5.3
4031.18 0.0000 0.00   0.43   5.2  5.2
4031.19 0.0000 0.00   0.40   5.2  5.2
4031.20 0.0000 0.00   0.32   5.2  5.2
4031.21 0.0000 0.00   0.22   5.2  5.2
4031.22 0.0000 0.00   0.12   5.1  5.1
4031.23 0.0000 0.00   0.10   5.2  5.2
4031.24 0.0000 0.00   0.09   5.2  5.2
4031.25 0.0000 0.00   0.05   5.3  5.3
4031.26 0.0000 0.00   0.07   5.3  5.3
4031.27 0.0000 0.00   0.06   5.3  5.3
4031.28 0.0000 0.00   0.03   5.4  5.4
4031.29 0.0000 0.00   0.02   5.4  5.4
4031.30 0.0000 0.00   0.02   5.4  5.4
4031.31 0.0000 0.00   0.01   5.3  5.3
4031.32 0.0000 0.00   0.01   5.2  5.2
4031.33 0.0000 0.00   0.02   5.3  5.3
4031.34 0.0000 0.00   0.12   5.2  5.2
4031.35 0.0000 0.00   0.14   5.2  5.2
4031.36 0.0000 0.00   0.14   5.2  5.2
4031.37 0.0000 0.00   0.08   5.2  5.2
4031.38 0.0000 0.00   0.05   5.2  5.2
4031.39 0.0000 0.00   0.05   5.2  5.2
4031.40 0.0000 0.00   0.03   5.1  5.1
4031.41 0.0000 0.00   0.04   5.1  5.1
4031.42 0.0000 0.00   0.08   5.1  5.1
4031.43 0.0000 0.00   0.11   5.1  5.1
4031.44 0.0000 0.00   0.23   5.0  5.0
4031.45 0.0000 0.00   0.32   5.1  5.1
4031.46 0.0000 0.00   0.35   5.1  5.1
4031.47 0.0000 0.00   0.30   5.1  5.1
4031.48 0.0000 0.00   0.25   5.2  5.2
4031.49 0.0000 0.00   0.25   5.2  5.2
4031.50 0.0000 0.00   0.28   5.2  5.2
4031.51 0.0000 0.00   0.31   5.3  5.3
4031.52 0.0000 0.00   0.34   5.3  5.3
4031.53 0.0000 0.00   0.38   5.3  5.3
4031.54 0.0000 0.00   0.38   5.3  5.3
4031.55 0.0000 0.00   0.37   5.4  5.4
4031.56 0.0000 0.00   0.38   5.4  5.4
4031.57 0.0000 0.00   0.37   5.4  5.4
4031.58 0.0000 0.00   0.40   5.4  5.4
4031.59 0.0000 0.00   0.46   5.4  5.4
4031.60 0.0000 0.00   0.45   5.3  5.3
4031.61 0.0000 0.00   0.42   5.4  5.4
4031.62 0.0000 0.00   0.40   5.4  5.4
4031.63 0.0000 0.00   0.35   5.5  5.5
4031.64 0.0000 0.00   0.30   5.5  5.5
4031.65 0.0000 0.00   0.18   5.7  5.7
4031.66 0.0000 0.00   0.14   5.8  5.8
4031.67 0.0000 0.00   0.08   5.8  5.8
4031.68 0.0000 0.00   0.08   5.7  5.7
4031.69 0.0000 0.00   0.09   5.8  5.8
4031.70 0.0000 0.00   0.10   5.8  5.8
4031.71 0.0000 0.00   0.07   5.8  5.8
4031.72 0.0000 0.00   0.10   5.9  5.9
4031.73 0.0000 0.00   0.08   6.0  6.0
4031.74 0.0000 0.00   0.05   6.0  6.0
4031.75 0.0000 0.00   0.03   6.0  6.0
4031.76 0.0000 0.00   0.02   6.0  6.0
4031.77 0.0000 0.00   0.01   5.9  5.9
4031.78 0.0000 0.00   0.01   5.9  5.9
4031.79 0.0000 0.00   0.00   5.8  5.8
4031.80 0.0000 0.03   0.01   5.9  5.7
4031.81 0.0000 0.07   0.01   5.9  5.5
4031.82 0.0000 0.13   0.00   5.7  5.0
4031.83 0.0000 0.11   0.00   5.7  5.1
4031.84 0.0000 0.07   0.07   5.6  5.2
4031.85 0.0000 0.05   0.10   5.5  5.2
4031.86 0.0000 0.03   0.14   5.5  5.3
4031.87 0.0000 0.08   0.22   5.4  5.0
4031.88 0.0000 0.06   0.32   5.4  5.1
4031.89 0.0000 0.06   0.33   5.4  5.1
4031.90 0.0000 0.08   0.26   5.4  5.0
4031.91 0.0000 0.16   0.19   5.4  4.5
4031.92 0.0000 0.20   0.17   5.3  4.2
4031.93 0.0000 0.33   0.24   5.2  3.4
4031.94 0.0000 0.41   0.32   5.3  3.1
4031.95 0.0000 0.47   0.37   5.2  2.7
4031.96 0.0000 0.46   0.38   5.2  2.7
4031.97 0.0000 0.46   0.37   5.2  2.7
4031.98 0.0000 0.44   0.39   5.3  2.9
4031.99 0.0000 0.36   0.44   5.2  3.3
4032.00 0.0000 0.36   0.44   5.2  3.3
4032.01 0.0000 0.36   0.47   5.2  3.2
4032.02 0.0000 0.40   0.51   5.2  3.0
4032.03 0.0000 0.46   0.50   5.2  2.6
4032.04 0.0000 0.46   0.50   5.2  2.6
4032.05 0.0000 0.44   0.49   5.2  2.7
4032.06 0.0000 0.30   0.47   5.2  3.5
4032.07 0.0000 0.17   0.38   5.3  4.4
4032.08 0.0000 0.12   0.35   5.3  4.6
4032.09 0.0000 0.07   0.33   5.4  5.0
4032.10 0.0000 0.04   0.31   5.4  5.2
4032.11 0.0000 0.02   0.32   5.4  5.3
4032.12 0.0000 0.02   0.32   5.5  5.4
4032.13 0.0000 0.01   0.35   5.5  5.5
4032.14 0.0000 0.01   0.30   5.6  5.6
4032.15 0.0000 0.00   0.23   5.7  5.6
4032.16 0.0000 0.00   0.13   5.8  5.8
4032.17 0.0000 0.00   0.07   5.8  5.8
4032.18 0.0000 0.00   0.04   5.8  5.8
4032.19 0.0000 0.00   0.03   5.9  5.9
4032.20 0.0000 0.00   0.02   5.9  5.9
4032.21 0.0000 0.00   0.01   5.8  5.8
4032.22 0.0000 0.00   0.01   5.8  5.8
4032.23 0.0000 0.00   0.00   5.8  5.8
4032.24 0.0000 0.00   0.00   5.9  5.9
4032.25 0.0000 0.00   0.00   6.0  6.0
4032.26 0.0000 0.00   0.00   6.0  6.0
4032.27 0.0000 0.00   0.00   5.9  5.9
4032.28 0.0000 0.00   0.00   5.9  5.9
4032.29 0.0000 0.00   0.00   5.9  5.9
4032.30 0.0000 0.00   0.00   5.8  5.8
4032.31 0.0000 0.00   0.00   5.8  5.8
4032.32 0.0000 0.00   0.00   5.9  5.9
4032.33 0.0000 0.00   0.00   5.9  5.9
4032.34 0.0000 0.00   0.00   5.9  5.9
4032.35 0.0000 0.00   0.00   5.9  5.9
4032.36 0.0000 0.00   0.00   5.8  5.8
4032.37 0.0000 0.00   0.00   5.8  5.8
4032.38 0.0000 0.00   0.00   5.8  5.8
4032.39 0.0000 0.00   0.00   5.7  5.7
4032.40 0.0000 0.00   0.00   5.7  5.7
4032.41 0.0000 0.00   0.00   5.6  5.6
4032.42 0.0001 0.00   0.00   5.6  5.6
4032.43 0.0001 0.00   0.00   5.5  5.5
4032.44 0.0002 0.00   0.00   5.5  5.5
4032.45 0.0003 0.00   0.00   5.4  5.4
4032.46 0.0003 0.00   0.00   5.3  5.3
4032.47 0.0002 0.00   0.00   5.4  5.4
4032.48 0.0001 0.00   0.00   5.3  5.3
4032.49 0.0001 0.00   0.00   5.4  5.4
4032.50 0.0000 0.00   0.00   5.2  5.2
4032.51 0.0000 0.00   0.03   5.2  5.2
4032.52 0.0000 0.00   0.04   5.3  5.3
4032.53 0.0000 0.00   0.04   5.3  5.3
4032.54 0.0000 0.00   0.03   5.2  5.2
4032.55 0.0000 0.00   0.02   5.2  5.2
4032.56 0.0000 0.00   0.03   5.1  5.1
4032.57 0.0000 0.00   0.12   5.1  5.1
4032.58 0.0000 0.00   0.15   5.1  5.1
4032.59 0.0000 0.00   0.13   5.1  5.1
4032.60 0.0000 0.00   0.18   5.0  5.0
4032.61 0.0000 0.00   0.21   5.0  5.0
4032.62 0.0000 0.00   0.21   5.1  5.1
4032.63 0.0000 0.00   0.25   5.1  5.1
4032.64 0.0000 0.00   0.34   5.1  5.1
4032.65 0.0000 0.00   0.39   5.1  5.1
4032.66 0.0000 0.00   0.43   5.1  5.1
4032.67 0.0000 0.00   0.40   5.1  5.1
4032.68 0.0000 0.00   0.34   5.3  5.3
4032.69 0.0000 0.00   0.34   5.3  5.3
4032.70 0.0000 0.00   0.31   5.3  5.3
4032.71 0.0000 0.00   0.27   5.4  5.4
4032.72 0.0000 0.00   0.25   5.4  5.4
4032.73 0.0000 0.00   0.23   5.4  5.4
4032.74 0.0000 0.00   0.25   5.5  5.5
4032.75 0.0000 0.00   0.23   5.5  5.5
4032.76 0.0000 0.00   0.26   5.5  5.5
4032.77 0.0000 0.00   0.28   5.5  5.5
4032.78 0.0000 0.00   0.35   5.5  5.5
4032.79 0.0000 0.00   0.37   5.6  5.6
4032.80 0.0000 0.00   0.31   5.5  5.5
4032.81 0.0000 0.00   0.29   5.5  5.5
4032.82 0.0000 0.00   0.24   5.5  5.5
4032.83 0.0000 0.00   0.18   5.6  5.6
4032.84 0.0000 0.00   0.19   5.6  5.6
4032.85 0.0000 0.00   0.15   5.6  5.6
4032.86 0.0000 0.00   0.15   5.6  5.6
4032.87 0.0000 0.00   0.15   5.6  5.6
4032.88 0.0000 0.00   0.15   5.6  5.6
4032.89 0.0000 0.00   0.20   5.7  5.7
4032.90 0.0000 0.00   0.25   5.7  5.7
4032.91 0.0000 0.00   0.20   5.8  5.8
4032.92 0.0000 0.00   0.21   5.8  5.8
4032.93 0.0000 0.00   0.18   5.7  5.7
4032.94 0.0000 0.00   0.12   5.7  5.7
4032.95 0.0000 0.00   0.17   5.7  5.7
4032.96 0.0000 0.00   0.13   5.7  5.7
4032.97 0.0000 0.00   0.09   5.8  5.8
4032.98 0.0000 0.00   0.11   5.7  5.7
4032.99 0.0000 0.00   0.16   5.7  5.7
4033.00 0.0000 0.00   0.17   5.8  5.8
4033.01 0.0000 0.00   0.19   5.7  5.7
4033.02 0.0000 0.00   0.16   5.6  5.6
4033.03 0.0000 0.00   0.10   5.6  5.6
4033.04 0.0000 0.01   0.07   5.6  5.5
4033.05 0.0000 0.05   0.04   5.6  5.4
4033.06 0.0000 0.09   0.02   5.6  5.2
4033.07 0.0000 0.11   0.02   5.7  5.1
4033.08 0.0000 0.11   0.01   5.7  5.1
4033.09 0.0000 0.16   0.01   5.7  4.8
4033.10 0.0000 0.25   0.00   5.7  4.4
4033.11 0.0000 0.30   0.00   5.8  4.2
4033.12 0.0000 0.38   0.00   5.8  3.8
4033.13 0.0000 0.41   0.00   5.9  3.8
4033.14 0.0000 0.40   0.00   5.8  3.7
4033.15 0.0000 0.42   0.00   5.7  3.6
4033.16 0.0000 0.37   0.00   5.6  3.7
4033.17 0.0000 0.29   0.00   5.5  4.0
4033.18 0.0000 0.21   0.00   5.5  4.3
4033.19 0.0000 0.18   0.00   5.5  4.5
4033.20 0.0000 0.14   0.00   5.4  4.6
4033.21 0.0000 0.12   0.00   5.4  4.7
4033.22 0.0000 0.10   0.00   5.3  4.7
4033.23 0.0000 0.08   0.00   5.3  4.8
4033.24 0.0000 0.05   0.00   5.3  5.0
4033.25 0.0000 0.03   0.00   5.2  5.1
4033.26 0.0000 0.01   0.00   5.2  5.1
4033.27 0.0000 0.01   0.00   5.2  5.1
4033.28 0.0000 0.01   0.00   5.1  5.0
4033.29 0.0000 0.01   0.00   5.1  5.1
4033.30 0.0000 0.00   0.00   5.1  5.1
4033.31 0.0000 0.03   0.00   5.2  5.0
4033.32 0.0000 0.07   0.00   5.1  4.7
4033.33 0.0000 0.12   0.00   5.3  4.5
4033.34 0.0000 0.14   0.00   5.4  4.5
4033.35 0.0000 0.13   0.00   5.4  4.6
4033.36 0.0000 0.08   0.00   5.4  4.9
4033.37 0.0000 0.08   0.00   5.3  4.8
4033.38 0.0000 0.10   0.00   5.3  4.6
4033.39 0.0000 0.12   0.00   5.2  4.4
4033.40 0.0000 0.09   0.00   5.2  4.6
4033.41 0.0000 0.08   0.00   5.1  4.6
4033.42 0.0000 0.07   0.00   5.1  4.6
4033.43 0.0000 0.04   0.00   5.1  4.8
4033.44 0.0000 0.02   0.00   5.0  4.8
4033.45 0.0000 0.01   0.00   5.0  4.9
4033.46 0.0000 0.01   0.00   5.0  5.0
4033.47 0.0000 0.01   0.00   5.2  5.1
4033.48 0.0000 0.00   0.00   5.2  5.2
4033.49 0.0000 0.00   0.00   5.3  5.3
4033.50 0.0000 0.00   0.00   5.4  5.3
4033.51 0.0000 0.00   0.00   5.4  5.4
4033.52 0.0000 0.00   0.00   5.4  5.4
4033.53 0.0000 0.00   0.00   5.5  5.5
4033.54 0.0000 0.00   0.00   5.6  5.6
4033.55 0.0000 0.00   0.00   5.6  5.6
4033.56 0.0000 0.00   0.00   5.7  5.7
4033.57 0.0000 0.00   0.00   5.7  5.7
4033.58 0.0000 0.00   0.00   5.8  5.8
4033.59 0.0000 0.00   0.00   5.9  5.9
4033.60 0.0000 0.00   0.00   5.8  5.8
4033.61 0.0000 0.00   0.00   5.8  5.8
4033.62 0.0000 0.00   0.00   5.8  5.8
4033.63 0.0000 0.00   0.00   5.7  5.7
4033.64 0.0000 0.00   0.00   5.7  5.7
4033.65 0.0000 0.00   0.00   5.7  5.7
4033.66 0.0000 0.00   0.00   5.5  5.5
4033.67 0.0000 0.00   0.00   5.5  5.5
4033.68 0.0000 0.00   0.00   5.5  5.5
4033.69 0.0000 0.00   0.00   5.5  5.5
4033.70 0.0000 0.00   0.00   5.6  5.6
4033.71 0.0000 0.00   0.00   5.5  5.5
4033.72 0.0000 0.00   0.00   5.5  5.5
4033.73 0.0000 0.00   0.00   5.5  5.5
4033.74 0.0000 0.00   0.00   5.6  5.6
4033.75 0.0000 0.00   0.00   5.6  5.6
4033.76 0.0000 0.00   0.00   5.6  5.6
4033.77 0.0000 0.00   0.00   5.7  5.7
4033.78 0.0000 0.00   0.00   5.7  5.7
4033.79 0.0000 0.00   0.00   5.6  5.6
4033.80 0.0000 0.00   0.00   5.6  5.6
4033.81 0.0000 0.00   0.00   5.6  5.6
4033.82 0.0000 0.00   0.00   5.6  5.6
4033.83 0.0000 0.00   0.00   5.7  5.7
4033.84 0.0000 0.00   0.00   5.6  5.6
4033.85 0.0000 0.00   0.00   5.7  5.7
4033.86 0.0000 0.00   0.00   5.7  5.7
4033.87 0.0000 0.00   0.00   5.7  5.7
4033.88 0.0000 0.00   0.00   5.6  5.6
4033.89 0.0000 0.00   0.00   5.6  5.6
4033.90 0.0000 0.00   0.00   5.6  5.6
4033.91 0.0000 0.00   0.00   5.6  5.6
4033.92 0.0000 0.00   0.00   5.6  5.6
4033.93 0.0000 0.00   0.00   5.7  5.7
4033.94 0.0000 0.00   0.00   5.7  5.7
4033.95 0.0000 0.00   0.00   5.8  5.8
4033.96 0.0000 0.00   0.00   5.8  5.8
4033.97 0.0000 0.00   0.00   5.9  5.9
4033.98 0.0000 0.00   0.00   6.0  6.0
4033.99 0.0000 0.00   0.00   6.0  6.0
4034.00 0.0000 0.00   0.00   6.1  6.1
4034.01 0.0000 0.00   0.00   6.2  6.2
4034.02 0.0000 0.00   0.00   6.3  6.3
4034.03 0.0000 0.00   0.00   6.3  6.3
4034.04 0.0000 0.00   0.00   6.3  6.3
4034.05 0.0000 0.00   0.00   6.4  6.4
4034.06 0.0000 0.00   0.00   6.4  6.4
4034.07 0.0000 0.00   0.00   6.4  6.4
4034.08 0.0000 0.00   0.02   6.4  6.4
4034.09 0.0000 0.00   0.04   6.5  6.5
4034.10 0.0000 0.00   0.09   6.5  6.5
4034.11 0.0000 0.00   0.15   6.5  6.5
4034.12 0.0000 0.00   0.23   6.5  6.5
4034.13 0.0000 0.00   0.31   6.6  6.6
4034.14 0.0000 0.00   0.34   6.6  6.6
4034.15 0.0000 0.00   0.35   6.7  6.7
4034.16 0.0000 0.00   0.39   6.8  6.8
4034.17 0.0000 0.00   0.48   6.7  6.7
4034.18 0.0000 0.00   0.63   6.6  6.6
4034.19 0.0000 0.00   0.67   6.6  6.6
4034.20 0.0000 0.00   0.67   6.5  6.5
4034.21 0.0000 0.00   0.64   6.5  6.5
4034.22 0.0000 0.00   0.64   6.5  6.5
4034.23 0.0000 0.00   0.60   6.5  6.5
4034.24 0.0000 0.00   0.55   6.6  6.6
4034.25 0.0000 0.00   0.56   6.7  6.7
4034.26 0.0000 0.00   0.56   6.7  6.7
4034.27 0.0000 0.00   0.58   6.6  6.6
4034.28 0.0000 0.00   0.54   6.5  6.5
4034.29 0.0000 0.00   0.52   6.5  6.5
4034.30 0.0000 0.00   0.52   6.5  6.5
4034.31 0.0000 0.00   0.52   6.5  6.5
4034.32 0.0000 0.00   0.49   6.4  6.4
4034.33 0.0000 0.00   0.47   6.4  6.4
4034.34 0.0000 0.00   0.50   6.4  6.4
4034.35 0.0000 0.00   0.57   6.4  6.4
4034.36 0.0000 0.00   0.59   6.4  6.4
4034.37 0.0000 0.00   0.61   6.5  6.5
4034.38 0.0000 0.00   0.60   6.5  6.5
4034.39 0.0000 0.00   0.62   6.6  6.6
4034.40 0.0000 0.00   0.66   6.5  6.5
4034.41 0.0000 0.00   0.57   6.5  6.5
4034.42 0.0000 0.00   0.52   6.5  6.5
4034.43 0.0000 0.00   0.52   6.4  6.4
4034.44 0.0000 0.00   0.61   6.2  6.2
4034.45 0.0000 0.00   0.65   6.2  6.2
4034.46 0.0000 0.00   0.77   6.0  6.0
4034.47 0.0000 0.00   0.72   6.0  6.0
4034.48 0.0000 0.00   0.64   6.0  6.0
4034.49 0.0000 0.00   0.60   5.9  5.9
4034.50 0.0000 0.00   0.53   6.0  6.0
4034.51 0.0000 0.00   0.42   5.9  5.9
4034.52 0.0000 0.00   0.36   5.9  5.9
4034.53 0.0000 0.00   0.33   5.8  5.8
4034.54 0.0000 0.00   0.30   5.7  5.7
4034.55 0.0000 0.00   0.29   5.7  5.7
4034.56 0.0000 0.00   0.28   5.6  5.6
4034.57 0.0000 0.00   0.28   5.5  5.5
4034.58 0.0000 0.00   0.33   5.5  5.5
4034.59 0.0000 0.00   0.31   5.5  5.5
4034.60 0.0000 0.00   0.26   5.4  5.4
4034.61 0.0000 0.00   0.20   5.5  5.5
4034.62 0.0000 0.00   0.11   5.4  5.4
4034.63 0.0000 0.00   0.06   5.4  5.4
4034.64 0.0000 0.00   0.04   5.3  5.3
4034.65 0.0000 0.00   0.05   5.3  5.3
4034.66 0.0000 0.00   0.10   5.2  5.2
4034.67 0.0000 0.00   0.17   5.2  5.2
4034.68 0.0000 0.00   0.23   5.1  5.1
4034.69 0.0000 0.00   0.25   5.0  5.0
4034.70 0.0000 0.00   0.25   4.9  4.9
4034.71 0.0000 0.00   0.28   4.8  4.8
4034.72 0.0000 0.00   0.27   4.9  4.9
4034.73 0.0000 0.00   0.31   4.9  4.9
4034.74 0.0000 0.00   0.43   5.0  5.0
4034.75 0.0000 0.00   0.46   5.0  5.0
4034.76 0.0000 0.00   0.42   5.1  5.1
4034.77 0.0000 0.00   0.32   5.1  5.1
4034.78 0.0000 0.00   0.19   5.2  5.2
4034.79 0.0000 0.00   0.13   5.3  5.3
4034.80 0.0000 0.00   0.10   5.2  5.2
4034.81 0.0000 0.00   0.06   5.3  5.3
4034.82 0.0000 0.00   0.10   5.3  5.3
4034.83 0.0000 0.00   0.17   5.3  5.3
4034.84 0.0000 0.00   0.21   5.4  5.4
4034.85 0.0000 0.00   0.22   5.3  5.3
4034.86 0.0000 0.00   0.25   5.4  5.4
4034.87 0.0000 0.00   0.35   5.4  5.4
4034.88 0.0000 0.00   0.38   5.4  5.4
4034.89 0.0000 0.00   0.44   5.5  5.5
4034.90 0.0000 0.00   0.51   5.5  5.5
4034.91 0.0000 0.00   0.56   5.5  5.5
4034.92 0.0000 0.00   0.66   5.6  5.6
4034.93 0.0000 0.00   0.74   5.6  5.6
4034.94 0.0000 0.00   0.80   5.6  5.6
4034.95 0.0000 0.00   0.86   5.6  5.6
4034.96 0.0000 0.00   0.88   5.6  5.6
4034.97 0.0000 0.00   0.79   5.7  5.7
4034.98 0.0000 0.00   0.72   5.7  5.7
4034.99 0.0000 0.00   0.70   5.7  5.7
4035.00 0.0000 0.00   0.74   5.8  5.8
4035.01 0.0000 0.00   0.71   5.9  5.9
4035.02 0.0000 0.00   0.63   5.9  5.9
4035.03 0.0000 0.00   0.57   5.9  5.9
4035.04 0.0000 0.00   0.47   5.9  5.9
4035.05 0.0000 0.00   0.31   5.9  5.9
4035.06 0.0000 0.00   0.22   5.9  5.9
4035.07 0.0000 0.00   0.20   5.9  5.9
4035.08 0.0000 0.00   0.25   5.8  5.8
4035.09 0.0000 0.00   0.28   5.9  5.9
4035.10 0.0000 0.00   0.27   5.9  5.9
4035.11 0.0000 0.00   0.26   6.0  6.0
4035.12 0.0000 0.00   0.29   5.9  5.9
4035.13 0.0000 0.00   0.30   5.9  5.9
4035.14 0.0000 0.00   0.27   5.9  5.9
4035.15 0.0000 0.00   0.27   5.9  5.9
4035.16 0.0000 0.00   0.29   5.9  5.9
4035.17 0.0000 0.00   0.37   6.0  6.0
4035.18 0.0000 0.00   0.42   6.0  6.0
4035.19 0.0000 0.00   0.38   6.1  6.1
4035.20 0.0000 0.00   0.29   6.1  6.1
4035.21 0.0000 0.00   0.17   6.0  6.0
4035.22 0.0000 0.00   0.13   6.0  6.0
4035.23 0.0000 0.00   0.07   5.9  5.9
4035.24 0.0000 0.00   0.04   5.9  5.9
4035.25 0.0000 0.00   0.02   6.0  6.0
4035.26 0.0000 0.00   0.02   6.0  6.0
4035.27 0.0000 0.00   0.01   6.1  6.1
4035.28 0.0000 0.00   0.01   6.1  6.1
4035.29 0.0000 0.00   0.00   6.1  6.1
4035.30 0.0000 0.00   0.00   6.1  6.1
4035.31 0.0000 0.00   0.00   6.0  6.0
4035.32 0.0000 0.00   0.00   6.1  6.1
4035.33 0.0000 0.00   0.00   5.9  5.9
4035.34 0.0000 0.00   0.00   5.9  5.9
4035.35 0.0000 0.00   0.00   5.8  5.8
4035.36 0.0000 0.00   0.00   5.8  5.8
4035.37 0.0000 0.00   0.00   5.8  5.8
4035.38 0.0000 0.00   0.00   5.8  5.8
4035.39 0.0000 0.00   0.00   5.8  5.8
4035.40 0.0000 0.00   0.00   5.9  5.9
4035.41 0.0000 0.00   0.00   5.8  5.8
4035.42 0.0000 0.00   0.00   5.8  5.8
4035.43 0.0000 0.00   0.00   5.7  5.7
4035.44 0.0000 0.00   0.00   5.8  5.8
4035.45 0.0000 0.00   0.00   5.7  5.7
4035.46 0.0000 0.00   0.00   5.7  5.7
4035.47 0.0000 0.00   0.00   5.5  5.5
4035.48 0.0000 0.00   0.00   5.5  5.5
4035.49 0.0000 0.00   0.00   5.5  5.5
4035.50 0.0000 0.00   0.00   5.4  5.4
4035.51 0.0000 0.00   0.00   5.3  5.3
4035.52 0.0000 0.00   0.00   5.4  5.4
4035.53 0.0000 0.00   0.00   5.4  5.4
4035.54 0.0000 0.00   0.00   5.4  5.4
4035.55 0.0000 0.00   0.00   5.4  5.4
4035.56 0.0000 0.00   0.00   5.4  5.4
4035.57 0.0000 0.00   0.00   5.3  5.3
4035.58 0.0000 0.00   0.01   5.3  5.3
4035.59 0.0000 0.00   0.00   5.2  5.2
4035.60 0.0000 0.00   0.00   5.2  5.2
4035.61 0.0000 0.00   0.00   5.3  5.3
4035.62 0.0000 0.00   0.00   5.4  5.4
4035.63 0.0000 0.00   0.00   5.4  5.4
4035.64 0.0000 0.00   0.00   5.5  5.5
4035.65 0.0000 0.00   0.00   5.5  5.5
4035.66 0.0000 0.00   0.00   5.6  5.6
4035.67 0.0000 0.00   0.00   5.6  5.6
4035.68 0.0000 0.00   0.00   5.6  5.6
4035.69 0.0000 0.00   0.00   5.6  5.6
4035.70 0.0000 0.00   0.00   5.5  5.5
4035.71 0.0000 0.00   0.00   5.5  5.5
4035.72 0.0000 0.00   0.00   5.6  5.6
4035.73 0.0000 0.00   0.00   5.6  5.6
4035.74 0.0000 0.00   0.00   5.7  5.7
4035.75 0.0000 0.00   0.00   5.7  5.7
4035.76 0.0000 0.00   0.00   5.8  5.8
4035.77 0.0000 0.00   0.00   5.9  5.9
4035.78 0.0000 0.00   0.04   6.0  6.0
4035.79 0.0000 0.00   0.07   6.0  6.0
4035.80 0.0000 0.00   0.11   6.0  6.0
4035.81 0.0000 0.00   0.08   6.0  6.0
4035.82 0.0000 0.00   0.12   5.9  5.9
4035.83 0.0000 0.00   0.10   5.9  5.9
4035.84 0.0000 0.00   0.06   5.9  5.9
4035.85 0.0000 0.00   0.03   5.9  5.9
4035.86 0.0000 0.00   0.02   6.0  6.0
4035.87 0.0000 0.00   0.01   6.0  6.0
4035.88 0.0000 0.00   0.01   5.9  5.9
4035.89 0.0000 0.00   0.00   5.9  5.9
4035.90 0.0000 0.00   0.03   5.9  5.9
4035.91 0.0000 0.00   0.04   5.9  5.9
4035.92 0.0000 0.00   0.10   5.9  5.9
4035.93 0.0000 0.00   0.15   5.9  5.9
4035.94 0.0000 0.00   0.25   5.9  5.9
4035.95 0.0000 0.00   0.26   5.9  5.9
4035.96 0.0000 0.00   0.28   5.9  5.9
4035.97 0.0000 0.00   0.31   5.9  5.9
4035.98 0.0000 0.00   0.39   5.9  5.9
4035.99 0.0000 0.00   0.42   5.8  5.8
4036.00 0.0000 0.00   0.46   5.8  5.8
4036.01 0.0000 0.00   0.51   5.8  5.8
4036.02 0.0000 0.00   0.54   5.8  5.8
4036.03 0.0000 0.00   0.55   5.8  5.8
4036.04 0.0000 0.00   0.59   5.9  5.9
4036.05 0.0000 0.00   0.52   5.9  5.9
4036.06 0.0000 0.00   0.46   5.8  5.8
4036.07 0.0000 0.00   0.35   5.8  5.8
4036.08 0.0000 0.01   0.28   5.8  5.7
4036.09 0.0000 0.03   0.18   5.8  5.7
4036.10 0.0000 0.03   0.14   5.9  5.7
4036.11 0.0000 0.03   0.08   6.0  5.8
4036.12 0.0000 0.02   0.05   6.0  5.9
4036.13 0.0000 0.01   0.03   6.0  6.0
4036.14 0.0000 0.01   0.02   6.0  6.0
4036.15 0.0000 0.00   0.01   6.0  6.0
4036.16 0.0000 0.00   0.01   6.0  6.0
4036.17 0.0000 0.00   0.02   6.0  6.0
4036.18 0.0000 0.00   0.07   6.0  6.0
4036.19 0.0000 0.00   0.08   6.1  6.1
4036.20 0.0000 0.00   0.09   6.1  6.1
4036.21 0.0000 0.00   0.06   6.2  6.2
4036.22 0.0000 0.00   0.05   6.2  6.2
4036.23 0.0000 0.00   0.03   6.2  6.2
4036.24 0.0000 0.00   0.02   6.0  6.0
4036.25 0.0000 0.00   0.01   6.0  6.0
4036.26 0.0000 0.00   0.01   6.0  6.0
4036.27 0.0000 0.00   0.00   6.0  6.0
4036.28 0.0000 0.00   0.00   6.0  6.0
4036.29 0.0000 0.00   0.00   6.0  6.0
4036.30 0.0000 0.00   0.01   5.9  5.9
4036.31 0.0000 0.00   0.02   5.9  5.9
4036.32 0.0000 0.00   0.03   5.7  5.7
4036.33 0.0000 0.00   0.03   5.7  5.7
4036.34 0.0000 0.00   0.02   5.7  5.7
4036.35 0.0000 0.00   0.01   5.6  5.6
4036.36 0.0000 0.00   0.00   5.5  5.5
4036.37 0.0000 0.00   0.00   5.6  5.6
4036.38 0.0000 0.00   0.01   5.6  5.6
4036.39 0.0000 0.00   0.03   5.6  5.6
4036.40 0.0000 0.00   0.05   5.5  5.5
4036.41 0.0000 0.00   0.06   5.5  5.5
4036.42 0.0000 0.00   0.08   5.5  5.5
4036.43 0.0000 0.00   0.12   5.5  5.5
4036.44 0.0000 0.00   0.17   5.5  5.5
4036.45 0.0000 0.00   0.19   5.5  5.5
4036.46 0.0000 0.00   0.16   5.7  5.7
4036.47 0.0000 0.00   0.14   5.8  5.8
4036.48 0.0000 0.00   0.14   5.8  5.8
4036.49 0.0000 0.00   0.11   5.8  5.8
4036.50 0.0000 0.00   0.12   5.7  5.7
4036.51 0.0000 0.00   0.12   5.6  5.6
4036.52 0.0000 0.00   0.13   5.6  5.6
4036.53 0.0000 0.00   0.23   5.5  5.5
4036.54 0.0000 0.00   0.30   5.5  5.5
4036.55 0.0000 0.00   0.43   5.5  5.5
4036.56 0.0000 0.00   0.46   5.5  5.5
4036.57 0.0000 0.00   0.44   5.4  5.4
4036.58 0.0000 0.00   0.39   5.4  5.4
4036.59 0.0000 0.00   0.36   5.3  5.3
4036.60 0.0000 0.00   0.36   5.3  5.3
4036.61 0.0000 0.00   0.28   5.2  5.2
4036.62 0.0000 0.00   0.23   5.3  5.3
4036.63 0.0000 0.00   0.17   5.3  5.3
4036.64 0.0000 0.00   0.18   5.3  5.3
4036.65 0.0000 0.00   0.19   5.2  5.2
4036.66 0.0000 0.00   0.21   5.2  5.2
4036.67 0.0000 0.00   0.31   5.1  5.1
4036.68 0.0000 0.00   0.33   5.1  5.1
4036.69 0.0000 0.00   0.34   5.0  5.0
4036.70 0.0000 0.00   0.39   4.9  4.9
4036.71 0.0000 0.00   0.48   4.9  4.9
4036.72 0.0000 0.00   0.54   4.9  4.9
4036.73 0.0000 0.00   0.56   4.9  4.9
4036.74 0.0000 0.00   0.57   4.9  4.9
4036.75 0.0000 0.00   0.57   5.0  5.0
4036.76 0.0000 0.00   0.57   5.0  5.0
4036.77 0.0000 0.00   0.59   4.9  4.9
4036.78 0.0000 0.00   0.56   4.9  4.9
4036.79 0.0000 0.00   0.53   4.8  4.8
4036.80 0.0000 0.00   0.51   4.8  4.8
4036.81 0.0000 0.01   0.51   4.8  4.7
4036.82 0.0000 0.01   0.60   4.9  4.9
4036.83 0.0000 0.00   0.63   4.9  4.9
4036.84 0.0000 0.00   0.69   5.0  4.9
4036.85 0.0000 0.00   0.71   5.0  5.0
4036.86 0.0000 0.00   0.73   5.0  5.0
4036.87 0.0000 0.00   0.76   5.1  5.1
4036.88 0.0000 0.00   0.78   5.0  5.0
4036.89 0.0000 0.00   0.80   5.0  5.0
4036.90 0.0000 0.00   0.85   5.1  5.1
4036.91 0.0000 0.00   0.84   5.1  5.1
4036.92 0.0000 0.00   0.82   5.1  5.1
4036.93 0.0000 0.00   0.77   5.2  5.2
4036.94 0.0000 0.00   0.70   5.3  5.3
4036.95 0.0000 0.00   0.66   5.3  5.3
4036.96 0.0000 0.00   0.63   5.4  5.4
4036.97 0.0000 0.00   0.61   5.5  5.5
4036.98 0.0000 0.00   0.55   5.5  5.5
4036.99 0.0000 0.00   0.47   5.6  5.6
4037.00 0.0000 0.00   0.38   5.7  5.7
4037.01 0.0000 0.00   0.27   5.8  5.8
4037.02 0.0000 0.00   0.24   5.8  5.8
4037.03 0.0000 0.00   0.20   5.8  5.8
4037.04 0.0000 0.00   0.27   5.8  5.8
4037.05 0.0000 0.00   0.33   5.9  5.9
4037.06 0.0000 0.00   0.38   5.9  5.9
4037.07 0.0000 0.00   0.46   5.9  5.9
4037.08 0.0000 0.00   0.49   5.9  5.9
4037.09 0.0000 0.00   0.60   5.8  5.8
4037.10 0.0000 0.00   0.65   5.8  5.8
4037.11 0.0000 0.00   0.72   5.8  5.8
4037.12 0.0000 0.00   0.70   5.8  5.8
4037.13 0.0000 0.00   0.62   5.9  5.9
4037.14 0.0000 0.00   0.58   5.9  5.9
4037.15 0.0000 0.00   0.45   5.9  5.9
4037.16 0.0000 0.00   0.36   5.9  5.9
4037.17 0.0000 0.00   0.32   6.0  6.0
4037.18 0.0000 0.00   0.28   6.0  6.0
4037.19 0.0000 0.02   0.26   6.1  6.0
4037.20 0.0000 0.01   0.26   6.1  6.0
4037.21 0.0000 0.01   0.29   6.1  6.1
4037.22 0.0000 0.01   0.31   6.1  6.1
4037.23 0.0000 0.00   0.27   6.0  6.0
4037.24 0.0000 0.00   0.25   6.0  6.0
4037.25 0.0000 0.00   0.26   6.0  5.9
4037.26 0.0000 0.00   0.27   5.9  5.9
4037.27 0.0000 0.00   0.32   5.9  5.9
4037.28 0.0000 0.00   0.33   5.8  5.8
4037.29 0.0000 0.00   0.31   5.8  5.8
4037.30 0.0000 0.00   0.33   5.8  5.8
4037.31 0.0000 0.00   0.43   5.7  5.7
4037.32 0.0000 0.00   0.47   5.7  5.7
4037.33 0.0000 0.00   0.47   5.7  5.7
4037.34 0.0000 0.00   0.41   5.7  5.7
4037.35 0.0000 0.00   0.42   5.6  5.6
4037.36 0.0000 0.00   0.40   5.7  5.7
4037.37 0.0000 0.00   0.40   5.6  5.6
4037.38 0.0000 0.00   0.40   5.7  5.7
4037.39 0.0000 0.00   0.40   5.6  5.6
4037.40 0.0000 0.00   0.31   5.6  5.6
4037.41 0.0000 0.00   0.26   5.7  5.7
4037.42 0.0000 0.00   0.20   5.7  5.7
4037.43 0.0000 0.00   0.26   5.6  5.6
4037.44 0.0000 0.00   0.31   5.6  5.6
4037.45 0.0000 0.00   0.35   5.5  5.5
4037.46 0.0000 0.00   0.43   5.5  5.5
4037.47 0.0000 0.03   0.42   5.3  5.2
4037.48 0.0000 0.06   0.39   5.3  4.9
4037.49 0.0000 0.09   0.36   5.2  4.7
4037.50 0.0000 0.16   0.31   5.1  4.2
4037.51 0.0000 0.28   0.32   5.1  3.5
4037.52 0.0000 0.36   0.32   5.1  3.0
4037.53 0.0000 0.47   0.32   5.1  2.4
4037.54 0.0000 0.46   0.37   5.2  2.5
4037.55 0.0000 0.43   0.44   5.1  2.6
4037.56 0.0000 0.40   0.47   5.1  2.7
4037.57 0.0000 0.41   0.46   5.2  2.7
4037.58 0.0000 0.41   0.46   5.2  2.7
4037.59 0.0000 0.37   0.47   5.2  2.9
4037.60 0.0000 0.36   0.55   5.2  3.0
4037.61 0.0000 0.29   0.67   5.2  3.4
4037.62 0.0000 0.29   0.65   5.3  3.5
4037.63 0.0000 0.32   0.51   5.3  3.3
4037.64 0.0000 0.35   0.49   5.2  3.0
4037.65 0.0000 0.36   0.45   5.3  3.1
4037.66 0.0000 0.32   0.36   5.3  3.4
4037.67 0.0000 0.27   0.31   5.3  3.6
4037.68 0.0000 0.26   0.27   5.2  3.7
4037.69 0.0000 0.16   0.18   5.3  4.3
4037.70 0.0000 0.09   0.17   5.3  4.7
4037.71 0.0000 0.10   0.17   5.3  4.7
4037.72 0.0000 0.14   0.24   5.3  4.5
4037.73 0.0000 0.17   0.22   5.3  4.3
4037.74 0.0000 0.19   0.13   5.4  4.3
4037.75 0.0000 0.18   0.10   5.4  4.4
4037.76 0.0000 0.14   0.05   5.5  4.7
4037.77 0.0000 0.08   0.03   5.7  5.3
4037.78 0.0000 0.05   0.02   5.8  5.5
4037.79 0.0000 0.03   0.01   5.8  5.7
4037.80 0.0000 0.02   0.01   5.9  5.8
4037.81 0.0000 0.01   0.00   6.0  5.9
4037.82 0.0000 0.01   0.00   6.1  6.0
4037.83 0.0000 0.00   0.00   6.0  6.0
4037.84 0.0000 0.00   0.00   6.1  6.1
4037.85 0.0000 0.00   0.00   6.1  6.1
4037.86 0.0000 0.00   0.00   6.1  6.1
4037.87 0.0000 0.00   0.00   6.2  6.2
4037.88 0.0000 0.00   0.00   6.3  6.3
4037.89 0.0000 0.00   0.00   6.3  6.3
4037.90 0.0000 0.00   0.00   6.3  6.3
4037.91 0.0000 0.00   0.00   6.3  6.3
4037.92 0.0000 0.00   0.00   6.3  6.3
4037.93 0.0000 0.00   0.00   6.3  6.3
4037.94 0.0000 0.00   0.00   6.3  6.3
4037.95 0.0000 0.00   0.00   6.3  6.3
4037.96 0.0000 0.00   0.00   6.3  6.3
4037.97 0.0000 0.00   0.00   6.3  6.3
4037.98 0.0000 0.00   0.00   6.3  6.3
4037.99 0.0000 0.00   0.00   6.3  6.3
4038.00 0.0000 0.00   0.00   6.3  6.3
4038.01 0.0000 0.00   0.00   6.2  6.2
4038.02 0.0000 0.00   0.00   6.3  6.3
4038.03 0.0000 0.00   0.00   6.3  6.3
4038.04 0.0000 0.00   0.00   6.3  6.3
4038.05 0.0000 0.00   0.00   6.2  6.2
4038.06 0.0000 0.00   0.00   6.2  6.2
4038.07 0.0000 0.00   0.00   6.1  6.1
4038.08 0.0000 0.00   0.01   6.1  6.1
4038.09 0.0000 0.00   0.06   6.0  6.0
4038.10 0.0000 0.00   0.10   6.0  6.0
4038.11 0.0000 0.00   0.17   5.9  5.9
4038.12 0.0000 0.00   0.25   5.9  5.9
4038.13 0.0000 0.00   0.34   5.9  5.9
4038.14 0.0000 0.00   0.37   5.9  5.9
4038.15 0.0000 0.00   0.37   6.0  6.0
4038.16 0.0000 0.00   0.31   6.0  6.0
4038.17 0.0000 0.00   0.28   6.0  6.0
4038.18 0.0000 0.00   0.30   6.0  6.0
4038.19 0.0000 0.00   0.35   6.0  6.0
4038.20 0.0000 0.00   0.43   5.9  5.9
4038.21 0.0000 0.00   0.43   6.0  6.0
4038.22 0.0000 0.00   0.47   5.9  5.9
4038.23 0.0000 0.00   0.50   5.9  5.9
4038.24 0.0000 0.00   0.49   5.8  5.8
4038.25 0.0000 0.00   0.46   5.8  5.8
4038.26 0.0000 0.00   0.46   5.8  5.8
4038.27 0.0000 0.00   0.39   5.9  5.9
4038.28 0.0000 0.00   0.30   5.9  5.9
4038.29 0.0000 0.00   0.31   5.8  5.8
4038.30 0.0000 0.00   0.38   5.8  5.8
4038.31 0.0000 0.00   0.45   5.7  5.7
4038.32 0.0000 0.00   0.50   5.6  5.6
4038.33 0.0000 0.00   0.51   5.6  5.6
4038.34 0.0000 0.00   0.50   5.7  5.7
4038.35 0.0000 0.00   0.48   5.6  5.6
4038.36 0.0000 0.00   0.40   5.7  5.7
4038.37 0.0000 0.00   0.40   5.7  5.7
4038.38 0.0000 0.00   0.35   5.6  5.6
4038.39 0.0000 0.00   0.30   5.6  5.6
4038.40 0.0000 0.00   0.31   5.6  5.6
4038.41 0.0000 0.00   0.24   5.7  5.7
4038.42 0.0000 0.00   0.20   5.8  5.8
4038.43 0.0000 0.00   0.15   5.8  5.8
4038.44 0.0000 0.00   0.12   5.9  5.9
4038.45 0.0000 0.00   0.07   5.8  5.8
4038.46 0.0000 0.00   0.04   5.8  5.8
4038.47 0.0000 0.00   0.02   5.8  5.8
4038.48 0.0000 0.00   0.02   5.8  5.8
4038.49 0.0000 0.00   0.01   5.7  5.7
4038.50 0.0000 0.00   0.01   5.8  5.8
4038.51 0.0000 0.00   0.01   5.8  5.8
4038.52 0.0000 0.00   0.01   5.7  5.7
4038.53 0.0000 0.00   0.00   5.8  5.8
4038.54 0.0000 0.00   0.04   5.9  5.9
4038.55 0.0000 0.00   0.10   5.8  5.8
4038.56 0.0000 0.00   0.11   5.7  5.7
4038.57 0.0000 0.00   0.08   5.7  5.7
4038.58 0.0000 0.00   0.08   5.6  5.6
4038.59 0.0000 0.00   0.05   5.6  5.6
4038.60 0.0000 0.00   0.04   5.5  5.5
4038.61 0.0000 0.00   0.02   5.5  5.5
4038.62 0.0000 0.00   0.01   5.5  5.5
4038.63 0.0000 0.00   0.01   5.6  5.6
4038.64 0.0000 0.00   0.00   5.5  5.5
4038.65 0.0000 0.00   0.00   5.5  5.5
4038.66 0.0000 0.00   0.00   5.5  5.5
4038.67 0.0000 0.00   0.00   5.5  5.5
4038.68 0.0000 0.00   0.00   5.5  5.5
4038.69 0.0000 0.00   0.00   5.6  5.6
4038.70 0.0000 0.00   0.00   5.7  5.7
4038.71 0.0000 0.00   0.00   5.6  5.6
4038.72 0.0000 0.00   0.00   5.6  5.6
4038.73 0.0000 0.00   0.00   5.6  5.6
4038.74 0.0000 0.00   0.00   5.6  5.6
4038.75 0.0000 0.00   0.00   5.5  5.5
4038.76 0.0000 0.00   0.00   5.6  5.6
4038.77 0.0000 0.00   0.00   5.6  5.6
4038.78 0.0000 0.00   0.00   5.5  5.5
4038.79 0.0000 0.00   0.00   5.5  5.5
4038.80 0.0000 0.00   0.00   5.4  5.4
4038.81 0.0000 0.00   0.00   5.5  5.5
4038.82 0.0000 0.00   0.00   5.5  5.5
4038.83 0.0000 0.00   0.00   5.5  5.5
4038.84 0.0000 0.00   0.00   5.6  5.6
4038.85 0.0000 0.00   0.00   5.5  5.5
4038.86 0.0000 0.00   0.00   5.5  5.5
4038.87 0.0000 0.00   0.00   5.5  5.5
4038.88 0.0000 0.00   0.00   5.5  5.5
4038.89 0.0000 0.00   0.00   5.5  5.5
4038.90 0.0000 0.00   0.00   5.5  5.5
4038.91 0.0000 0.00   0.00   5.5  5.5
4038.92 0.0000 0.00   0.00   5.5  5.5
4038.93 0.0000 0.00   0.00   5.5  5.5
4038.94 0.0000 0.00   0.00   5.4  5.4
4038.95 0.0000 0.00   0.00   5.4  5.4
4038.96 0.0000 0.00   0.00   5.4  5.4
4038.97 0.0000 0.00   0.00   5.3  5.3
4038.98 0.0000 0.00   0.00   5.2  5.2
4038.99 0.0000 0.00   0.00   5.1  5.1
4039.00 0.0000 0.00   0.00   4.9  4.9
4039.01 0.0000 0.00   0.00   4.7  4.7
4039.02 0.0000 0.00   0.00   4.7  4.7
4039.03 0.0000 0.00   0.00   4.4  4.4
4039.04 0.0000 0.00   0.00   4.3  4.3
4039.05 0.0000 0.00   0.00   4.2  4.2
4039.06 0.0000 0.00   0.00   4.1  4.1
4039.07 0.0000 0.00   0.00   4.0  4.0
4039.08 0.0000 0.00   0.00   4.0  4.0
4039.09 0.0000 0.00   0.00   4.0  4.0
4039.10 0.0000 0.00   0.00   4.0  4.0
4039.11 0.0000 0.00   0.00   3.9  3.9
4039.12 0.0000 0.00   0.00   3.8  3.8
4039.13 0.0000 0.00   0.00   3.8  3.8
4039.14 0.0000 0.00   0.00   3.8  3.8
4039.15 0.0000 0.00   0.00   3.7  3.7
4039.16 0.0000 0.00   0.00   3.8  3.8
4039.17 0.0000 0.00   0.00   3.8  3.8
4039.18 0.0000 0.00   0.00   3.7  3.7
4039.19 0.0000 0.00   0.00   3.7  3.7
4039.20 0.0000 0.00   0.00   3.7  3.7
4039.21 0.0000 0.00   0.00   3.7  3.7
4039.22 0.0000 0.00   0.00   3.8  3.8
4039.23 0.0000 0.00   0.00   3.8  3.8
4039.24 0.0000 0.00   0.00   3.7  3.7
4039.25 0.0000 0.00   0.00   3.7  3.7
4039.26 0.0000 0.00   0.00   3.7  3.7
4039.27 0.0000 0.00   0.00   3.7  3.7
4039.28 0.0000 0.00   0.00   3.8  3.8
4039.29 0.0000 0.00   0.00   3.9  3.9
4039.30 0.0000 0.00   0.00   4.1  4.1
4039.31 0.0000 0.00   0.00   4.1  4.1
4039.32 0.0000 0.00   0.00   4.2  4.2
4039.33 0.0000 0.00   0.00   4.5  4.5
4039.34 0.0000 0.00   0.00   4.7  4.7
4039.35 0.0000 0.00   0.00   4.8  4.8
4039.36 0.0000 0.00   0.00   4.9  4.9
4039.37 0.0000 0.00   0.00   4.9  4.9
4039.38 0.0000 0.00   0.00   4.9  4.9
4039.39 0.0000 0.00   0.00   4.9  4.9
4039.40 0.0000 0.00   0.00   4.9  4.9
4039.41 0.0000 0.00   0.07   4.9  4.9
4039.42 0.0000 0.00   0.16   4.9  4.9
4039.43 0.0000 0.00   0.16   4.9  4.9
4039.44 0.0000 0.00   0.18   4.9  4.9
4039.45 0.0000 0.00   0.17   4.9  4.9
4039.46 0.0000 0.00   0.12   4.9  4.9
4039.47 0.0000 0.00   0.07   5.0  5.0
4039.48 0.0000 0.00   0.05   5.0  5.0
4039.49 0.0000 0.00   0.03   5.1  5.1
4039.50 0.0000 0.00   0.02   5.2  5.2
4039.51 0.0000 0.00   0.01   5.2  5.2
4039.52 0.0000 0.00   0.01   5.2  5.2
4039.53 0.0000 0.00   0.00   5.3  5.3
4039.54 0.0000 0.00   0.00   5.4  5.4
4039.55 0.0000 0.00   0.00   5.4  5.4
4039.56 0.0000 0.00   0.00   5.5  5.5
4039.57 0.0000 0.00   0.00   5.6  5.6
4039.58 0.0000 0.00   0.00   5.7  5.7
4039.59 0.0000 0.00   0.00   5.7  5.7
4039.60 0.0000 0.00   0.00   5.6  5.6
4039.61 0.0000 0.00   0.00   5.5  5.5
4039.62 0.0000 0.00   0.00   5.6  5.6
4039.63 0.0000 0.00   0.00   5.6  5.6
4039.64 0.0000 0.00   0.00   5.5  5.5
4039.65 0.0000 0.00   0.00   5.5  5.5
4039.66 0.0000 0.00   0.00   5.4  5.4
4039.67 0.0000 0.00   0.00   5.4  5.4
4039.68 0.0000 0.00   0.00   5.4  5.4
4039.69 0.0000 0.00   0.00   5.4  5.4
4039.70 0.0000 0.00   0.00   5.4  5.4
4039.71 0.0000 0.00   0.00   5.4  5.4
4039.72 0.0000 0.00   0.00   5.5  5.5
4039.73 0.0000 0.03   0.00   5.6  5.4
4039.74 0.0000 0.06   0.00   5.7  5.4
4039.75 0.0000 0.07   0.00   5.7  5.3
4039.76 0.0000 0.14   0.00   5.8  5.1
4039.77 0.0000 0.15   0.00   5.9  5.1
4039.78 0.0000 0.12   0.00   5.9  5.3
4039.79 0.0000 0.07   0.02   5.8  5.5
4039.80 0.0000 0.05   0.08   5.7  5.5
4039.81 0.0000 0.07   0.13   5.8  5.4
4039.82 0.0000 0.11   0.14   5.7  5.2
4039.83 0.0000 0.12   0.13   5.8  5.2
4039.84 0.0000 0.17   0.07   6.0  5.1
4039.85 0.0000 0.24   0.04   5.9  4.7
4039.86 0.0000 0.23   0.03   6.0  4.8
4039.87 0.0000 0.15   0.06   6.0  5.2
4039.88 0.0000 0.08   0.14   5.9  5.4
4039.89 0.0000 0.06   0.14   5.9  5.6
4039.90 0.0000 0.06   0.14   5.8  5.5
4039.91 0.0000 0.09   0.10   5.8  5.3
4039.92 0.0000 0.08   0.06   5.8  5.4
4039.93 0.0000 0.04   0.06   5.8  5.6
4039.94 0.0000 0.03   0.06   5.8  5.7
4039.95 0.0000 0.02   0.03   5.9  5.8
4039.96 0.0000 0.02   0.02   5.9  5.8
4039.97 0.0000 0.03   0.01   5.9  5.8
4039.98 0.0000 0.02   0.04   5.9  5.8
4039.99 0.0000 0.01   0.09   6.0  5.9
4040.00 0.0000 0.01   0.09   6.1  6.0
4040.01 0.0000 0.01   0.09   6.1  6.1
4040.02 0.0000 0.00   0.09   6.1  6.1
4040.03 0.0000 0.00   0.05   6.1  6.1
4040.04 0.0000 0.00   0.04   6.2  6.2
4040.05 0.0000 0.00   0.03   6.1  6.1
4040.06 0.0000 0.00   0.02   6.1  6.1
4040.07 0.0000 0.00   0.01   6.1  6.1
4040.08 0.0000 0.00   0.01   6.0  6.0
4040.09 0.0000 0.00   0.00   5.9  5.9
4040.10 0.0000 0.00   0.00   5.9  5.9
4040.11 0.0000 0.00   0.00   6.0  6.0
4040.12 0.0000 0.00   0.00   6.0  6.0
4040.13 0.0000 0.00   0.00   6.0  6.0
4040.14 0.0000 0.00   0.00   6.0  6.0
4040.15 0.0000 0.00   0.00   5.9  5.9
4040.16 0.0000 0.00   0.00   5.8  5.8
4040.17 0.0000 0.00   0.00   5.8  5.8
4040.18 0.0000 0.00   0.00   5.6  5.6
4040.19 0.0000 0.00   0.00   5.6  5.6
4040.20 0.0000 0.00   0.00   5.6  5.6
4040.21 0.0000 0.00   0.00   5.7  5.7
4040.22 0.0000 0.00   0.00   5.6  5.6
4040.23 0.0000 0.00   0.00   5.6  5.6
4040.24 0.0000 0.00   0.00   5.6  5.6
4040.25 0.0000 0.00   0.00   5.6  5.6
4040.26 0.0000 0.00   0.00   5.6  5.6
4040.27 0.0000 0.00   0.00   5.6  5.6
4040.28 0.0000 0.00   0.00   5.6  5.6
4040.29 0.0000 0.00   0.00   5.7  5.7
4040.30 0.0000 0.00   0.00   5.8  5.8
4040.31 0.0000 0.00   0.00   5.8  5.8
4040.32 0.0000 0.00   0.00   5.8  5.8
4040.33 0.0000 0.00   0.07   5.6  5.6
4040.34 0.0000 0.00   0.15   5.6  5.6
4040.35 0.0000 0.00   0.19   5.6  5.6
4040.36 0.0000 0.00   0.20   5.5  5.5
4040.37 0.0000 0.00   0.22   5.5  5.5
4040.38 0.0000 0.00   0.30   5.6  5.6
4040.39 0.0000 0.00   0.46   5.6  5.6
4040.40 0.0000 0.00   0.50   5.6  5.6
4040.41 0.0000 0.00   0.59   5.7  5.7
4040.42 0.0000 0.00   0.67   5.6  5.6
4040.43 0.0000 0.00   0.65   5.6  5.6
4040.44 0.0000 0.00   0.61   5.6  5.6
4040.45 0.0000 0.00   0.47   5.7  5.7
4040.46 0.0000 0.00   0.37   5.7  5.7
4040.47 0.0000 0.00   0.35   5.7  5.7
4040.48 0.0000 0.00   0.30   5.8  5.8
4040.49 0.0000 0.00   0.20   5.9  5.9
4040.50 0.0000 0.00   0.12   6.0  6.0
4040.51 0.0000 0.00   0.09   6.1  6.1
4040.52 0.0000 0.00   0.06   6.0  6.0
4040.53 0.0000 0.00   0.05   6.0  6.0
4040.54 0.0000 0.00   0.05   6.1  6.1
4040.55 0.0000 0.00   0.06   6.0  6.0
4040.56 0.0000 0.00   0.04   6.1  6.1
4040.57 0.0000 0.00   0.02   6.0  6.0
4040.58 0.0000 0.00   0.01   6.0  6.0
4040.59 0.0000 0.00   0.01   6.0  6.0
4040.60 0.0000 0.00   0.04   5.9  5.9
4040.61 0.0000 0.00   0.08   5.8  5.8
4040.62 0.0000 0.00   0.16   5.7  5.7
4040.63 0.0000 0.00   0.18   5.6  5.6
4040.64 0.0000 0.00   0.22   5.4  5.4
4040.65 0.0000 0.00   0.18   5.4  5.4
4040.66 0.0000 0.00   0.13   5.4  5.4
4040.67 0.0000 0.00   0.15   5.4  5.4
4040.68 0.0000 0.00   0.19   5.3  5.3
4040.69 0.0000 0.00   0.19   5.1  5.1
4040.70 0.0000 0.00   0.17   5.1  5.1
4040.71 0.0000 0.00   0.12   5.1  5.1
4040.72 0.0000 0.00   0.10   5.0  5.0
4040.73 0.0000 0.00   0.14   5.0  5.0
4040.74 0.0000 0.00   0.14   5.0  5.0
4040.75 0.0000 0.00   0.20   4.9  4.9
4040.76 0.0000 0.00   0.26   4.8  4.8
4040.77 0.0000 0.00   0.30   4.7  4.7
4040.78 0.0000 0.00   0.32   4.7  4.7
4040.79 0.0000 0.00   0.31   4.8  4.8
4040.80 0.0000 0.00   0.27   4.7  4.7
4040.81 0.0000 0.00   0.21   4.8  4.8
4040.82 0.0000 0.00   0.23   4.7  4.7
4040.83 0.0000 0.00   0.25   4.8  4.8
4040.84 0.0000 0.00   0.26   4.8  4.8
4040.85 0.0000 0.00   0.29   4.7  4.7
4040.86 0.0000 0.00   0.33   4.8  4.8
4040.87 0.0000 0.00   0.34   4.9  4.9
4040.88 0.0000 0.00   0.38   4.9  4.9
4040.89 0.0000 0.00   0.39   4.9  4.9
4040.90 0.0000 0.00   0.37   4.9  4.9
4040.91 0.0000 0.00   0.33   4.9  4.9
4040.92 0.0000 0.00   0.23   4.9  4.9
4040.93 0.0000 0.00   0.23   5.0  5.0
4040.94 0.0000 0.00   0.22   5.0  5.0
4040.95 0.0000 0.00   0.15   5.2  5.2
4040.96 0.0000 0.00   0.17   5.2  5.2
4040.97 0.0000 0.00   0.20   5.2  5.2
4040.98 0.0000 0.00   0.27   5.1  5.1
4040.99 0.0000 0.00   0.32   5.3  5.3
4041.00 0.0000 0.00   0.40   5.5  5.5
4041.01 0.0000 0.00   0.46   5.6  5.6
4041.02 0.0000 0.00   0.57   5.6  5.6
4041.03 0.0000 0.00   0.57   5.7  5.7
4041.04 0.0000 0.00   0.50   5.8  5.8
4041.05 0.0000 0.00   0.43   5.9  5.9
4041.06 0.0000 0.00   0.31   5.9  5.9
4041.07 0.0000 0.00   0.35   6.0  6.0
4041.08 0.0000 0.00   0.42   6.1  6.1
4041.09 0.0000 0.00   0.45   6.2  6.2
4041.10 0.0000 0.00   0.52   6.2  6.2
4041.11 0.0000 0.00   0.59   6.2  6.2
4041.12 0.0000 0.00   0.65   6.1  6.1
4041.13 0.0000 0.00   0.68   6.2  6.2
4041.14 0.0000 0.00   0.77   6.2  6.2
4041.15 0.0000 0.00   0.79   6.2  6.2
4041.16 0.0000 0.00   0.77   6.2  6.2
4041.17 0.0000 0.00   0.73   6.2  6.2
4041.18 0.0000 0.00   0.69   6.2  6.2
4041.19 0.0000 0.00   0.61   6.1  6.1
4041.20 0.0000 0.00   0.58   6.1  6.1
4041.21 0.0000 0.00   0.60   6.1  6.1
4041.22 0.0000 0.00   0.60   6.0  6.0
4041.23 0.0000 0.00   0.59   6.0  6.0
4041.24 0.0000 0.00   0.57   6.0  6.0
4041.25 0.0000 0.00   0.52   6.0  6.0
4041.26 0.0000 0.00   0.55   6.1  6.1
4041.27 0.0000 0.00   0.51   6.0  6.0
4041.28 0.0000 0.00   0.45   6.1  6.1
4041.29 0.0000 0.00   0.29   6.1  6.1
4041.30 0.0000 0.00   0.19   6.0  6.0
4041.31 0.0000 0.00   0.11   6.0  6.0
4041.32 0.0000 0.00   0.08   5.9  5.9
4041.33 0.0000 0.00   0.05   5.9  5.9
4041.34 0.0000 0.00   0.03   5.8  5.8
4041.35 0.0000 0.00   0.07   5.7  5.7
4041.36 0.0000 0.00   0.09   5.7  5.7
4041.37 0.0000 0.00   0.10   5.8  5.8
4041.38 0.0000 0.00   0.09   5.8  5.8
4041.39 0.0000 0.00   0.07   5.8  5.8
4041.40 0.0000 0.00   0.04   5.8  5.8
4041.41 0.0000 0.00   0.02   5.7  5.7
4041.42 0.0000 0.03   0.01   5.6  5.4
4041.43 0.0000 0.05   0.01   5.6  5.3
4041.44 0.0000 0.05   0.00   5.6  5.3
4041.45 0.0000 0.04   0.00   5.7  5.4
4041.46 0.0000 0.07   0.00   5.8  5.3
4041.47 0.0000 0.10   0.00   5.8  5.2
4041.48 0.0000 0.14   0.00   5.8  5.0
4041.49 0.0000 0.17   0.00   5.7  4.7
4041.50 0.0000 0.22   0.00   5.8  4.5
4041.51 0.0000 0.24   0.00   5.8  4.4
4041.52 0.0000 0.23   0.00   5.7  4.4
4041.53 0.0000 0.30   0.00   5.7  4.0
4041.54 0.0000 0.39   0.00   5.8  3.6
4041.55 0.0000 0.43   0.00   5.8  3.3
4041.56 0.0000 0.42   0.00   5.8  3.4
4041.57 0.0000 0.37   0.00   5.8  3.7
4041.58 0.0000 0.32   0.00   5.8  4.0
4041.59 0.0000 0.31   0.00   5.8  4.1
4041.60 0.0000 0.29   0.00   5.9  4.3
4041.61 0.0000 0.33   0.00   5.9  4.1
4041.62 0.0000 0.34   0.00   6.0  4.1
4041.63 0.0000 0.38   0.00   5.9  4.0
4041.64 0.0000 0.34   0.00   6.0  4.2
4041.65 0.0000 0.29   0.00   6.0  4.5
4041.66 0.0000 0.25   0.00   6.1  4.8
4041.67 0.0000 0.16   0.00   6.2  5.4
4041.68 0.0000 0.11   0.00   6.1  5.5
4041.69 0.0000 0.06   0.00   6.0  5.7
4041.70 0.0000 0.05   0.00   6.1  5.9
4041.71 0.0000 0.03   0.00   6.0  5.9
4041.72 0.0000 0.02   0.00   6.0  5.9
4041.73 0.0000 0.01   0.00   6.1  6.0
4041.74 0.0000 0.01   0.00   6.1  6.1
4041.75 0.0000 0.00   0.00   6.0  6.0
4041.76 0.0000 0.00   0.04   5.9  5.9
4041.77 0.0000 0.00   0.04   5.8  5.8
4041.78 0.0000 0.00   0.03   5.8  5.8
4041.79 0.0000 0.00   0.02   5.9  5.9
4041.80 0.0000 0.00   0.01   5.9  5.9
4041.81 0.0000 0.00   0.01   6.0  6.0
4041.82 0.0000 0.00   0.00   6.0  6.0
4041.83 0.0000 0.00   0.00   6.0  6.0
4041.84 0.0000 0.00   0.00   6.0  6.0
4041.85 0.0000 0.00   0.00   6.0  6.0
4041.86 0.0000 0.00   0.00   6.1  6.1
4041.87 0.0000 0.00   0.01   6.1  6.1
4041.88 0.0000 0.00   0.00   6.1  6.1
4041.89 0.0000 0.00   0.00   6.2  6.2
4041.90 0.0000 0.00   0.00   6.1  6.1
4041.91 0.0000 0.00   0.00   6.2  6.2
4041.92 0.0001 0.00   0.00   6.1  6.1
4041.93 0.0001 0.00   0.00   6.2  6.2
4041.94 0.0000 0.00   0.00   6.2  6.2
4041.95 0.0000 0.00   0.00   6.3  6.3
4041.96 0.0000 0.00   0.00   6.2  6.2
4041.97 0.0000 0.00   0.00   6.2  6.2
4041.98 0.0000 0.00   0.01   6.1  6.1
4041.99 0.0000 0.00   0.04   6.3  6.3
4042.00 0.0000 0.00   0.03   6.3  6.3
4042.01 0.0000 0.00   0.02   6.3  6.3
4042.02 0.0000 0.00   0.01   6.4  6.4
4042.03 0.0000 0.00   0.01   6.3  6.3
4042.04 0.0000 0.00   0.00   6.3  6.3
4042.05 0.0000 0.00   0.00   6.2  6.2
4042.06 0.0000 0.00   0.00   6.2  6.2
4042.07 0.0000 0.00   0.00   6.2  6.2
4042.08 0.0000 0.02   0.00   6.3  6.1
4042.09 0.0000 0.05   0.00   6.3  6.1
4042.10 0.0000 0.10   0.00   6.3  5.8
4042.11 0.0000 0.10   0.00   6.2  5.7
4042.12 0.0000 0.10   0.00   6.2  5.7
4042.13 0.0000 0.09   0.00   6.2  5.7
4042.14 0.0000 0.11   0.00   6.2  5.6
4042.15 0.0000 0.16   0.00   6.2  5.4
4042.16 0.0000 0.17   0.00   6.2  5.4
4042.17 0.0000 0.18   0.00   6.2  5.3
4042.18 0.0000 0.16   0.00   6.2  5.4
4042.19 0.0000 0.10   0.00   6.3  5.8
4042.20 0.0000 0.07   0.00   6.3  5.9
4042.21 0.0000 0.04   0.00   6.2  6.0
4042.22 0.0000 0.02   0.00   6.1  6.0
4042.23 0.0000 0.01   0.00   6.1  6.1
4042.24 0.0000 0.01   0.00   6.2  6.1
4042.25 0.0000 0.01   0.00   6.1  6.0
4042.26 0.0000 0.08   0.00   6.0  5.6
4042.27 0.0000 0.22   0.00   6.0  4.8
4042.28 0.0000 0.27   0.00   6.0  4.5
4042.29 0.0000 0.35   0.00   6.0  4.2
4042.30 0.0000 0.43   0.00   6.1  3.8
4042.31 0.0000 0.46   0.00   6.0  3.5
4042.32 0.0000 0.60   0.00   5.9  2.6
4042.33 0.0000 0.73   0.00   5.8  1.7
4042.34 0.0000 0.87   0.00   5.7  0.9
4042.35 0.0000 0.94   0.00   5.7  0.4
4042.36 0.0000 0.96   0.00   5.7  0.2
4042.37 0.0000 0.85   0.00   5.7  0.9
4042.38 0.0000 0.63   0.00   5.7  2.0
4042.39 0.0000 0.54   0.00   5.7  2.6
4042.40 0.0000 0.39   0.00   5.7  3.4
4042.41 0.0000 0.26   0.00   5.6  4.2
4042.42 0.0000 0.18   0.00   5.7  4.7
4042.43 0.0000 0.16   0.00   5.7  4.8
4042.44 0.0000 0.13   0.00   5.7  4.9
4042.45 0.0000 0.08   0.00   5.7  5.2
4042.46 0.0000 0.06   0.00   5.6  5.3
4042.47 0.0000 0.05   0.00   5.6  5.3
4042.48 0.0000 0.05   0.00   5.5  5.2
4042.49 0.0000 0.03   0.00   5.5  5.3
4042.50 0.0000 0.02   0.00   5.5  5.5
4042.51 0.0000 0.01   0.00   5.5  5.4
4042.52 0.0000 0.01   0.00   5.5  5.5
4042.53 0.0000 0.01   0.00   5.6  5.5
4042.54 0.0000 0.00   0.00   5.6  5.6
4042.55 0.0000 0.01   0.00   5.5  5.5
4042.56 0.0000 0.01   0.00   5.6  5.5
4042.57 0.0000 0.00   0.00   5.5  5.5
4042.58 0.0000 0.00   0.00   5.5  5.5
4042.59 0.0000 0.00   0.00   5.4  5.4
4042.60 0.0000 0.00   0.00   5.4  5.4
4042.61 0.0000 0.00   0.00   5.5  5.5
4042.62 0.0000 0.00   0.00   5.5  5.5
4042.63 0.0000 0.00   0.00   5.5  5.5
4042.64 0.0000 0.00   0.03   5.5  5.5
4042.65 0.0000 0.00   0.02   5.4  5.4
4042.66 0.0000 0.00   0.02   5.4  5.4
4042.67 0.0000 0.00   0.04   5.3  5.3
4042.68 0.0000 0.00   0.04   5.3  5.3
4042.69 0.0000 0.00   0.02   5.3  5.3
4042.70 0.0001 0.00   0.03   5.2  5.2
4042.71 0.0002 0.00   0.08   5.2  5.2
4042.72 0.0001 0.00   0.12   5.2  5.2
4042.73 0.0001 0.00   0.16   5.3  5.3
4042.74 0.0000 0.00   0.16   5.3  5.3
4042.75 0.0000 0.00   0.10   5.4  5.4
4042.76 0.0000 0.00   0.12   5.4  5.4
4042.77 0.0000 0.00   0.12   5.3  5.3
4042.78 0.0000 0.00   0.10   5.4  5.4
4042.79 0.0000 0.00   0.06   5.4  5.4
4042.80 0.0000 0.00   0.05   5.4  5.4
4042.81 0.0000 0.00   0.06   5.4  5.4
4042.82 0.0000 0.00   0.20   5.4  5.4
4042.83 0.0000 0.00   0.37   5.4  5.4
4042.84 0.0000 0.00   0.44   5.3  5.3
4042.85 0.0000 0.00   0.43   5.2  5.2
4042.86 0.0000 0.00   0.35   5.3  5.3
4042.87 0.0000 0.00   0.27   5.3  5.3
4042.88 0.0000 0.00   0.19   5.3  5.3
4042.89 0.0000 0.00   0.15   5.3  5.3
4042.90 0.0000 0.00   0.10   5.3  5.3
4042.91 0.0000 0.06   0.10   5.3  4.9
4042.92 0.0000 0.20   0.10   5.3  3.9
4042.93 0.0000 0.28   0.07   5.4  3.5
4042.94 0.0000 0.34   0.04   5.5  3.3
4042.95 0.0000 0.34   0.02   5.7  3.4
4042.96 0.0000 0.35   0.01   5.7  3.5
4042.97 0.0000 0.32   0.01   5.8  3.8
4042.98 0.0000 0.26   0.01   5.8  4.2
4042.99 0.0000 0.15   0.01   5.9  5.0
4043.00 0.0000 0.12   0.00   5.9  5.2
4043.01 0.0000 0.08   0.00   5.9  5.5
4043.02 0.0000 0.05   0.00   5.9  5.6
4043.03 0.0000 0.03   0.00   5.8  5.7
4043.04 0.0000 0.04   0.00   5.9  5.6
4043.05 0.0000 0.03   0.00   5.9  5.7
4043.06 0.0000 0.02   0.00   5.9  5.8
4043.07 0.0000 0.01   0.00   5.8  5.8
4043.08 0.0000 0.01   0.00   5.8  5.7
4043.09 0.0000 0.00   0.00   5.8  5.8
4043.10 0.0000 0.01   0.00   5.7  5.7
4043.11 0.0000 0.01   0.00   5.8  5.7
4043.12 0.0000 0.01   0.00   5.8  5.7
4043.13 0.0000 0.00   0.00   5.8  5.7
4043.14 0.0000 0.00   0.00   5.8  5.8
4043.15 0.0000 0.00   0.00   5.8  5.8
4043.16 0.0000 0.00   0.00   5.9  5.9
4043.17 0.0000 0.00   0.00   5.9  5.9
4043.18 0.0000 0.00   0.00   5.8  5.8
4043.19 0.0000 0.00   0.00   5.8  5.8
4043.20 0.0000 0.00   0.00   5.8  5.8
4043.21 0.0000 0.00   0.00   5.8  5.8
4043.22 0.0000 0.00   0.00   5.9  5.9
4043.23 0.0000 0.00   0.00   5.8  5.8
4043.24 0.0000 0.00   0.00   5.8  5.8
4043.25 0.0000 0.00   0.00   5.7  5.7
4043.26 0.0000 0.00   0.00   5.7  5.7
4043.27 0.0000 0.00   0.00   5.7  5.7
4043.28 0.0000 0.00   0.00   5.7  5.7
4043.29 0.0000 0.00   0.00   5.6  5.6
4043.30 0.0000 0.00   0.00   5.6  5.6
4043.31 0.0000 0.00   0.00   5.6  5.6
4043.32 0.0000 0.00   0.00   5.6  5.6
4043.33 0.0000 0.00   0.00   5.7  5.7
4043.34 0.0000 0.00   0.00   5.7  5.7
4043.35 0.0000 0.00   0.00   5.7  5.7
4043.36 0.0000 0.00   0.00   5.6  5.6
4043.37 0.0000 0.00   0.00   5.6  5.6
4043.38 0.0000 0.00   0.00   5.7  5.7
4043.39 0.0000 0.00   0.00   5.7  5.7
4043.40 0.0000 0.00   0.00   5.7  5.7
4043.41 0.0000 0.00   0.00   5.7  5.7
4043.42 0.0000 0.07   0.00   5.7  5.4
4043.43 0.0000 0.06   0.00   5.8  5.4
4043.44 0.0000 0.04   0.00   5.8  5.5
4043.45 0.0000 0.03   0.00   5.8  5.7
4043.46 0.0000 0.01   0.01   5.8  5.8
4043.47 0.0000 0.01   0.01   5.8  5.8
4043.48 0.0000 0.01   0.05   5.8  5.8
4043.49 0.0000 0.00   0.10   5.8  5.8
4043.50 0.0000 0.00   0.12   5.9  5.8
4043.51 0.0000 0.00   0.19   5.9  5.9
4043.52 0.0000 0.00   0.26   5.9  5.9
4043.53 0.0000 0.00   0.30   5.9  5.9
4043.54 0.0000 0.00   0.29   5.9  5.9
4043.55 0.0000 0.00   0.25   6.0  6.0
4043.56 0.0000 0.00   0.20   6.0  6.0
4043.57 0.0000 0.00   0.20   6.0  6.0
4043.58 0.0000 0.00   0.20   6.0  6.0
4043.59 0.0000 0.00   0.14   6.1  6.1
4043.60 0.0000 0.00   0.09   6.1  6.1
4043.61 0.0000 0.00   0.05   6.2  6.2
4043.62 0.0000 0.00   0.04   6.2  6.2
4043.63 0.0000 0.00   0.02   6.2  6.2
4043.64 0.0000 0.00   0.01   6.2  6.2
4043.65 0.0000 0.00   0.01   6.1  6.1
4043.66 0.0000 0.00   0.02   6.1  6.1
4043.67 0.0000 0.00   0.01   6.1  6.1
4043.68 0.0000 0.00   0.01   6.1  6.1
4043.69 0.0000 0.00   0.01   6.1  6.1
4043.70 0.0000 0.00   0.01   6.1  6.1
4043.71 0.0000 0.00   0.00   6.1  6.1
4043.72 0.0000 0.00   0.03   6.0  6.0
4043.73 0.0000 0.00   0.03   5.9  5.9
4043.74 0.0000 0.00   0.02   5.9  5.9
4043.75 0.0000 0.00   0.01   5.8  5.8
4043.76 0.0000 0.00   0.01   5.8  5.8
4043.77 0.0000 0.00   0.00   5.8  5.8
4043.78 0.0000 0.00   0.00   5.9  5.9
4043.79 0.0000 0.00   0.00   6.0  6.0
4043.80 0.0000 0.00   0.00   6.1  6.1
4043.81 0.0000 0.01   0.00   6.0  6.0
4043.82 0.0000 0.01   0.00   6.0  5.9
4043.83 0.0000 0.01   0.00   6.0  6.0
4043.84 0.0000 0.01   0.00   6.0  5.9
4043.85 0.0000 0.00   0.00   6.0  6.0
4043.86 0.0000 0.00   0.00   5.9  5.9
4043.87 0.0000 0.00   0.00   5.9  5.9
4043.88 0.0000 0.00   0.00   5.8  5.8
4043.89 0.0000 0.01   0.00   5.9  5.8
4043.90 0.0000 0.11   0.00   5.7  5.0
4043.91 0.0000 0.21   0.00   5.6  4.2
4043.92 0.0000 0.26   0.00   5.6  3.9
4043.93 0.0000 0.26   0.00   5.6  3.9
4043.94 0.0000 0.21   0.00   5.6  4.2
4043.95 0.0000 0.21   0.00   5.5  4.1
4043.96 0.0000 0.22   0.00   5.5  4.0
4043.97 0.0000 0.24   0.00   5.5  3.9
4043.98 0.0000 0.24   0.00   5.6  4.0
4043.99 0.0000 0.21   0.00   5.6  4.2
4044.00 0.0000 0.23   0.00   5.6  4.1
4044.01 0.0000 0.24   0.00   5.5  4.0
4044.02 0.0000 0.24   0.00   5.5  3.9
4044.03 0.0000 0.24   0.00   5.5  3.9
4044.04 0.0000 0.25   0.00   5.5  3.8
4044.05 0.0000 0.21   0.00   5.5  4.2
4044.06 0.0000 0.19   0.00   5.6  4.3
4044.07 0.0000 0.17   0.00   5.6  4.5
4044.08 0.0000 0.16   0.00   5.6  4.6
4044.09 0.0000 0.20   0.00   5.6  4.3
4044.10 0.0000 0.21   0.00   5.5  4.2
4044.11 0.0000 0.23   0.00   5.5  4.0
4044.12 0.0000 0.26   0.00   5.4  3.8
4044.13 0.0000 0.26   0.00   5.5  3.8
4044.14 0.0000 0.16   0.00   5.5  4.5
4044.15 0.0000 0.09   0.00   5.4  4.9
4044.16 0.0000 0.08   0.00   5.4  4.9
4044.17 0.0000 0.06   0.00   5.4  5.1
4044.18 0.0000 0.03   0.00   5.5  5.3
4044.19 0.0000 0.02   0.00   5.6  5.4
4044.20 0.0000 0.01   0.00   5.6  5.5
4044.21 0.0000 0.01   0.00   5.6  5.6
4044.22 0.0000 0.00   0.00   5.7  5.7
4044.23 0.0000 0.00   0.00   5.8  5.7
4044.24 0.0000 0.00   0.00   5.8  5.8
4044.25 0.0000 0.00   0.00   5.7  5.7
4044.26 0.0000 0.00   0.00   5.7  5.7
4044.27 0.0000 0.00   0.00   5.7  5.7
4044.28 0.0000 0.00   0.00   5.8  5.8
4044.29 0.0000 0.00   0.00   5.8  5.8
4044.30 0.0000 0.00   0.00   5.7  5.7
4044.31 0.0000 0.00   0.00   5.7  5.7
4044.32 0.0000 0.00   0.00   5.7  5.7
4044.33 0.0000 0.00   0.00   5.7  5.7
4044.34 0.0000 0.00   0.00   5.8  5.8
4044.35 0.0000 0.00   0.00   5.8  5.8
4044.36 0.0000 0.00   0.00   5.8  5.8
4044.37 0.0000 0.00   0.00   5.8  5.8
4044.38 0.0000 0.00   0.00   5.8  5.8
4044.39 0.0000 0.00   0.00   5.8  5.8
4044.40 0.0000 0.00   0.00   5.8  5.8
4044.41 0.0000 0.00   0.00   5.8  5.8
4044.42 0.0000 0.00   0.00   5.8  5.8
4044.43 0.0000 0.00   0.00   5.8  5.8
4044.44 0.0000 0.00   0.00   5.8  5.8
4044.45 0.0000 0.00   0.00   5.8  5.8
4044.46 0.0000 0.00   0.00   5.8  5.8
4044.47 0.0000 0.00   0.01   5.9  5.9
4044.48 0.0000 0.00   0.00   5.9  5.9
4044.49 0.0000 0.00   0.00   5.8  5.8
4044.50 0.0000 0.00   0.00   5.8  5.8
4044.51 0.0000 0.00   0.05   5.7  5.7
4044.52 0.0000 0.00   0.10   5.6  5.6
4044.53 0.0000 0.00   0.10   5.6  5.6
4044.54 0.0000 0.00   0.10   5.7  5.7
4044.55 0.0000 0.00   0.09   5.7  5.7
4044.56 0.0000 0.00   0.21   5.8  5.8
4044.57 0.0000 0.00   0.31   5.8  5.8
4044.58 0.0000 0.00   0.33   5.8  5.8
4044.59 0.0000 0.00   0.29   5.8  5.8
4044.60 0.0000 0.00   0.24   5.8  5.8
4044.61 0.0000 0.00   0.19   5.8  5.8
4044.62 0.0000 0.00   0.17   5.8  5.8
4044.63 0.0000 0.00   0.16   5.8  5.8
4044.64 0.0000 0.00   0.19   5.9  5.9
4044.65 0.0000 0.00   0.17   5.8  5.8
4044.66 0.0000 0.00   0.17   5.8  5.8
4044.67 0.0000 0.00   0.28   5.7  5.7
4044.68 0.0000 0.00   0.36   5.6  5.6
4044.69 0.0000 0.00   0.38   5.7  5.7
4044.70 0.0000 0.10   0.36   5.6  5.0
4044.71 0.0000 0.21   0.30   5.5  4.2
4044.72 0.0000 0.30   0.28   5.4  3.6
4044.73 0.0000 0.32   0.25   5.3  3.4
4044.74 0.0000 0.35   0.17   5.3  3.1
4044.75 0.0000 0.40   0.16   5.2  2.6
4044.76 0.0000 0.44   0.13   5.2  2.3
4044.77 0.0000 0.46   0.10   5.2  2.1
4044.78 0.0000 0.44   0.16   5.0  2.0
4044.79 0.0000 0.42   0.18   5.0  2.0
4044.80 0.0000 0.39   0.22   5.0  2.2
4044.81 0.0000 0.38   0.26   5.0  2.2
4044.82 0.0000 0.39   0.34   4.9  2.0
4044.83 0.0000 0.38   0.35   5.0  2.2
4044.84 0.0000 0.35   0.36   5.0  2.4
4044.85 0.0000 0.33   0.36   5.0  2.5
4044.86 0.0000 0.21   0.37   5.0  3.4
4044.87 0.0000 0.13   0.31   5.0  4.1
4044.88 0.0000 0.10   0.30   5.0  4.3
4044.89 0.0000 0.05   0.31   5.0  4.6
4044.90 0.0000 0.03   0.41   4.9  4.7
4044.91 0.0000 0.02   0.44   4.9  4.8
4044.92 0.0000 0.02   0.46   4.9  4.8
4044.93 0.0000 0.03   0.51   5.0  4.7
4044.94 0.0000 0.02   0.57   5.0  4.8
4044.95 0.0000 0.02   0.59   5.1  4.9
4044.96 0.0000 0.01   0.62   5.1  4.9
4044.97 0.0000 0.04   0.64   5.0  4.8
4044.98 0.0000 0.05   0.63   5.0  4.7
4044.99 0.0000 0.06   0.52   5.2  4.8
4045.00 0.0000 0.05   0.49   5.2  4.9
4045.01 0.0000 0.03   0.49   5.2  5.0
4045.02 0.0000 0.02   0.60   5.3  5.2
4045.03 0.0000 0.01   0.63   5.4  5.3
4045.04 0.0000 0.01   0.59   5.4  5.4
4045.05 0.0000 0.00   0.52   5.5  5.5
4045.06 0.0000 0.00   0.43   5.5  5.5
4045.07 0.0000 0.00   0.35   5.6  5.6
4045.08 0.0000 0.00   0.34   5.6  5.6
4045.09 0.0000 0.00   0.30   5.6  5.6
4045.10 0.0000 0.00   0.19   5.7  5.7
4045.11 0.0000 0.00   0.16   5.7  5.7
4045.12 0.0000 0.00   0.09   5.7  5.7
4045.13 0.0000 0.00   0.05   5.9  5.9
4045.14 0.0000 0.00   0.03   5.9  5.9
4045.15 0.0000 0.00   0.02   5.9  5.9
4045.16 0.0000 0.00   0.01   5.9  5.9
4045.17 0.0000 0.00   0.02   6.0  6.0
4045.18 0.0000 0.00   0.03   5.9  5.9
4045.19 0.0000 0.00   0.03   5.8  5.8
4045.20 0.0000 0.00   0.07   5.9  5.9
4045.21 0.0000 0.00   0.15   5.9  5.9
4045.22 0.0000 0.00   0.17   6.0  6.0
4045.23 0.0000 0.00   0.20   6.0  6.0
4045.24 0.0000 0.00   0.24   6.0  6.0
4045.25 0.0000 0.00   0.19   6.0  6.0
4045.26 0.0000 0.00   0.13   5.9  5.9
4045.27 0.0000 0.00   0.13   5.8  5.8
4045.28 0.0000 0.00   0.09   5.8  5.8
4045.29 0.0000 0.00   0.05   5.8  5.8
4045.30 0.0000 0.00   0.04   5.7  5.7
4045.31 0.0000 0.00   0.04   5.7  5.7
4045.32 0.0000 0.00   0.02   5.6  5.6
4045.33 0.0000 0.00   0.02   5.6  5.6
4045.34 0.0000 0.00   0.01   5.5  5.5
4045.35 0.0000 0.00   0.01   5.4  5.4
4045.36 0.0000 0.00   0.00   5.3  5.3
4045.37 0.0000 0.00   0.00   5.1  5.1
4045.38 0.0000 0.00   0.00   5.1  5.1
4045.39 0.0000 0.00   0.00   5.0  5.0
4045.40 0.0000 0.00   0.00   4.9  4.9
4045.41 0.0000 0.00   0.00   4.8  4.8
4045.42 0.0000 0.00   0.00   4.8  4.8
4045.43 0.0000 0.00   0.00   4.6  4.6
4045.44 0.0000 0.00   0.00   4.5  4.5
4045.45 0.0000 0.00   0.00   4.4  4.4
4045.46 0.0000 0.00   0.00   4.3  4.3
4045.47 0.0000 0.00   0.00   4.1  4.1
4045.48 0.0000 0.00   0.00   4.0  4.0
4045.49 0.0000 0.00   0.00   4.0  4.0
4045.50 0.0000 0.00   0.00   4.0  4.0
4045.51 0.0000 0.00   0.00   3.9  3.9
4045.52 0.0000 0.00   0.00   3.8  3.8
4045.53 0.0000 0.00   0.00   3.6  3.6
4045.54 0.0000 0.00   0.00   3.6  3.6
4045.55 0.0000 0.04   0.00   3.4  2.6
4045.56 0.0000 0.04   0.00   3.3  2.6
4045.57 0.0000 0.04   0.00   3.3  2.6
4045.58 0.0000 0.04   0.00   3.2  2.4
4045.59 0.0000 0.06   0.00   3.2  1.9
4045.60 0.0000 0.04   0.03   3.2  2.3
4045.61 0.0000 0.03   0.03   3.2  2.5
4045.62 0.0000 0.02   0.02   3.2  2.8
4045.63 0.0000 0.01   0.01   3.2  3.0
4045.64 0.0000 0.01   0.01   3.3  3.2
4045.65 0.0000 0.00   0.00   3.3  3.2
4045.66 0.0000 0.00   0.00   3.4  3.3
4045.67 0.0000 0.00   0.05   3.5  3.5
4045.68 0.0000 0.00   0.08   3.5  3.5
4045.69 0.0000 0.00   0.08   3.6  3.5
4045.70 0.0000 0.00   0.16   3.6  3.6
4045.71 0.0000 0.00   0.20   3.7  3.7
4045.72 0.0000 0.00   0.23   3.8  3.8
4045.73 0.0000 0.00   0.26   3.8  3.8
4045.74 0.0000 0.00   0.37   3.9  3.9
4045.75 0.0000 0.00   0.47   4.0  4.0
4045.76 0.0000 0.00   0.60   4.0  4.0
4045.77 0.0000 0.00   0.70   4.1  4.1
4045.78 0.0000 0.00   0.82   4.2  4.2
4045.79 0.0000 0.00   0.89   4.3  4.3
4045.80 0.0000 0.00   0.96   4.4  4.4
4045.81 0.0000 0.00   1.06   4.5  4.5
4045.82 0.0000 0.00   1.15   4.6  4.6
4045.83 0.0000 0.00   1.26   4.7  4.7
4045.84 0.0000 0.00   1.32   4.8  4.8
4045.85 0.0000 0.00   1.50   5.1  5.1
4045.86 0.0000 0.00   1.54   5.2  5.2
4045.87 0.0000 0.00   1.46   5.4  5.4
4045.88 0.0000 0.00   1.40   5.5  5.5
4045.89 0.0000 0.00   1.40   5.6  5.6
4045.90 0.0000 0.00   1.46   5.7  5.7
4045.91 0.0000 0.00   1.47   5.7  5.7
4045.92 0.0000 0.00   1.40   5.7  5.7
4045.93 0.0000 0.00   1.33   5.8  5.8
4045.94 0.0000 0.00   1.37   5.8  5.8
4045.95 0.0000 0.00   1.47   5.9  5.9
4045.96 0.0000 0.00   1.50   5.9  5.9
4045.97 0.0000 0.00   1.53   5.9  5.9
4045.98 0.0000 0.00   1.57   6.0  6.0
4045.99 0.0000 0.00   1.62   5.8  5.8
4046.00 0.0000 0.00   1.66   5.8  5.8
4046.01 0.0000 0.00   1.71   5.7  5.7
4046.02 0.0000 0.00   1.72   5.7  5.7
4046.03 0.0000 0.00   1.76   5.7  5.7
4046.04 0.0000 0.00   1.84   5.6  5.6
4046.05 0.0000 0.00   1.88   5.6  5.6
4046.06 0.0000 0.00   1.86   5.6  5.6
4046.07 0.0000 0.00   1.85   5.6  5.6
4046.08 0.0000 0.00   1.77   5.7  5.7
4046.09 0.0000 0.00   1.65   5.7  5.7
4046.10 0.0000 0.00   1.49   5.7  5.7
4046.11 0.0000 0.00   1.43   5.7  5.7
4046.12 0.0000 0.00   1.31   5.6  5.6
4046.13 0.0000 0.00   1.28   5.6  5.6
4046.14 0.0000 0.00   1.20   5.5  5.5
4046.15 0.0000 0.00   1.15   5.5  5.5
4046.16 0.0000 0.00   1.09   5.4  5.4
4046.17 0.0000 0.00   1.03   5.4  5.4
4046.18 0.0000 0.00   0.98   5.3  5.3
4046.19 0.0000 0.00   0.95   5.3  5.3
4046.20 0.0000 0.00   0.93   5.3  5.3
4046.21 0.0000 0.00   0.87   5.4  5.4
4046.22 0.0000 0.00   0.81   5.4  5.4
4046.23 0.0000 0.00   0.85   5.5  5.5
4046.24 0.0000 0.00   0.94   5.5  5.5
4046.25 0.0000 0.00   1.01   5.4  5.4
4046.26 0.0000 0.00   1.04   5.4  5.4
4046.27 0.0000 0.00   1.05   5.5  5.5
4046.28 0.0000 0.00   1.09   5.4  5.4
4046.29 0.0000 0.00   1.06   5.4  5.4
4046.30 0.0000 0.00   1.07   5.4  5.4
4046.31 0.0000 0.00   1.11   5.4  5.4
4046.32 0.0000 0.00   1.11   5.4  5.4
4046.33 0.0000 0.00   1.04   5.4  5.4
4046.34 0.0000 0.00   1.00   5.4  5.4
4046.35 0.0000 0.00   0.87   5.3  5.3
4046.36 0.0000 0.00   0.87   5.2  5.2
4046.37 0.0000 0.00   0.87   5.2  5.2
4046.38 0.0000 0.00   0.91   5.2  5.2
4046.39 0.0000 0.00   0.97   5.1  5.1
4046.40 0.0000 0.00   1.00   5.1  5.1
4046.41 0.0000 0.00   1.00   5.2  5.2
4046.42 0.0000 0.00   1.02   5.1  5.1
4046.43 0.0000 0.00   1.02   5.1  5.1
4046.44 0.0000 0.00   1.09   5.1  5.1
4046.45 0.0000 0.00   1.15   5.0  5.0
4046.46 0.0000 0.00   1.16   4.9  4.9
4046.47 0.0000 0.00   1.05   4.9  4.9
4046.48 0.0000 0.00   0.97   4.9  4.9
4046.49 0.0000 0.00   0.95   4.9  4.9
4046.50 0.0000 0.00   0.92   4.9  4.9
4046.51 0.0000 0.00   0.89   4.9  4.9
4046.52 0.0000 0.00   0.88   4.8  4.8
4046.53 0.0000 0.00   0.81   4.7  4.7
4046.54 0.0000 0.00   0.68   4.6  4.6
4046.55 0.0000 0.00   0.60   4.6  4.6
4046.56 0.0000 0.00   0.56   4.5  4.5
4046.57 0.0000 0.00   0.54   4.5  4.5
4046.58 0.0000 0.00   0.53   4.4  4.4
4046.59 0.0000 0.00   0.53   4.3  4.3
4046.60 0.0000 0.00   0.48   4.3  4.3
