ELM     V003.000SPECTRL V003.000
M0
sng                           
2_Baydin                      
dolb.35                       
11-22-2009
3909.10 0.0000 0.23   0.03   2.0  0.0
3909.11 0.0000 0.23   0.03   2.0  0.0
3909.12 0.0002 0.20   0.02   2.0  0.0
3909.13 0.0004 0.16   0.02   2.0  0.0
3909.14 0.0009 0.09   0.01   2.0  0.0
3909.15 0.0011 0.09   0.01   2.0  0.0
3909.16 0.0012 0.09   0.00   2.0  0.0
3909.17 0.0014 0.05   0.00   2.0  0.7
3909.18 0.0014 0.05   0.01   2.1  0.9
3909.19 0.0015 0.05   0.01   2.1  1.0
3909.20 0.0016 0.05   0.02   2.2  1.2
3909.21 0.0015 0.03   0.01   2.1  1.5
3909.22 0.0011 0.02   0.01   2.1  1.8
3909.23 0.0009 0.04   0.00   2.1  1.5
3909.24 0.0008 0.05   0.00   2.1  1.3
3909.25 0.0007 0.06   0.00   2.1  1.3
3909.26 0.0006 0.07   0.00   2.2  1.3
3909.27 0.0007 0.05   0.01   2.2  1.6
3909.28 0.0006 0.03   0.04   2.2  1.8
3909.29 0.0007 0.01   0.07   2.3  2.2
3909.30 0.0007 0.00   0.08   2.3  2.3
3909.31 0.0008 0.00   0.06   2.3  2.3
3909.32 0.0007 0.00   0.06   2.3  2.3
3909.33 0.0008 0.00   0.06   2.4  2.4
3909.34 0.0008 0.00   0.06   2.5  2.5
3909.35 0.0007 0.00   0.07   2.6  2.6
3909.36 0.0007 0.00   0.08   2.6  2.6
3909.37 0.0007 0.00   0.09   2.6  2.6
3909.38 0.0007 0.00   0.07   2.5  2.5
3909.39 0.0007 0.01   0.06   2.5  2.5
3909.40 0.0006 0.01   0.07   2.6  2.5
3909.41 0.0006 0.02   0.08   2.6  2.5
3909.42 0.0006 0.02   0.07   2.6  2.5
3909.43 0.0006 0.03   0.06   2.6  2.4
3909.44 0.0006 0.03   0.06   2.6  2.4
3909.45 0.0006 0.03   0.06   2.6  2.4
3909.46 0.0005 0.04   0.07   2.6  2.3
3909.47 0.0006 0.03   0.07   2.6  2.5
3909.48 0.0006 0.03   0.07   2.7  2.5
3909.49 0.0006 0.02   0.06   2.6  2.5
3909.50 0.0006 0.02   0.06   2.6  2.5
3909.51 0.0006 0.01   0.05   2.5  2.5
3909.52 0.0006 0.01   0.07   2.5  2.5
3909.53 0.0006 0.00   0.09   2.6  2.6
3909.54 0.0006 0.00   0.09   2.5  2.5
3909.55 0.0006 0.00   0.09   2.6  2.6
3909.56 0.0006 0.00   0.09   2.6  2.6
3909.57 0.0006 0.00   0.08   2.6  2.6
3909.58 0.0007 0.00   0.08   2.7  2.7
3909.59 0.0007 0.00   0.07   2.8  2.8
3909.60 0.0007 0.00   0.07   2.8  2.8
3909.61 0.0008 0.00   0.07   3.0  2.9
3909.62 0.0007 0.01   0.08   3.0  2.9
3909.63 0.0008 0.00   0.10   3.1  3.1
3909.64 0.0008 0.00   0.10   3.0  3.0
3909.65 0.0008 0.00   0.09   3.0  3.0
3909.66 0.0009 0.00   0.07   3.0  3.0
3909.67 0.0009 0.00   0.07   3.0  3.0
3909.68 0.0009 0.00   0.07   3.1  3.1
3909.69 0.0009 0.00   0.07   3.1  3.1
3909.70 0.0009 0.00   0.07   3.1  3.1
3909.71 0.0009 0.01   0.06   3.1  3.0
3909.72 0.0009 0.01   0.05   3.1  3.1
3909.73 0.0009 0.02   0.04   3.2  3.0
3909.74 0.0009 0.03   0.04   3.2  3.0
3909.75 0.0009 0.02   0.05   3.1  3.0
3909.76 0.0010 0.01   0.02   3.3  3.2
3909.77 0.0011 0.01   0.04   3.3  3.3
3909.78 0.0011 0.00   0.03   3.4  3.3
3909.79 0.0012 0.00   0.04   3.5  3.5
3909.80 0.0011 0.02   0.04   3.5  3.4
3909.81 0.0012 0.03   0.02   3.6  3.4
3909.82 0.0013 0.01   0.01   3.6  3.5
3909.83 0.0014 0.01   0.00   3.6  3.6
3909.84 0.0013 0.02   0.00   3.7  3.5
3909.85 0.0013 0.03   0.00   3.7  3.5
3909.86 0.0014 0.02   0.00   3.7  3.6
3909.87 0.0014 0.02   0.00   3.7  3.6
3909.88 0.0014 0.03   0.00   3.7  3.6
3909.89 0.0015 0.02   0.00   3.7  3.5
3909.90 0.0016 0.01   0.00   3.7  3.7
3909.91 0.0016 0.02   0.00   3.7  3.6
3909.92 0.0016 0.04   0.00   3.7  3.5
3909.93 0.0016 0.03   0.00   3.7  3.5
3909.94 0.0016 0.02   0.00   3.7  3.6
3909.95 0.0015 0.03   0.00   3.7  3.5
3909.96 0.0014 0.04   0.00   3.6  3.4
3909.97 0.0013 0.03   0.01   3.6  3.4
3909.98 0.0011 0.06   0.02   3.6  3.2
3909.99 0.0011 0.08   0.02   3.6  3.1
3910.00 0.0013 0.04   0.03   3.6  3.4
3910.01 0.0013 0.01   0.05   3.6  3.5
3910.02 0.0013 0.00   0.06   3.6  3.6
3910.03 0.0013 0.00   0.09   3.6  3.6
3910.04 0.0012 0.00   0.10   3.5  3.5
3910.05 0.0012 0.00   0.09   3.5  3.5
3910.06 0.0012 0.00   0.08   3.5  3.5
3910.07 0.0012 0.00   0.08   3.5  3.5
3910.08 0.0011 0.00   0.08   3.4  3.4
3910.09 0.0011 0.00   0.07   3.4  3.4
3910.10 0.0011 0.00   0.08   3.4  3.4
3910.11 0.0010 0.00   0.08   3.3  3.3
3910.12 0.0010 0.00   0.08   3.3  3.3
3910.13 0.0009 0.00   0.10   3.2  3.2
3910.14 0.0009 0.00   0.10   3.2  3.2
3910.15 0.0009 0.00   0.09   3.1  3.1
3910.16 0.0010 0.00   0.09   3.2  3.2
3910.17 0.0010 0.00   0.09   3.2  3.2
3910.18 0.0010 0.00   0.07   3.2  3.2
3910.19 0.0010 0.00   0.07   3.2  3.2
3910.20 0.0010 0.00   0.05   3.2  3.2
3910.21 0.0011 0.00   0.03   3.2  3.2
3910.22 0.0010 0.00   0.03   3.2  3.2
3910.23 0.0010 0.00   0.03   3.1  3.1
3910.24 0.0009 0.00   0.05   3.0  3.0
3910.25 0.0009 0.00   0.05   3.0  3.0
3910.26 0.0009 0.00   0.05   3.0  3.0
3910.27 0.0009 0.00   0.04   3.0  3.0
3910.28 0.0009 0.00   0.03   3.0  3.0
3910.29 0.0009 0.00   0.04   3.0  3.0
3910.30 0.0009 0.00   0.04   3.0  3.0
3910.31 0.0008 0.00   0.04   3.0  3.0
3910.32 0.0008 0.00   0.03   2.9  2.9
3910.33 0.0009 0.00   0.03   3.0  3.0
3910.34 0.0009 0.00   0.03   3.1  3.1
3910.35 0.0010 0.00   0.02   3.1  3.1
3910.36 0.0010 0.00   0.03   3.2  3.2
3910.37 0.0009 0.00   0.03   3.1  3.1
3910.38 0.0009 0.01   0.03   3.0  3.0
3910.39 0.0009 0.01   0.03   3.1  3.0
3910.40 0.0009 0.02   0.03   3.0  2.9
3910.41 0.0008 0.02   0.03   3.0  2.9
3910.42 0.0008 0.02   0.03   3.1  3.0
3910.43 0.0009 0.02   0.03   3.2  3.1
3910.44 0.0009 0.02   0.03   3.3  3.2
3910.45 0.0009 0.02   0.05   3.3  3.2
3910.46 0.0009 0.02   0.06   3.4  3.3
3910.47 0.0008 0.03   0.06   3.3  3.2
3910.48 0.0008 0.03   0.06   3.3  3.2
3910.49 0.0008 0.02   0.09   3.4  3.3
3910.50 0.0008 0.02   0.10   3.4  3.3
3910.51 0.0008 0.04   0.08   3.3  3.1
3910.52 0.0007 0.04   0.08   3.2  3.0
3910.53 0.0007 0.04   0.08   3.2  3.0
3910.54 0.0008 0.03   0.08   3.3  3.1
3910.55 0.0008 0.05   0.06   3.3  3.1
3910.56 0.0008 0.05   0.06   3.2  3.0
3910.57 0.0007 0.05   0.05   3.2  2.9
3910.58 0.0007 0.06   0.05   3.2  2.8
3910.59 0.0007 0.08   0.04   3.2  2.8
3910.60 0.0007 0.07   0.04   3.1  2.7
3910.61 0.0007 0.07   0.03   3.1  2.8
3910.62 0.0007 0.06   0.03   3.1  2.7
3910.63 0.0007 0.07   0.03   3.1  2.7
3910.64 0.0007 0.07   0.03   3.0  2.6
3910.65 0.0007 0.06   0.02   3.0  2.6
3910.66 0.0007 0.05   0.02   3.0  2.7
3910.67 0.0007 0.06   0.02   2.9  2.6
3910.68 0.0006 0.08   0.02   3.0  2.5
3910.69 0.0006 0.09   0.02   3.0  2.5
3910.70 0.0006 0.09   0.03   3.0  2.5
3910.71 0.0006 0.09   0.03   3.1  2.6
3910.72 0.0006 0.09   0.04   3.1  2.6
3910.73 0.0006 0.09   0.05   3.0  2.5
3910.74 0.0006 0.08   0.05   3.0  2.5
3910.75 0.0005 0.08   0.05   2.9  2.4
3910.76 0.0006 0.07   0.05   2.8  2.4
3910.77 0.0005 0.07   0.05   2.8  2.4
3910.78 0.0005 0.07   0.04   2.7  2.3
3910.79 0.0005 0.06   0.05   2.7  2.4
3910.80 0.0006 0.05   0.05   2.7  2.5
3910.81 0.0006 0.04   0.04   2.7  2.5
3910.82 0.0007 0.04   0.04   2.8  2.6
3910.83 0.0007 0.03   0.03   2.9  2.7
3910.84 0.0007 0.04   0.04   2.9  2.7
3910.85 0.0007 0.05   0.04   2.9  2.7
3910.86 0.0007 0.05   0.03   3.0  2.7
3910.87 0.0007 0.05   0.04   3.1  2.8
3910.88 0.0007 0.05   0.04   3.1  2.8
3910.89 0.0008 0.04   0.06   3.2  3.0
3910.90 0.0009 0.03   0.08   3.4  3.2
3910.91 0.0009 0.02   0.09   3.5  3.4
3910.92 0.0009 0.03   0.10   3.5  3.3
3910.93 0.0009 0.03   0.13   3.5  3.4
3910.94 0.0009 0.04   0.12   3.5  3.3
3910.95 0.0010 0.02   0.13   3.6  3.5
3910.96 0.0009 0.03   0.12   3.5  3.3
3910.97 0.0008 0.06   0.11   3.5  3.1
3910.98 0.0009 0.05   0.11   3.6  3.3
3910.99 0.0010 0.01   0.14   3.6  3.5
3911.00 0.0010 0.01   0.14   3.6  3.6
3911.01 0.0010 0.03   0.11   3.5  3.3
3911.02 0.0009 0.04   0.07   3.4  3.2
3911.03 0.0010 0.04   0.07   3.5  3.3
3911.04 0.0010 0.04   0.06   3.5  3.2
3911.05 0.0009 0.06   0.06   3.5  3.2
3911.06 0.0011 0.05   0.04   3.6  3.3
3911.07 0.0011 0.05   0.06   3.6  3.3
3911.08 0.0010 0.05   0.08   3.6  3.3
3911.09 0.0011 0.05   0.09   3.6  3.3
3911.10 0.0010 0.05   0.09   3.5  3.3
3911.11 0.0010 0.05   0.11   3.6  3.3
3911.12 0.0011 0.03   0.14   3.6  3.4
3911.13 0.0011 0.03   0.15   3.6  3.5
3911.14 0.0012 0.01   0.16   3.6  3.6
3911.15 0.0014 0.00   0.14   3.7  3.7
3911.16 0.0014 0.00   0.15   3.7  3.7
3911.17 0.0014 0.00   0.14   3.6  3.6
3911.18 0.0014 0.00   0.14   3.6  3.6
3911.19 0.0014 0.00   0.16   3.7  3.7
3911.20 0.0014 0.00   0.16   3.6  3.6
3911.21 0.0014 0.00   0.13   3.6  3.6
3911.22 0.0015 0.00   0.11   3.7  3.7
3911.23 0.0017 0.00   0.09   3.7  3.7
3911.24 0.0017 0.00   0.08   3.7  3.7
3911.25 0.0018 0.00   0.11   3.7  3.7
3911.26 0.0018 0.00   0.13   3.7  3.7
3911.27 0.0019 0.00   0.15   3.7  3.7
3911.28 0.0019 0.00   0.14   3.6  3.6
3911.29 0.0020 0.00   0.11   3.5  3.5
3911.30 0.0020 0.00   0.08   3.6  3.6
3911.31 0.0023 0.00   0.08   3.6  3.6
3911.32 0.0028 0.00   0.07   3.7  3.7
3911.33 0.0030 0.00   0.12   3.7  3.7
3911.34 0.0030 0.00   0.14   3.7  3.7
3911.35 0.0031 0.00   0.14   3.8  3.8
3911.36 0.0031 0.00   0.17   3.8  3.8
3911.37 0.0031 0.00   0.16   3.9  3.9
3911.38 0.0031 0.00   0.10   3.9  3.9
3911.39 0.0031 0.00   0.07   3.9  3.9
3911.40 0.0032 0.00   0.05   3.9  3.9
3911.41 0.0033 0.00   0.06   3.9  3.9
3911.42 0.0029 0.00   0.09   3.8  3.8
3911.43 0.0027 0.00   0.11   3.8  3.8
3911.44 0.0025 0.00   0.10   3.8  3.8
3911.45 0.0021 0.00   0.14   3.8  3.8
3911.46 0.0017 0.00   0.20   3.8  3.8
3911.47 0.0016 0.00   0.21   3.8  3.8
3911.48 0.0015 0.00   0.22   3.8  3.8
3911.49 0.0014 0.00   0.20   3.8  3.8
3911.50 0.0013 0.00   0.20   3.8  3.8
3911.51 0.0013 0.00   0.20   3.7  3.7
3911.52 0.0013 0.00   0.19   3.7  3.7
3911.53 0.0012 0.00   0.21   3.7  3.7
3911.54 0.0012 0.00   0.19   3.6  3.6
3911.55 0.0012 0.00   0.18   3.7  3.7
3911.56 0.0011 0.00   0.18   3.7  3.7
3911.57 0.0011 0.00   0.22   3.8  3.8
3911.58 0.0010 0.00   0.26   3.9  3.9
3911.59 0.0010 0.00   0.26   3.8  3.8
3911.60 0.0009 0.00   0.27   3.8  3.8
3911.61 0.0009 0.00   0.29   3.8  3.8
3911.62 0.0007 0.00   0.31   3.7  3.7
3911.63 0.0007 0.00   0.34   3.8  3.8
3911.64 0.0008 0.00   0.30   3.8  3.8
3911.65 0.0008 0.00   0.28   3.7  3.7
3911.66 0.0008 0.00   0.28   3.7  3.7
3911.67 0.0008 0.00   0.28   3.6  3.6
3911.68 0.0007 0.00   0.25   3.5  3.5
3911.69 0.0007 0.00   0.26   3.5  3.5
3911.70 0.0007 0.00   0.26   3.5  3.5
3911.71 0.0007 0.00   0.27   3.5  3.5
3911.72 0.0008 0.00   0.27   3.5  3.5
3911.73 0.0008 0.00   0.26   3.5  3.5
3911.74 0.0008 0.00   0.26   3.5  3.5
3911.75 0.0008 0.00   0.26   3.5  3.5
3911.76 0.0009 0.00   0.22   3.4  3.4
3911.77 0.0009 0.00   0.22   3.4  3.4
3911.78 0.0009 0.00   0.23   3.4  3.4
3911.79 0.0009 0.00   0.21   3.4  3.4
3911.80 0.0010 0.00   0.19   3.4  3.4
3911.81 0.0010 0.00   0.16   3.4  3.4
3911.82 0.0010 0.00   0.16   3.3  3.3
3911.83 0.0010 0.00   0.19   3.4  3.4
3911.84 0.0010 0.00   0.19   3.4  3.4
3911.85 0.0009 0.00   0.21   3.4  3.4
3911.86 0.0009 0.00   0.21   3.4  3.4
3911.87 0.0010 0.00   0.23   3.4  3.4
3911.88 0.0010 0.00   0.24   3.4  3.4
3911.89 0.0011 0.00   0.24   3.5  3.5
3911.90 0.0011 0.00   0.25   3.6  3.6
3911.91 0.0012 0.00   0.24   3.7  3.7
3911.92 0.0012 0.00   0.28   3.8  3.8
3911.93 0.0013 0.00   0.26   3.8  3.8
3911.94 0.0014 0.00   0.26   3.8  3.8
3911.95 0.0015 0.00   0.38   3.9  3.9
3911.96 0.0013 0.00   0.49   3.9  3.9
3911.97 0.0013 0.00   0.52   3.8  3.8
3911.98 0.0012 0.03   0.48   3.8  3.6
3911.99 0.0012 0.04   0.53   3.8  3.6
3912.00 0.0012 0.01   0.56   3.9  3.8
3912.01 0.0012 0.00   0.53   3.9  3.9
3912.02 0.0011 0.01   0.44   3.9  3.8
3912.03 0.0011 0.00   0.44   3.8  3.8
3912.04 0.0010 0.00   0.49   3.8  3.8
3912.05 0.0009 0.00   0.47   3.8  3.8
3912.06 0.0008 0.00   0.50   3.7  3.7
3912.07 0.0008 0.00   0.48   3.7  3.7
3912.08 0.0008 0.00   0.46   3.7  3.7
3912.09 0.0008 0.00   0.50   3.7  3.7
3912.10 0.0007 0.00   0.52   3.7  3.7
3912.11 0.0007 0.00   0.63   3.8  3.8
3912.12 0.0006 0.00   0.63   3.8  3.8
3912.13 0.0006 0.00   0.57   3.7  3.7
3912.14 0.0007 0.00   0.57   3.8  3.8
3912.15 0.0008 0.00   0.53   3.7  3.7
3912.16 0.0008 0.00   0.49   3.7  3.7
3912.17 0.0009 0.00   0.43   3.7  3.7
3912.18 0.0009 0.00   0.39   3.6  3.6
3912.19 0.0008 0.00   0.40   3.6  3.6
3912.20 0.0008 0.00   0.40   3.6  3.6
3912.21 0.0007 0.01   0.34   3.5  3.4
3912.22 0.0007 0.00   0.33   3.4  3.3
3912.23 0.0007 0.00   0.30   3.3  3.3
3912.24 0.0008 0.00   0.28   3.3  3.3
3912.25 0.0008 0.00   0.28   3.3  3.3
3912.26 0.0008 0.00   0.23   3.3  3.3
3912.27 0.0008 0.02   0.16   3.2  3.1
3912.28 0.0008 0.01   0.17   3.2  3.2
3912.29 0.0008 0.00   0.17   3.2  3.2
3912.30 0.0008 0.00   0.17   3.2  3.2
3912.31 0.0008 0.01   0.14   3.2  3.1
3912.32 0.0007 0.00   0.15   3.1  3.1
3912.33 0.0007 0.00   0.15   3.2  3.2
3912.34 0.0008 0.00   0.14   3.3  3.3
3912.35 0.0008 0.01   0.12   3.2  3.1
3912.36 0.0008 0.02   0.11   3.3  3.2
3912.37 0.0008 0.03   0.12   3.3  3.2
3912.38 0.0007 0.05   0.11   3.3  3.0
3912.39 0.0006 0.05   0.10   3.2  3.0
3912.40 0.0006 0.05   0.11   3.2  2.9
3912.41 0.0006 0.06   0.10   3.1  2.8
3912.42 0.0006 0.05   0.10   3.0  2.8
3912.43 0.0005 0.05   0.09   3.0  2.7
3912.44 0.0005 0.06   0.10   3.0  2.8
3912.45 0.0005 0.06   0.10   2.9  2.7
3912.46 0.0005 0.06   0.11   3.0  2.7
3912.47 0.0005 0.06   0.12   3.0  2.7
3912.48 0.0005 0.06   0.12   2.9  2.6
3912.49 0.0005 0.06   0.11   2.8  2.5
3912.50 0.0005 0.06   0.11   2.7  2.5
3912.51 0.0006 0.06   0.09   2.8  2.5
3912.52 0.0006 0.05   0.10   2.7  2.5
3912.53 0.0006 0.04   0.10   2.7  2.5
3912.54 0.0006 0.05   0.09   2.7  2.4
3912.55 0.0007 0.05   0.10   2.7  2.5
3912.56 0.0007 0.04   0.09   2.6  2.4
3912.57 0.0007 0.04   0.09   2.5  2.3
3912.58 0.0007 0.02   0.10   2.6  2.5
3912.59 0.0007 0.02   0.10   2.6  2.5
3912.60 0.0007 0.02   0.09   2.6  2.5
3912.61 0.0007 0.03   0.09   2.6  2.4
3912.62 0.0006 0.04   0.09   2.6  2.4
3912.63 0.0006 0.04   0.08   2.6  2.4
3912.64 0.0006 0.04   0.09   2.6  2.4
3912.65 0.0006 0.05   0.09   2.5  2.3
3912.66 0.0006 0.06   0.08   2.5  2.2
3912.67 0.0006 0.05   0.08   2.5  2.3
3912.68 0.0007 0.04   0.08   2.5  2.3
3912.69 0.0007 0.02   0.08   2.4  2.3
3912.70 0.0007 0.03   0.07   2.5  2.3
3912.71 0.0007 0.02   0.07   2.4  2.3
3912.72 0.0007 0.02   0.07   2.5  2.4
3912.73 0.0007 0.02   0.07   2.5  2.4
3912.74 0.0007 0.02   0.06   2.4  2.3
3912.75 0.0007 0.02   0.06   2.4  2.3
3912.76 0.0007 0.02   0.07   2.4  2.3
3912.77 0.0008 0.01   0.07   2.3  2.2
3912.78 0.0008 0.01   0.07   2.3  2.2
3912.79 0.0008 0.00   0.07   2.3  2.2
3912.80 0.0008 0.01   0.07   2.2  2.2
3912.81 0.0008 0.00   0.07   2.2  2.2
3912.82 0.0008 0.00   0.07   2.3  2.2
3912.83 0.0007 0.01   0.06   2.2  2.2
3912.84 0.0007 0.02   0.05   2.2  2.1
3912.85 0.0007 0.01   0.05   2.2  2.1
3912.86 0.0007 0.02   0.05   2.1  2.0
3912.87 0.0007 0.02   0.05   2.1  2.0
3912.88 0.0007 0.02   0.06   2.1  1.9
3912.89 0.0007 0.02   0.06   2.1  1.9
3912.90 0.0007 0.01   0.07   2.1  2.1
3912.91 0.0007 0.00   0.07   2.1  2.1
3912.92 0.0008 0.00   0.06   2.0  2.0
3912.93 0.0007 0.01   0.06   2.1  2.0
3912.94 0.0007 0.02   0.05   2.1  2.0
3912.95 0.0007 0.00   0.06   2.2  2.2
3912.96 0.0007 0.00   0.06   2.3  2.3
3912.97 0.0007 0.00   0.05   2.3  2.3
3912.98 0.0007 0.00   0.05   2.3  2.3
3912.99 0.0007 0.00   0.05   2.4  2.4
3913.00 0.0006 0.00   0.05   2.4  2.4
3913.01 0.0006 0.00   0.06   2.5  2.5
3913.02 0.0006 0.00   0.05   2.5  2.5
3913.03 0.0006 0.00   0.06   2.5  2.4
3913.04 0.0006 0.00   0.06   2.5  2.5
3913.05 0.0006 0.00   0.05   2.5  2.5
3913.06 0.0007 0.00   0.05   2.5  2.5
3913.07 0.0007 0.00   0.05   2.7  2.7
3913.08 0.0007 0.00   0.06   2.8  2.8
3913.09 0.0007 0.00   0.07   2.8  2.8
3913.10 0.0007 0.00   0.08   2.8  2.8
3913.11 0.0008 0.00   0.07   2.9  2.9
3913.12 0.0008 0.00   0.08   2.9  2.9
3913.13 0.0009 0.00   0.07   3.1  3.1
3913.14 0.0009 0.00   0.11   3.2  3.2
3913.15 0.0009 0.00   0.13   3.2  3.2
3913.16 0.0009 0.00   0.13   3.3  3.3
3913.17 0.0009 0.00   0.14   3.4  3.4
3913.18 0.0010 0.00   0.17   3.5  3.5
3913.19 0.0010 0.00   0.17   3.5  3.5
3913.20 0.0010 0.00   0.14   3.5  3.5
3913.21 0.0011 0.00   0.13   3.6  3.6
3913.22 0.0012 0.00   0.15   3.6  3.6
3913.23 0.0012 0.00   0.20   3.7  3.7
3913.24 0.0012 0.00   0.31   3.9  3.9
3913.25 0.0012 0.00   0.41   3.9  3.9
3913.26 0.0011 0.00   0.49   3.9  3.9
3913.27 0.0011 0.00   0.58   4.0  4.0
3913.28 0.0012 0.00   0.64   4.0  4.0
3913.29 0.0011 0.00   0.68   3.9  3.9
3913.30 0.0011 0.00   0.64   3.9  3.9
3913.31 0.0011 0.00   0.62   4.0  4.0
3913.32 0.0010 0.00   0.64   4.0  4.0
3913.33 0.0009 0.00   0.59   4.0  4.0
3913.34 0.0009 0.00   0.60   4.0  4.0
3913.35 0.0010 0.00   0.65   4.1  4.1
3913.36 0.0010 0.00   0.68   4.1  4.1
3913.37 0.0010 0.00   0.74   4.1  4.1
3913.38 0.0010 0.00   0.68   4.1  4.1
3913.39 0.0011 0.00   0.74   4.2  4.2
3913.40 0.0013 0.00   0.64   4.2  4.2
3913.41 0.0014 0.00   0.63   4.2  4.2
3913.42 0.0014 0.00   0.62   4.2  4.2
3913.43 0.0013 0.00   0.49   4.2  4.2
3913.44 0.0013 0.00   0.39   4.1  4.1
3913.45 0.0013 0.00   0.35   4.2  4.2
3913.46 0.0013 0.00   0.37   4.1  4.1
3913.47 0.0013 0.00   0.33   4.1  4.1
3913.48 0.0014 0.00   0.33   4.2  4.2
3913.49 0.0014 0.00   0.36   4.2  4.2
3913.50 0.0015 0.00   0.40   4.2  4.2
3913.51 0.0016 0.00   0.39   4.2  4.2
3913.52 0.0017 0.00   0.33   4.3  4.3
3913.53 0.0020 0.00   0.30   4.3  4.3
3913.54 0.0022 0.00   0.18   4.3  4.3
3913.55 0.0021 0.00   0.12   4.3  4.3
3913.56 0.0021 0.00   0.04   4.2  4.2
3913.57 0.0021 0.00   0.02   4.2  4.2
3913.58 0.0020 0.00   0.03   4.2  4.2
3913.59 0.0017 0.00   0.06   4.1  4.1
3913.60 0.0017 0.00   0.07   4.1  4.1
3913.61 0.0018 0.00   0.07   4.2  4.2
3913.62 0.0018 0.00   0.07   4.2  4.2
3913.63 0.0018 0.00   0.05   4.2  4.2
3913.64 0.0019 0.00   0.02   4.2  4.2
3913.65 0.0018 0.00   0.01   4.2  4.2
3913.66 0.0019 0.00   0.00   4.1  4.1
3913.67 0.0020 0.00   0.00   4.2  4.2
3913.68 0.0020 0.00   0.00   4.2  4.2
3913.69 0.0020 0.00   0.00   4.2  4.2
3913.70 0.0019 0.00   0.00   4.1  4.1
3913.71 0.0019 0.00   0.01   4.1  4.1
3913.72 0.0017 0.00   0.04   4.0  4.0
3913.73 0.0015 0.00   0.03   3.8  3.8
3913.74 0.0015 0.00   0.04   3.9  3.9
3913.75 0.0016 0.00   0.04   3.9  3.9
3913.76 0.0016 0.00   0.07   4.0  4.0
3913.77 0.0016 0.00   0.07   4.0  4.0
3913.78 0.0015 0.00   0.09   3.9  3.9
3913.79 0.0015 0.00   0.11   3.9  3.9
3913.80 0.0014 0.00   0.13   3.8  3.8
3913.81 0.0013 0.00   0.13   3.9  3.9
3913.82 0.0014 0.00   0.13   3.8  3.8
3913.83 0.0013 0.00   0.13   3.7  3.7
3913.84 0.0012 0.00   0.16   3.7  3.7
3913.85 0.0012 0.00   0.16   3.6  3.6
3913.86 0.0011 0.00   0.18   3.6  3.6
3913.87 0.0011 0.00   0.18   3.5  3.5
3913.88 0.0010 0.00   0.19   3.5  3.5
3913.89 0.0011 0.00   0.16   3.5  3.5
3913.90 0.0010 0.00   0.15   3.5  3.5
3913.91 0.0011 0.00   0.12   3.5  3.5
3913.92 0.0011 0.00   0.11   3.4  3.4
3913.93 0.0010 0.00   0.11   3.4  3.4
3913.94 0.0010 0.00   0.12   3.4  3.4
3913.95 0.0010 0.00   0.13   3.4  3.4
3913.96 0.0010 0.00   0.14   3.4  3.4
3913.97 0.0009 0.00   0.16   3.4  3.4
3913.98 0.0009 0.00   0.17   3.3  3.3
3913.99 0.0008 0.00   0.16   3.3  3.3
3914.00 0.0009 0.00   0.15   3.3  3.3
3914.01 0.0009 0.00   0.14   3.3  3.3
3914.02 0.0010 0.00   0.13   3.4  3.4
3914.03 0.0010 0.00   0.17   3.5  3.5
3914.04 0.0010 0.00   0.24   3.6  3.6
3914.05 0.0010 0.00   0.25   3.6  3.6
3914.06 0.0011 0.00   0.27   3.6  3.6
3914.07 0.0010 0.00   0.26   3.6  3.6
3914.08 0.0010 0.00   0.28   3.6  3.6
3914.09 0.0011 0.00   0.27   3.6  3.6
3914.10 0.0011 0.00   0.24   3.6  3.6
3914.11 0.0010 0.00   0.24   3.6  3.6
3914.12 0.0010 0.00   0.24   3.5  3.5
3914.13 0.0009 0.00   0.21   3.5  3.5
3914.14 0.0009 0.00   0.20   3.5  3.5
3914.15 0.0009 0.00   0.22   3.5  3.5
3914.16 0.0008 0.00   0.22   3.5  3.5
3914.17 0.0008 0.00   0.22   3.4  3.4
3914.18 0.0008 0.00   0.22   3.4  3.4
3914.19 0.0008 0.00   0.20   3.2  3.2
3914.20 0.0008 0.00   0.17   3.0  3.0
3914.21 0.0007 0.00   0.15   2.9  2.9
3914.22 0.0007 0.00   0.15   2.8  2.8
3914.23 0.0007 0.00   0.15   2.8  2.8
3914.24 0.0007 0.00   0.13   2.7  2.7
3914.25 0.0007 0.00   0.12   2.6  2.6
3914.26 0.0007 0.00   0.11   2.5  2.5
3914.27 0.0007 0.00   0.10   2.5  2.5
3914.28 0.0007 0.00   0.07   2.5  2.5
3914.29 0.0007 0.00   0.07   2.4  2.4
3914.30 0.0007 0.00   0.07   2.5  2.5
3914.31 0.0007 0.00   0.07   2.5  2.5
3914.32 0.0007 0.00   0.06   2.5  2.5
3914.33 0.0006 0.00   0.07   2.4  2.4
3914.34 0.0007 0.00   0.05   2.4  2.4
3914.35 0.0007 0.00   0.04   2.4  2.4
3914.36 0.0007 0.00   0.03   2.4  2.4
3914.37 0.0007 0.00   0.01   2.3  2.3
3914.38 0.0007 0.00   0.01   2.3  2.3
3914.39 0.0007 0.00   0.01   2.3  2.3
3914.40 0.0007 0.00   0.02   2.3  2.3
3914.41 0.0007 0.00   0.01   2.3  2.3
3914.42 0.0007 0.00   0.00   2.3  2.3
3914.43 0.0007 0.00   0.00   2.3  2.3
3914.44 0.0007 0.00   0.00   2.3  2.3
3914.45 0.0008 0.00   0.00   2.4  2.4
3914.46 0.0009 0.00   0.00   2.6  2.6
3914.47 0.0009 0.00   0.00   2.6  2.6
3914.48 0.0009 0.00   0.00   2.7  2.7
3914.49 0.0010 0.00   0.00   2.9  2.9
3914.50 0.0011 0.00   0.00   3.1  3.1
3914.51 0.0013 0.00   0.00   3.3  3.3
3914.52 0.0014 0.00   0.00   3.5  3.5
3914.53 0.0015 0.00   0.01   3.6  3.6
3914.54 0.0015 0.00   0.00   3.7  3.7
3914.55 0.0015 0.00   0.03   3.7  3.7
3914.56 0.0016 0.00   0.03   3.8  3.8
3914.57 0.0017 0.00   0.06   4.0  4.0
3914.58 0.0016 0.00   0.14   4.1  4.1
3914.59 0.0016 0.00   0.20   4.2  4.2
3914.60 0.0017 0.00   0.25   4.3  4.3
3914.61 0.0018 0.00   0.27   4.3  4.3
3914.62 0.0019 0.00   0.33   4.4  4.4
3914.63 0.0018 0.00   0.39   4.4  4.4
3914.64 0.0018 0.00   0.37   4.3  4.3
3914.65 0.0018 0.00   0.38   4.3  4.3
3914.66 0.0017 0.00   0.37   4.3  4.3
3914.67 0.0014 0.00   0.39   4.2  4.2
3914.68 0.0014 0.00   0.46   4.2  4.2
3914.69 0.0014 0.00   0.45   4.2  4.2
3914.70 0.0015 0.00   0.39   4.2  4.2
3914.71 0.0015 0.00   0.38   4.1  4.1
3914.72 0.0014 0.00   0.39   4.1  4.1
3914.73 0.0013 0.00   0.37   4.1  4.1
3914.74 0.0013 0.00   0.36   4.1  4.1
3914.75 0.0012 0.00   0.34   4.0  4.0
3914.76 0.0011 0.00   0.32   3.9  3.9
3914.77 0.0011 0.00   0.36   4.0  4.0
3914.78 0.0010 0.00   0.35   3.9  3.9
3914.79 0.0009 0.00   0.36   3.9  3.9
3914.80 0.0009 0.00   0.38   3.8  3.8
3914.81 0.0009 0.00   0.37   3.7  3.7
3914.82 0.0008 0.00   0.37   3.7  3.7
3914.83 0.0008 0.00   0.38   3.7  3.7
3914.84 0.0008 0.00   0.40   3.7  3.7
3914.85 0.0008 0.00   0.38   3.6  3.6
3914.86 0.0009 0.00   0.36   3.6  3.6
3914.87 0.0009 0.00   0.35   3.5  3.5
3914.88 0.0010 0.00   0.28   3.4  3.4
3914.89 0.0009 0.00   0.28   3.4  3.4
3914.90 0.0009 0.00   0.28   3.4  3.4
3914.91 0.0010 0.01   0.28   3.4  3.3
3914.92 0.0010 0.04   0.28   3.4  3.2
3914.93 0.0009 0.05   0.28   3.5  3.1
3914.94 0.0007 0.09   0.27   3.4  2.8
3914.95 0.0006 0.10   0.28   3.4  2.8
3914.96 0.0007 0.13   0.27   3.6  2.7
3914.97 0.0007 0.13   0.24   3.6  2.7
3914.98 0.0006 0.12   0.25   3.6  2.8
3914.99 0.0006 0.13   0.25   3.6  2.7
3915.00 0.0006 0.13   0.26   3.6  2.8
3915.01 0.0006 0.13   0.28   3.7  2.8
3915.02 0.0006 0.12   0.34   3.8  3.0
3915.03 0.0005 0.14   0.32   3.8  2.9
3915.04 0.0005 0.15   0.31   3.7  2.7
3915.05 0.0005 0.15   0.31   3.7  2.7
3915.06 0.0006 0.12   0.27   3.7  2.9
3915.07 0.0006 0.11   0.28   3.7  3.0
3915.08 0.0006 0.10   0.25   3.7  3.0
3915.09 0.0007 0.09   0.24   3.7  3.1
3915.10 0.0007 0.11   0.21   3.7  3.0
3915.11 0.0007 0.11   0.19   3.6  2.9
3915.12 0.0006 0.12   0.17   3.6  2.9
3915.13 0.0006 0.12   0.17   3.6  2.9
3915.14 0.0006 0.12   0.18   3.7  3.0
3915.15 0.0007 0.11   0.18   3.7  3.1
3915.16 0.0009 0.08   0.16   3.8  3.3
3915.17 0.0010 0.08   0.15   3.8  3.4
3915.18 0.0010 0.09   0.13   3.9  3.4
3915.19 0.0011 0.07   0.17   3.9  3.5
3915.20 0.0011 0.05   0.16   3.9  3.6
3915.21 0.0010 0.06   0.15   3.8  3.5
3915.22 0.0009 0.07   0.14   3.8  3.4
3915.23 0.0009 0.06   0.17   3.7  3.5
3915.24 0.0008 0.05   0.19   3.7  3.5
3915.25 0.0008 0.04   0.20   3.7  3.5
3915.26 0.0009 0.01   0.24   3.8  3.7
3915.27 0.0010 0.00   0.24   3.8  3.8
3915.28 0.0010 0.00   0.26   3.8  3.8
3915.29 0.0010 0.00   0.27   3.8  3.8
3915.30 0.0011 0.00   0.28   3.9  3.9
3915.31 0.0011 0.00   0.25   3.8  3.8
3915.32 0.0010 0.00   0.20   3.7  3.7
3915.33 0.0010 0.00   0.19   3.7  3.7
3915.34 0.0010 0.00   0.20   3.7  3.7
3915.35 0.0010 0.00   0.22   3.8  3.8
3915.36 0.0010 0.00   0.25   3.8  3.8
3915.37 0.0009 0.00   0.27   3.7  3.7
3915.38 0.0009 0.00   0.28   3.8  3.8
3915.39 0.0009 0.00   0.33   3.8  3.8
3915.40 0.0010 0.00   0.35   3.8  3.8
3915.41 0.0009 0.00   0.38   3.8  3.8
3915.42 0.0010 0.00   0.40   3.9  3.9
3915.43 0.0010 0.00   0.46   3.9  3.9
3915.44 0.0009 0.00   0.50   3.8  3.8
3915.45 0.0008 0.00   0.49   3.7  3.7
3915.46 0.0007 0.00   0.43   3.6  3.6
3915.47 0.0007 0.00   0.43   3.6  3.6
3915.48 0.0006 0.00   0.46   3.5  3.5
3915.49 0.0005 0.00   0.52   3.6  3.6
3915.50 0.0006 0.00   0.50   3.5  3.5
3915.51 0.0006 0.00   0.49   3.6  3.6
3915.52 0.0007 0.00   0.44   3.6  3.6
3915.53 0.0008 0.00   0.43   3.5  3.5
3915.54 0.0010 0.00   0.38   3.5  3.5
3915.55 0.0010 0.00   0.37   3.5  3.5
3915.56 0.0011 0.00   0.35   3.5  3.5
3915.57 0.0009 0.00   0.31   3.3  3.3
3915.58 0.0009 0.00   0.30   3.2  3.2
3915.59 0.0009 0.00   0.22   3.1  3.1
3915.60 0.0009 0.00   0.20   3.1  3.0
3915.61 0.0008 0.02   0.16   3.0  2.8
3915.62 0.0007 0.02   0.18   2.9  2.7
3915.63 0.0007 0.04   0.16   2.8  2.5
3915.64 0.0007 0.04   0.14   2.7  2.4
3915.65 0.0007 0.02   0.11   2.6  2.4
3915.66 0.0007 0.03   0.09   2.6  2.3
3915.67 0.0007 0.06   0.03   2.6  2.0
3915.68 0.0007 0.07   0.02   2.6  1.9
3915.69 0.0006 0.08   0.01   2.5  1.7
3915.70 0.0006 0.09   0.00   2.5  1.5
3915.71 0.0005 0.09   0.00   2.4  1.5
3915.72 0.0006 0.08   0.00   2.4  1.5
3915.73 0.0005 0.08   0.01   2.4  1.6
3915.74 0.0006 0.07   0.00   2.4  1.6
3915.75 0.0006 0.05   0.00   2.4  1.9
3915.76 0.0007 0.03   0.01   2.4  2.1
3915.77 0.0007 0.02   0.01   2.4  2.2
3915.78 0.0007 0.02   0.01   2.3  2.2
3915.79 0.0007 0.03   0.02   2.4  2.1
3915.80 0.0006 0.02   0.03   2.2  2.0
3915.81 0.0006 0.02   0.03   2.3  2.1
3915.82 0.0006 0.01   0.04   2.3  2.2
3915.83 0.0006 0.01   0.05   2.3  2.2
3915.84 0.0006 0.02   0.06   2.3  2.2
3915.85 0.0005 0.02   0.06   2.3  2.1
3915.86 0.0005 0.02   0.07   2.3  2.1
3915.87 0.0005 0.02   0.06   2.3  2.1
3915.88 0.0005 0.02   0.05   2.3  2.1
3915.89 0.0005 0.03   0.05   2.3  2.1
3915.90 0.0005 0.03   0.05   2.3  2.1
3915.91 0.0006 0.01   0.07   2.4  2.3
3915.92 0.0006 0.00   0.08   2.5  2.5
3915.93 0.0006 0.00   0.10   2.5  2.5
3915.94 0.0006 0.00   0.10   2.5  2.5
3915.95 0.0006 0.01   0.09   2.5  2.5
3915.96 0.0005 0.01   0.10   2.5  2.4
3915.97 0.0005 0.00   0.10   2.4  2.4
3915.98 0.0005 0.00   0.10   2.4  2.4
3915.99 0.0005 0.00   0.11   2.3  2.3
3916.00 0.0005 0.00   0.10   2.3  2.3
3916.01 0.0006 0.01   0.11   2.2  2.2
3916.02 0.0006 0.01   0.12   2.2  2.1
3916.03 0.0006 0.02   0.12   2.2  2.1
3916.04 0.0006 0.01   0.12   2.2  2.1
3916.05 0.0006 0.02   0.12   2.3  2.2
3916.06 0.0006 0.02   0.12   2.2  2.1
3916.07 0.0007 0.01   0.12   2.2  2.1
3916.08 0.0007 0.01   0.11   2.3  2.2
3916.09 0.0007 0.01   0.11   2.3  2.3
3916.10 0.0007 0.01   0.10   2.2  2.2
3916.11 0.0007 0.01   0.09   2.2  2.2
3916.12 0.0007 0.01   0.08   2.2  2.2
3916.13 0.0007 0.00   0.08   2.2  2.2
3916.14 0.0006 0.00   0.08   2.2  2.2
3916.15 0.0007 0.00   0.09   2.1  2.1
3916.16 0.0006 0.00   0.08   2.1  2.1
3916.17 0.0006 0.00   0.07   2.2  2.2
3916.18 0.0006 0.00   0.07   2.2  2.2
3916.19 0.0007 0.00   0.07   2.2  2.2
3916.20 0.0006 0.00   0.07   2.2  2.2
3916.21 0.0006 0.00   0.07   2.3  2.3
3916.22 0.0007 0.00   0.07   2.2  2.2
3916.23 0.0007 0.00   0.06   2.3  2.3
3916.24 0.0007 0.00   0.05   2.3  2.3
3916.25 0.0007 0.00   0.05   2.3  2.3
3916.26 0.0007 0.00   0.05   2.3  2.3
3916.27 0.0007 0.00   0.04   2.4  2.4
3916.28 0.0007 0.00   0.04   2.6  2.6
3916.29 0.0008 0.00   0.05   2.8  2.8
3916.30 0.0008 0.00   0.05   2.9  2.8
3916.31 0.0008 0.00   0.05   2.9  2.9
3916.32 0.0008 0.00   0.07   3.0  3.0
3916.33 0.0008 0.00   0.08   3.0  3.0
3916.34 0.0009 0.00   0.06   3.0  3.0
3916.35 0.0009 0.00   0.06   3.1  3.1
3916.36 0.0009 0.00   0.06   3.0  3.0
3916.37 0.0009 0.00   0.06   3.0  3.0
3916.38 0.0009 0.00   0.07   3.2  3.2
3916.39 0.0009 0.00   0.07   3.1  3.1
3916.40 0.0008 0.00   0.07   3.1  3.1
3916.41 0.0008 0.00   0.07   3.1  3.1
3916.42 0.0009 0.00   0.08   3.2  3.2
3916.43 0.0008 0.00   0.09   3.2  3.2
3916.44 0.0008 0.00   0.10   3.2  3.2
3916.45 0.0008 0.00   0.11   3.2  3.2
3916.46 0.0008 0.00   0.10   3.1  3.1
3916.47 0.0008 0.00   0.10   3.2  3.2
3916.48 0.0008 0.00   0.10   3.2  3.2
3916.49 0.0008 0.00   0.10   3.2  3.2
3916.50 0.0008 0.00   0.09   3.1  3.1
3916.51 0.0008 0.00   0.10   3.3  3.3
3916.52 0.0008 0.00   0.10   3.3  3.3
3916.53 0.0008 0.00   0.09   3.2  3.2
3916.54 0.0008 0.00   0.09   3.2  3.2
3916.55 0.0008 0.00   0.09   3.1  3.1
3916.56 0.0007 0.00   0.10   3.0  3.0
3916.57 0.0007 0.00   0.09   3.1  3.1
3916.58 0.0007 0.00   0.08   3.0  3.0
3916.59 0.0007 0.00   0.09   3.0  3.0
3916.60 0.0007 0.00   0.08   3.0  3.0
3916.61 0.0008 0.00   0.08   2.8  2.8
3916.62 0.0008 0.00   0.08   2.8  2.8
3916.63 0.0008 0.00   0.08   2.8  2.8
3916.64 0.0008 0.00   0.07   2.8  2.8
3916.65 0.0008 0.00   0.07   2.8  2.8
3916.66 0.0008 0.00   0.06   2.8  2.8
3916.67 0.0007 0.00   0.06   2.7  2.7
3916.68 0.0007 0.00   0.06   2.7  2.7
3916.69 0.0007 0.00   0.06   2.7  2.7
3916.70 0.0007 0.00   0.06   2.7  2.7
3916.71 0.0007 0.00   0.06   2.7  2.7
3916.72 0.0007 0.00   0.06   2.8  2.8
3916.73 0.0007 0.00   0.05   2.8  2.8
3916.74 0.0007 0.00   0.05   2.8  2.8
3916.75 0.0008 0.00   0.04   2.8  2.8
3916.76 0.0008 0.00   0.03   2.8  2.8
3916.77 0.0009 0.00   0.02   3.0  3.0
3916.78 0.0009 0.00   0.02   3.0  3.0
3916.79 0.0010 0.00   0.00   3.1  3.1
3916.80 0.0010 0.00   0.01   3.1  3.1
3916.81 0.0010 0.00   0.03   3.1  3.1
3916.82 0.0009 0.00   0.03   3.0  3.0
3916.83 0.0009 0.00   0.04   3.0  3.0
3916.84 0.0009 0.00   0.06   3.0  3.0
3916.85 0.0009 0.00   0.08   3.0  3.0
3916.86 0.0009 0.00   0.09   3.1  3.1
3916.87 0.0010 0.00   0.11   3.2  3.2
3916.88 0.0010 0.00   0.11   3.2  3.2
3916.89 0.0010 0.00   0.12   3.2  3.2
3916.90 0.0011 0.00   0.09   3.2  3.2
3916.91 0.0011 0.00   0.09   3.2  3.2
3916.92 0.0012 0.00   0.10   3.3  3.3
3916.93 0.0012 0.00   0.13   3.3  3.3
3916.94 0.0013 0.00   0.14   3.3  3.3
3916.95 0.0012 0.00   0.12   3.2  3.2
3916.96 0.0012 0.00   0.10   3.2  3.2
3916.97 0.0011 0.00   0.10   3.2  3.2
3916.98 0.0010 0.00   0.09   3.2  3.2
3916.99 0.0011 0.00   0.07   3.2  3.2
3917.00 0.0011 0.00   0.05   3.2  3.2
3917.01 0.0011 0.00   0.06   3.2  3.2
3917.02 0.0011 0.00   0.06   3.2  3.2
3917.03 0.0010 0.00   0.08   3.2  3.2
3917.04 0.0010 0.00   0.07   3.2  3.2
3917.05 0.0009 0.00   0.09   3.1  3.1
3917.06 0.0010 0.00   0.08   3.2  3.2
3917.07 0.0009 0.00   0.10   3.1  3.1
3917.08 0.0008 0.00   0.12   3.0  3.0
3917.09 0.0008 0.00   0.10   2.9  2.9
3917.10 0.0007 0.00   0.11   2.9  2.9
3917.11 0.0007 0.00   0.10   2.9  2.9
3917.12 0.0007 0.00   0.11   2.9  2.9
3917.13 0.0008 0.00   0.10   3.0  3.0
3917.14 0.0008 0.00   0.10   3.0  3.0
3917.15 0.0008 0.00   0.08   3.0  3.0
3917.16 0.0008 0.00   0.08   3.0  3.0
3917.17 0.0008 0.00   0.06   2.9  2.9
3917.18 0.0008 0.00   0.06   2.9  2.9
3917.19 0.0008 0.00   0.06   2.9  2.9
3917.20 0.0008 0.00   0.05   2.9  2.9
3917.21 0.0008 0.00   0.06   2.9  2.9
3917.22 0.0008 0.00   0.06   2.9  2.9
3917.23 0.0008 0.00   0.07   2.9  2.9
3917.24 0.0007 0.00   0.08   2.9  2.9
3917.25 0.0007 0.00   0.09   2.8  2.8
3917.26 0.0007 0.00   0.09   2.8  2.8
3917.27 0.0006 0.01   0.09   2.8  2.8
3917.28 0.0006 0.02   0.08   2.8  2.7
3917.29 0.0006 0.02   0.08   2.8  2.7
3917.30 0.0007 0.00   0.11   2.8  2.8
3917.31 0.0007 0.00   0.10   2.9  2.9
3917.32 0.0007 0.00   0.09   2.8  2.8
3917.33 0.0007 0.00   0.09   2.8  2.8
3917.34 0.0006 0.00   0.09   2.7  2.7
3917.35 0.0006 0.00   0.08   2.7  2.7
3917.36 0.0006 0.00   0.07   2.6  2.6
3917.37 0.0006 0.00   0.06   2.6  2.5
3917.38 0.0007 0.01   0.06   2.7  2.6
3917.39 0.0007 0.01   0.06   2.7  2.7
3917.40 0.0007 0.00   0.06   2.7  2.7
3917.41 0.0006 0.00   0.06   2.5  2.5
3917.42 0.0006 0.01   0.06   2.4  2.4
3917.43 0.0006 0.02   0.05   2.4  2.3
3917.44 0.0006 0.02   0.06   2.3  2.2
3917.45 0.0006 0.02   0.06   2.3  2.1
3917.46 0.0006 0.02   0.06   2.2  2.1
3917.47 0.0005 0.03   0.06   2.2  2.0
3917.48 0.0005 0.05   0.06   2.2  1.9
3917.49 0.0005 0.05   0.06   2.1  1.8
3917.50 0.0005 0.06   0.05   2.2  1.8
3917.51 0.0005 0.06   0.06   2.1  1.8
3917.52 0.0004 0.06   0.05   2.2  1.9
3917.53 0.0004 0.05   0.05   2.2  1.9
3917.54 0.0005 0.05   0.04   2.3  2.0
3917.55 0.0005 0.04   0.03   2.3  2.0
3917.56 0.0005 0.06   0.03   2.3  2.0
3917.57 0.0004 0.06   0.03   2.3  1.9
3917.58 0.0004 0.06   0.03   2.2  1.9
3917.59 0.0005 0.06   0.04   2.3  1.9
3917.60 0.0005 0.07   0.03   2.2  1.8
3917.61 0.0005 0.07   0.03   2.2  1.7
3917.62 0.0005 0.07   0.03   2.2  1.8
3917.63 0.0005 0.08   0.02   2.3  1.9
3917.64 0.0005 0.08   0.02   2.4  1.9
3917.65 0.0005 0.08   0.02   2.4  2.0
3917.66 0.0005 0.08   0.03   2.5  2.0
3917.67 0.0005 0.08   0.02   2.6  2.1
3917.68 0.0005 0.08   0.02   2.7  2.2
3917.69 0.0005 0.08   0.03   2.6  2.2
3917.70 0.0005 0.08   0.03   2.6  2.2
3917.71 0.0005 0.09   0.01   2.7  2.2
3917.72 0.0005 0.10   0.01   2.9  2.3
3917.73 0.0006 0.09   0.00   2.9  2.4
3917.74 0.0006 0.09   0.00   2.9  2.5
3917.75 0.0006 0.09   0.00   3.0  2.6
3917.76 0.0007 0.09   0.00   3.1  2.7
3917.77 0.0007 0.09   0.00   3.2  2.8
3917.78 0.0008 0.09   0.00   3.4  2.9
3917.79 0.0008 0.10   0.00   3.4  3.0
3917.80 0.0008 0.10   0.00   3.4  3.0
3917.81 0.0008 0.09   0.00   3.5  3.0
3917.82 0.0009 0.08   0.00   3.6  3.2
