ELM     V003.000SPECTRL V003.000
M0
sng                           
2_Baydin                      
dolb.32                       
11-22-2009
3845.79 0.0006 0.00   0.23   1.0  1.0
3845.80 0.0002 0.00   0.08   1.0  1.0
3845.81 0.0001 0.00   0.05   1.8  1.8
3845.82 0.0006 0.00   0.15   2.9  2.9
3845.83 0.0013 0.00   0.16   3.3  3.3
3845.84 0.0023 0.00   0.30   4.8  4.8
3845.85 0.0028 0.00   0.36   5.6  5.6
3845.86 0.0035 0.00   0.47   6.0  6.0
3845.87 0.0041 0.00   0.51   6.3  6.3
3845.88 0.0047 0.00   0.52   7.1  7.1
3845.89 0.0051 0.00   0.52   7.7  7.7
3845.90 0.0056 0.02   0.49   8.4  7.8
3845.91 0.0059 0.13   0.44   8.7  4.0
3845.92 0.0062 0.19   0.49   8.8  2.4
3845.93 0.0062 0.21   0.46   8.8  1.8
3845.94 0.0071 0.23   0.44   10.0  3.2
3845.95 0.0074 0.32   0.40   10.7  1.9
3845.96 0.0074 0.43   0.37   11.8  1.4
3845.97 0.0074 0.51   0.30   12.3  1.2
3845.98 0.0071 0.53   0.25   12.6  1.7
3845.99 0.0070 0.54   0.22   13.0  2.9
3846.00 0.0066 0.51   0.23   13.2  4.4
3846.01 0.0069 0.50   0.25   13.5  5.6
3846.02 0.0071 0.47   0.25   13.6  6.3
3846.03 0.0068 0.43   0.25   13.8  7.6
3846.04 0.0077 0.50   0.22   15.0  8.3
3846.05 0.0085 0.61   0.21   15.7  7.9
3846.06 0.0077 0.60   0.22   14.7  7.3
3846.07 0.0078 0.58   0.22   15.0  8.0
3846.08 0.0074 0.47   0.24   14.3  9.0
3846.09 0.0068 0.37   0.28   14.0  10.0
3846.10 0.0063 0.33   0.29   13.9  10.5
3846.11 0.0061 0.34   0.31   14.1  10.6
3846.12 0.0058 0.32   0.37   13.8  10.7
3846.13 0.0051 0.29   0.33   12.7  10.0
3846.14 0.0045 0.29   0.33   12.7  10.1
3846.15 0.0038 0.27   0.29   11.5  9.2
3846.16 0.0037 0.25   0.27   11.3  9.2
3846.17 0.0038 0.19   0.26   11.1  9.5
3846.18 0.0040 0.20   0.26   11.8  10.2
3846.19 0.0041 0.21   0.24   12.0  10.3
3846.20 0.0042 0.20   0.23   12.0  10.3
3846.21 0.0041 0.20   0.26   11.9  10.3
3846.22 0.0042 0.17   0.33   12.6  11.2
3846.23 0.0044 0.15   0.37   12.8  11.5
3846.24 0.0046 0.15   0.39   13.0  11.8
3846.25 0.0048 0.16   0.42   13.3  12.0
3846.26 0.0049 0.15   0.46   13.1  11.9
3846.27 0.0053 0.18   0.51   14.3  12.8
3846.28 0.0057 0.23   0.55   14.7  12.7
3846.29 0.0059 0.22   0.58   14.8  12.8
3846.30 0.0062 0.24   0.63   15.2  13.1
3846.31 0.0062 0.24   0.65   15.1  12.9
3846.32 0.0059 0.27   0.59   14.9  12.5
3846.33 0.0059 0.31   0.60   15.2  12.4
3846.34 0.0058 0.27   0.57   14.5  12.0
3846.35 0.0048 0.22   0.45   12.8  10.8
3846.36 0.0051 0.18   0.45   13.9  12.4
3846.37 0.0052 0.21   0.47   14.0  12.2
3846.38 0.0049 0.21   0.43   13.2  11.5
3846.39 0.0046 0.20   0.38   12.9  11.3
3846.40 0.0046 0.21   0.39   13.5  11.8
3846.41 0.0049 0.21   0.42   13.8  12.1
3846.42 0.0050 0.17   0.36   13.5  12.2
3846.43 0.0047 0.17   0.30   12.8  11.5
3846.44 0.0046 0.15   0.28   13.0  11.8
3846.45 0.0048 0.12   0.28   13.1  12.2
3846.46 0.0049 0.07   0.25   13.2  12.7
3846.47 0.0050 0.06   0.25   13.3  12.9
3846.48 0.0049 0.05   0.26   12.9  12.6
3846.49 0.0046 0.06   0.27   12.6  12.2
3846.50 0.0044 0.08   0.26   12.2  11.6
3846.51 0.0045 0.09   0.26   12.8  12.2
3846.52 0.0044 0.09   0.22   12.4  11.8
3846.53 0.0040 0.07   0.15   10.9  10.5
3846.54 0.0039 0.08   0.14   11.4  10.9
3846.55 0.0039 0.09   0.12   11.3  10.7
3846.56 0.0039 0.09   0.14   11.4  10.9
3846.57 0.0038 0.07   0.18   11.1  10.6
3846.58 0.0032 0.03   0.19   9.5  9.3
3846.59 0.0032 0.03   0.19   10.1  9.9
3846.60 0.0032 0.06   0.17   10.1  9.7
3846.61 0.0031 0.06   0.17   9.9  9.5
3846.62 0.0031 0.05   0.18   9.9  9.7
3846.63 0.0030 0.02   0.21   9.7  9.5
3846.64 0.0029 0.00   0.26   9.6  9.6
3846.65 0.0029 0.00   0.28   9.5  9.5
3846.66 0.0028 0.00   0.30   9.6  9.6
3846.67 0.0027 0.00   0.31   9.2  9.2
3846.68 0.0028 0.00   0.31   9.7  9.7
3846.69 0.0029 0.00   0.32   9.9  9.9
3846.70 0.0030 0.00   0.33   10.2  10.2
3846.71 0.0030 0.00   0.31   10.0  10.0
3846.72 0.0029 0.01   0.31   9.8  9.8
3846.73 0.0029 0.00   0.34   9.9  9.9
3846.74 0.0028 0.00   0.32   9.5  9.5
3846.75 0.0025 0.00   0.30   8.7  8.7
3846.76 0.0026 0.00   0.33   9.2  9.2
3846.77 0.0026 0.02   0.36   9.5  9.4
3846.78 0.0027 0.04   0.36   9.7  9.4
3846.79 0.0028 0.05   0.36   10.1  9.8
3846.80 0.0030 0.03   0.37   10.2  10.0
3846.81 0.0028 0.01   0.36   9.6  9.5
3846.82 0.0027 0.00   0.34   9.2  9.2
3846.83 0.0027 0.00   0.33   9.2  9.2
3846.84 0.0029 0.00   0.35   9.7  9.7
3846.85 0.0032 0.00   0.41   10.5  10.5
3846.86 0.0030 0.00   0.39   9.6  9.6
3846.87 0.0030 0.00   0.41   10.2  10.2
3846.88 0.0031 0.00   0.39   10.0  10.0
3846.89 0.0032 0.00   0.35   10.1  10.1
3846.90 0.0031 0.00   0.33   9.8  9.8
3846.91 0.0031 0.00   0.35   9.9  9.9
3846.92 0.0030 0.00   0.35   9.6  9.6
3846.93 0.0030 0.00   0.38   10.0  10.0
3846.94 0.0031 0.00   0.37   10.1  10.1
3846.95 0.0030 0.02   0.32   9.5  9.4
3846.96 0.0029 0.03   0.28   9.5  9.2
3846.97 0.0030 0.06   0.25   9.7  9.2
3846.98 0.0030 0.06   0.23   9.5  9.0
3846.99 0.0028 0.02   0.19   8.8  8.6
3847.00 0.0027 0.00   0.18   8.2  8.2
3847.01 0.0026 0.00   0.17   8.0  8.0
3847.02 0.0021 0.00   0.13   6.7  6.7
3847.03 0.0018 0.00   0.10   5.8  5.8
3847.04 0.0015 0.00   0.09   5.4  5.3
3847.05 0.0016 0.00   0.09   5.5  5.5
3847.06 0.0016 0.01   0.08   5.6  5.5
3847.07 0.0016 0.02   0.08   5.4  5.3
3847.08 0.0012 0.02   0.06   4.5  4.3
3847.09 0.0009 0.01   0.05   2.9  2.8
3847.10 0.0008 0.01   0.05   1.8  1.8
3847.11 0.0008 0.01   0.07   1.8  1.7
3847.12 0.0008 0.01   0.07   2.4  2.3
3847.13 0.0008 0.02   0.09   2.6  2.5
3847.14 0.0008 0.01   0.09   2.1  2.1
3847.15 0.0008 0.00   0.10   1.4  1.3
3847.16 0.0009 0.00   0.10   1.1  1.1
3847.17 0.0008 0.00   0.11   1.1  1.1
3847.18 0.0008 0.00   0.12   1.2  1.2
3847.19 0.0008 0.00   0.12   1.2  1.2
3847.20 0.0008 0.01   0.13   1.3  1.2
3847.21 0.0007 0.00   0.13   1.3  1.3
3847.22 0.0007 0.00   0.13   1.4  1.4
3847.23 0.0007 0.00   0.12   1.4  1.4
3847.24 0.0007 0.00   0.12   1.5  1.5
3847.25 0.0007 0.00   0.13   1.6  1.6
3847.26 0.0007 0.00   0.13   1.5  1.5
3847.27 0.0007 0.00   0.13   1.5  1.5
3847.28 0.0007 0.00   0.13   1.5  1.5
3847.29 0.0007 0.00   0.14   1.6  1.6
3847.30 0.0007 0.00   0.13   1.6  1.6
3847.31 0.0007 0.00   0.14   1.5  1.5
3847.32 0.0007 0.00   0.14   1.4  1.4
3847.33 0.0007 0.00   0.15   1.4  1.4
3847.34 0.0007 0.00   0.16   1.4  1.4
3847.35 0.0008 0.00   0.15   1.4  1.4
3847.36 0.0008 0.00   0.15   1.5  1.5
3847.37 0.0008 0.00   0.14   1.4  1.4
3847.38 0.0008 0.00   0.14   1.4  1.4
3847.39 0.0008 0.00   0.15   1.3  1.3
3847.40 0.0008 0.00   0.14   1.3  1.3
3847.41 0.0008 0.00   0.14   1.3  1.3
3847.42 0.0007 0.00   0.15   1.3  1.3
3847.43 0.0007 0.00   0.14   1.4  1.4
3847.44 0.0007 0.00   0.14   1.4  1.4
3847.45 0.0007 0.00   0.14   1.4  1.4
3847.46 0.0007 0.00   0.15   1.4  1.4
3847.47 0.0007 0.00   0.14   1.3  1.3
3847.48 0.0007 0.01   0.12   1.4  1.3
3847.49 0.0007 0.01   0.11   1.4  1.4
3847.50 0.0007 0.00   0.12   1.4  1.4
3847.51 0.0007 0.00   0.12   1.4  1.4
3847.52 0.0008 0.01   0.12   1.4  1.3
3847.53 0.0008 0.01   0.12   1.4  1.3
3847.54 0.0008 0.02   0.11   1.4  1.3
3847.55 0.0008 0.03   0.11   1.4  1.3
3847.56 0.0008 0.03   0.11   1.6  1.4
3847.57 0.0007 0.02   0.11   1.6  1.5
3847.58 0.0007 0.02   0.12   1.7  1.5
3847.59 0.0007 0.02   0.13   1.7  1.6
3847.60 0.0007 0.03   0.13   1.7  1.6
3847.61 0.0007 0.02   0.13   1.8  1.6
3847.62 0.0007 0.01   0.13   2.0  1.9
3847.63 0.0007 0.02   0.13   2.0  1.9
3847.64 0.0006 0.03   0.12   2.0  1.9
3847.65 0.0006 0.02   0.12   2.1  2.0
3847.66 0.0006 0.02   0.11   2.1  2.0
3847.67 0.0005 0.02   0.12   2.1  2.0
3847.68 0.0005 0.02   0.12   2.2  2.1
3847.69 0.0006 0.01   0.12   2.2  2.1
3847.70 0.0005 0.02   0.11   2.2  2.1
3847.71 0.0005 0.01   0.11   2.2  2.1
3847.72 0.0006 0.01   0.12   2.2  2.2
3847.73 0.0006 0.01   0.10   2.2  2.2
3847.74 0.0006 0.02   0.10   2.2  2.0
3847.75 0.0006 0.03   0.10   2.2  2.0
3847.76 0.0005 0.03   0.08   2.2  2.1
3847.77 0.0005 0.03   0.09   2.3  2.2
3847.78 0.0006 0.03   0.09   2.2  2.1
3847.79 0.0006 0.03   0.09   2.2  2.1
3847.80 0.0006 0.03   0.10   2.3  2.1
3847.81 0.0006 0.03   0.09   2.3  2.1
3847.82 0.0005 0.03   0.08   2.3  2.1
3847.83 0.0006 0.04   0.08   2.3  2.1
3847.84 0.0006 0.03   0.08   2.3  2.1
3847.85 0.0006 0.03   0.08   2.3  2.1
3847.86 0.0005 0.03   0.08   2.3  2.1
3847.87 0.0005 0.04   0.09   2.2  2.0
3847.88 0.0006 0.05   0.08   2.3  2.0
3847.89 0.0006 0.05   0.09   2.2  2.0
3847.90 0.0006 0.05   0.08   2.2  2.0
3847.91 0.0006 0.06   0.08   2.2  1.9
3847.92 0.0007 0.05   0.07   2.2  1.9
3847.93 0.0007 0.05   0.07   2.1  1.8
3847.94 0.0007 0.03   0.09   2.0  1.8
3847.95 0.0007 0.03   0.09   2.0  1.8
3847.96 0.0007 0.04   0.08   2.0  1.8
3847.97 0.0007 0.05   0.09   2.0  1.7
3847.98 0.0008 0.06   0.08   1.9  1.7
3847.99 0.0008 0.05   0.09   1.9  1.7
3848.00 0.0008 0.05   0.10   1.9  1.7
3848.01 0.0008 0.07   0.10   2.0  1.6
3848.02 0.0008 0.08   0.10   1.9  1.5
3848.03 0.0008 0.08   0.10   1.9  1.5
3848.04 0.0008 0.08   0.10   1.9  1.5
3848.05 0.0008 0.07   0.10   1.9  1.6
3848.06 0.0009 0.06   0.09   2.0  1.7
3848.07 0.0009 0.05   0.09   2.0  1.8
3848.08 0.0009 0.05   0.08   2.1  1.9
3848.09 0.0009 0.05   0.07   2.1  1.9
3848.10 0.0008 0.05   0.07   2.1  1.9
3848.11 0.0008 0.04   0.07   2.2  2.1
3848.12 0.0008 0.04   0.08   2.3  2.1
3848.13 0.0008 0.04   0.08   2.3  2.2
3848.14 0.0008 0.04   0.08   2.4  2.2
3848.15 0.0008 0.03   0.07   2.4  2.3
3848.16 0.0008 0.02   0.07   2.4  2.3
3848.17 0.0009 0.02   0.07   2.4  2.3
3848.18 0.0009 0.02   0.05   2.4  2.4
3848.19 0.0009 0.03   0.04   2.4  2.3
3848.20 0.0009 0.03   0.05   2.3  2.2
3848.21 0.0008 0.03   0.06   2.3  2.2
3848.22 0.0008 0.04   0.06   2.3  2.1
3848.23 0.0008 0.04   0.06   2.2  2.0
3848.24 0.0007 0.05   0.05   2.3  2.0
3848.25 0.0007 0.05   0.04   2.4  2.1
3848.26 0.0007 0.04   0.04   2.4  2.2
3848.27 0.0007 0.03   0.04   2.4  2.2
3848.28 0.0006 0.03   0.04   2.5  2.4
3848.29 0.0006 0.02   0.04   2.5  2.4
3848.30 0.0007 0.01   0.03   2.6  2.6
3848.31 0.0007 0.00   0.03   2.6  2.6
3848.32 0.0007 0.00   0.04   2.7  2.7
3848.33 0.0007 0.00   0.05   2.8  2.8
3848.34 0.0008 0.00   0.05   2.9  2.9
3848.35 0.0008 0.00   0.05   2.9  2.9
3848.36 0.0008 0.00   0.05   2.8  2.8
3848.37 0.0008 0.02   0.05   2.9  2.8
3848.38 0.0008 0.01   0.06   2.8  2.7
3848.39 0.0007 0.00   0.09   2.8  2.8
3848.40 0.0007 0.00   0.10   2.8  2.8
3848.41 0.0006 0.00   0.12   2.8  2.8
3848.42 0.0007 0.00   0.11   2.8  2.8
3848.43 0.0007 0.00   0.11   2.8  2.8
3848.44 0.0007 0.00   0.11   2.8  2.8
3848.45 0.0007 0.00   0.10   2.8  2.8
3848.46 0.0008 0.00   0.10   2.9  2.9
3848.47 0.0008 0.02   0.12   3.0  2.9
3848.48 0.0007 0.02   0.14   3.0  2.9
3848.49 0.0007 0.02   0.14   3.0  2.9
3848.50 0.0008 0.01   0.14   3.0  2.9
3848.51 0.0008 0.05   0.13   3.2  2.9
3848.52 0.0009 0.05   0.15   3.4  3.0
3848.53 0.0010 0.03   0.17   3.5  3.3
3848.54 0.0011 0.03   0.18   3.6  3.4
3848.55 0.0009 0.08   0.23   3.7  3.2
3848.56 0.0009 0.09   0.24   3.7  3.1
3848.57 0.0009 0.12   0.22   3.8  3.0
3848.58 0.0009 0.13   0.20   3.8  3.0
3848.59 0.0009 0.17   0.26   3.9  2.8
3848.60 0.0008 0.28   0.29   4.0  2.3
3848.61 0.0008 0.38   0.24   4.1  1.8
3848.62 0.0008 0.41   0.21   4.2  1.7
3848.63 0.0009 0.40   0.26   4.2  1.8
3848.64 0.0007 0.44   0.27   4.2  1.7
3848.65 0.0007 0.51   0.30   4.3  1.3
3848.66 0.0007 0.56   0.32   4.3  1.1
3848.67 0.0006 0.60   0.30   4.3  0.9
3848.68 0.0005 0.70   0.26   4.4  0.4
3848.69 0.0004 0.81   0.14   4.4  0.0
3848.70 0.0003 0.83   0.05   4.5  0.0
3848.71 0.0003 0.86   0.03   4.5  0.0
3848.72 0.0005 0.80   0.01   4.5  0.0
3848.73 0.0007 0.78   0.01   4.5  0.1
3848.74 0.0008 0.76   0.00   4.5  0.3
3848.75 0.0008 0.70   0.00   4.5  0.6
3848.76 0.0008 0.67   0.00   4.5  0.8
3848.77 0.0009 0.67   0.00   4.5  0.8
3848.78 0.0010 0.82   0.00   4.6  0.1
3848.79 0.0012 0.89   0.00   4.7  0.0
3848.80 0.0013 0.87   0.00   4.7  0.0
3848.81 0.0014 0.92   0.01   4.7  0.0
3848.82 0.0012 0.99   0.01   4.7  0.0
3848.83 0.0010 1.01   0.00   4.8  0.0
3848.84 0.0009 0.98   0.00   4.9  0.0
3848.85 0.0009 0.85   0.00   5.0  0.5
3848.86 0.0012 0.75   0.00   4.9  1.0
3848.87 0.0014 0.63   0.00   4.9  1.7
3848.88 0.0015 0.51   0.00   5.0  2.4
3848.89 0.0016 0.46   0.00   4.9  2.5
3848.90 0.0018 0.37   0.00   4.8  3.0
3848.91 0.0020 0.24   0.00   4.9  3.7
3848.92 0.0021 0.14   0.00   4.9  4.2
3848.93 0.0021 0.10   0.00   4.9  4.4
3848.94 0.0020 0.06   0.00   4.9  4.6
3848.95 0.0018 0.05   0.00   5.0  4.7
3848.96 0.0016 0.03   0.00   5.0  4.9
3848.97 0.0015 0.02   0.00   5.1  5.0
3848.98 0.0015 0.01   0.00   5.1  5.1
3848.99 0.0014 0.01   0.00   5.2  5.2
3849.00 0.0010 0.00   0.00   5.3  5.2
3849.01 0.0006 0.00   0.07   5.2  5.2
3849.02 0.0005 0.00   0.11   5.2  5.1
3849.03 0.0003 0.00   0.17   5.2  5.1
3849.04 0.0002 0.00   0.17   5.1  5.1
3849.05 0.0001 0.00   0.23   5.0  4.9
3849.06 0.0000 0.00   0.28   4.9  4.9
3849.07 0.0000 0.00   0.24   4.8  4.8
3849.08 0.0000 0.00   0.18   4.6  4.6
3849.09 0.0000 0.00   0.15   4.5  4.5
3849.10 0.0000 0.00   0.08   4.4  4.4
3849.11 0.0000 0.00   0.06   4.3  4.3
3849.12 0.0000 0.00   0.04   4.1  4.1
3849.13 0.0000 0.00   0.02   4.0  4.0
3849.14 0.0000 0.00   0.01   4.0  4.0
3849.15 0.0000 0.00   0.01   3.7  3.7
3849.16 0.0000 0.04   0.00   3.6  3.2
3849.17 0.0000 0.12   0.00   3.6  2.4
3849.18 0.0000 0.17   0.00   3.5  1.7
3849.19 0.0000 0.22   0.00   3.5  1.1
3849.20 0.0000 0.25   0.00   3.5  0.7
3849.21 0.0000 0.35   0.00   3.5  0.0
3849.22 0.0000 0.45   0.00   3.4  0.0
3849.23 0.0000 0.57   0.00   3.4  0.0
3849.24 0.0000 0.59   0.03   3.3  0.0
3849.25 0.0000 0.58   0.03   3.3  0.0
3849.26 0.0000 0.53   0.02   3.1  0.0
3849.27 0.0000 0.55   0.01   3.1  0.0
3849.28 0.0000 0.56   0.05   3.0  0.0
3849.29 0.0000 0.59   0.04   3.0  0.0
3849.30 0.0000 0.62   0.10   2.9  0.0
3849.31 0.0000 0.60   0.17   2.9  0.0
3849.32 0.0000 0.60   0.21   2.8  0.0
3849.33 0.0000 0.52   0.28   3.0  0.0
3849.34 0.0000 0.48   0.31   3.1  0.0
3849.35 0.0000 0.50   0.35   3.1  0.0
3849.36 0.0000 0.51   0.32   3.2  0.0
3849.37 0.0000 0.47   0.44   3.2  0.0
3849.38 0.0000 0.43   0.48   3.2  0.0
3849.39 0.0001 0.38   0.56   3.3  0.0
3849.40 0.0004 0.28   0.64   3.3  0.4
3849.41 0.0007 0.19   0.68   3.4  1.6
3849.42 0.0008 0.17   0.74   3.5  1.9
3849.43 0.0008 0.13   0.81   3.5  2.3
3849.44 0.0008 0.08   0.91   3.5  2.8
3849.45 0.0009 0.05   1.01   3.7  3.3
3849.46 0.0009 0.03   1.11   3.7  3.5
3849.47 0.0010 0.02   1.10   3.8  3.6
3849.48 0.0010 0.01   1.17   3.8  3.8
3849.49 0.0011 0.01   1.20   3.8  3.8
3849.50 0.0012 0.00   1.04   3.9  3.8
3849.51 0.0012 0.00   0.97   3.9  3.9
3849.52 0.0012 0.00   0.97   4.0  4.0
3849.53 0.0013 0.00   1.04   4.0  4.0
3849.54 0.0013 0.00   1.05   4.0  4.0
3849.55 0.0013 0.00   1.05   4.0  4.0
3849.56 0.0014 0.00   1.05   4.1  4.1
3849.57 0.0015 0.00   1.10   4.1  4.1
3849.58 0.0014 0.00   0.85   4.0  4.0
3849.59 0.0013 0.00   0.59   4.0  4.0
3849.60 0.0012 0.00   0.45   3.9  3.9
3849.61 0.0012 0.00   0.41   3.9  3.9
3849.62 0.0013 0.00   0.36   4.0  4.0
3849.63 0.0013 0.00   0.32   3.9  3.9
3849.64 0.0013 0.00   0.32   3.9  3.9
3849.65 0.0012 0.00   0.34   3.9  3.9
3849.66 0.0012 0.00   0.39   3.8  3.8
3849.67 0.0012 0.00   0.41   3.8  3.8
3849.68 0.0011 0.00   0.38   3.7  3.7
3849.69 0.0011 0.00   0.27   3.6  3.6
3849.70 0.0010 0.00   0.24   3.6  3.6
3849.71 0.0011 0.00   0.22   3.6  3.6
3849.72 0.0011 0.00   0.19   3.5  3.5
3849.73 0.0011 0.00   0.16   3.5  3.5
3849.74 0.0011 0.00   0.18   3.5  3.5
3849.75 0.0011 0.00   0.16   3.4  3.4
3849.76 0.0011 0.00   0.15   3.4  3.4
3849.77 0.0010 0.00   0.15   3.4  3.4
3849.78 0.0010 0.01   0.14   3.3  3.3
3849.79 0.0009 0.02   0.16   3.4  3.3
3849.80 0.0008 0.02   0.17   3.3  3.2
3849.81 0.0007 0.06   0.15   3.2  2.8
3849.82 0.0007 0.06   0.13   3.2  2.8
3849.83 0.0007 0.05   0.13   3.2  2.9
3849.84 0.0007 0.06   0.10   3.2  2.9
3849.85 0.0008 0.05   0.09   3.3  2.9
3849.86 0.0007 0.08   0.07   3.2  2.7
3849.87 0.0007 0.08   0.07   3.2  2.7
3849.88 0.0007 0.08   0.06   3.2  2.7
3849.89 0.0007 0.10   0.04   3.2  2.6
3849.90 0.0007 0.11   0.04   3.3  2.6
3849.91 0.0006 0.11   0.05   3.2  2.6
3849.92 0.0006 0.12   0.05   3.2  2.5
3849.93 0.0006 0.13   0.04   3.2  2.4
3849.94 0.0006 0.12   0.05   3.1  2.4
3849.95 0.0006 0.10   0.04   3.1  2.5
3849.96 0.0006 0.10   0.05   3.1  2.6
3849.97 0.0006 0.10   0.04   3.1  2.5
3849.98 0.0006 0.12   0.03   3.2  2.5
3849.99 0.0007 0.11   0.07   3.3  2.7
3850.00 0.0007 0.07   0.08   3.2  2.8
3850.01 0.0007 0.06   0.09   3.2  2.9
3850.02 0.0007 0.05   0.10   3.1  2.9
3850.03 0.0007 0.06   0.09   3.2  2.8
3850.04 0.0007 0.06   0.09   3.2  2.9
3850.05 0.0008 0.05   0.10   3.2  3.0
3850.06 0.0008 0.05   0.10   3.3  3.1
3850.07 0.0009 0.05   0.09   3.4  3.2
3850.08 0.0011 0.01   0.12   3.5  3.5
3850.09 0.0010 0.00   0.13   3.5  3.5
3850.10 0.0010 0.00   0.13   3.4  3.4
3850.11 0.0009 0.00   0.16   3.5  3.5
3850.12 0.0008 0.00   0.19   3.5  3.5
3850.13 0.0008 0.00   0.20   3.4  3.4
3850.14 0.0007 0.00   0.20   3.3  3.3
3850.15 0.0007 0.00   0.20   3.3  3.3
3850.16 0.0007 0.00   0.19   3.2  3.2
3850.17 0.0006 0.00   0.18   3.1  3.1
3850.18 0.0006 0.00   0.20   3.0  3.0
3850.19 0.0006 0.00   0.19   3.0  3.0
3850.20 0.0006 0.00   0.17   3.0  3.0
3850.21 0.0006 0.00   0.15   2.9  2.9
3850.22 0.0006 0.00   0.13   2.9  2.9
3850.23 0.0006 0.00   0.12   2.9  2.9
3850.24 0.0006 0.00   0.11   2.8  2.8
3850.25 0.0006 0.01   0.10   2.7  2.6
3850.26 0.0005 0.02   0.09   2.6  2.5
3850.27 0.0005 0.02   0.08   2.6  2.4
3850.28 0.0006 0.02   0.09   2.5  2.4
3850.29 0.0006 0.02   0.08   2.4  2.3
3850.30 0.0006 0.02   0.10   2.4  2.3
3850.31 0.0006 0.03   0.10   2.4  2.2
3850.32 0.0006 0.04   0.10   2.4  2.1
3850.33 0.0006 0.05   0.10   2.4  2.1
3850.34 0.0006 0.05   0.10   2.3  2.1
3850.35 0.0006 0.06   0.10   2.2  1.9
3850.36 0.0006 0.07   0.10   2.0  1.6
3850.37 0.0006 0.08   0.10   2.0  1.5
3850.38 0.0007 0.08   0.11   1.8  1.4
3850.39 0.0007 0.09   0.10   1.7  1.2
3850.40 0.0007 0.10   0.09   1.6  1.0
3850.41 0.0006 0.11   0.09   1.6  1.0
3850.42 0.0007 0.11   0.08   1.7  1.0
3850.43 0.0007 0.12   0.07   1.6  0.9
3850.44 0.0007 0.13   0.06   1.6  0.8
3850.45 0.0006 0.13   0.05   1.6  0.8
3850.46 0.0007 0.11   0.06   1.6  0.9
3850.47 0.0007 0.12   0.07   1.6  0.9
3850.48 0.0007 0.12   0.08   1.5  0.8
3850.49 0.0007 0.12   0.06   1.6  0.9
3850.50 0.0007 0.12   0.06   1.6  0.9
3850.51 0.0006 0.12   0.07   1.6  0.9
3850.52 0.0006 0.13   0.08   1.5  0.8
3850.53 0.0006 0.13   0.08   1.5  0.8
3850.54 0.0007 0.12   0.08   1.4  0.8
3850.55 0.0007 0.11   0.09   1.4  0.8
3850.56 0.0007 0.10   0.09   1.5  0.9
3850.57 0.0007 0.09   0.09   1.6  1.1
3850.58 0.0007 0.09   0.07   1.6  1.1
3850.59 0.0007 0.09   0.07   1.6  1.1
3850.60 0.0007 0.08   0.08   1.6  1.2
3850.61 0.0007 0.09   0.08   1.7  1.2
3850.62 0.0007 0.09   0.07   1.7  1.2
3850.63 0.0007 0.08   0.09   1.7  1.2
3850.64 0.0007 0.07   0.09   1.7  1.3
3850.65 0.0007 0.06   0.09   1.7  1.3
3850.66 0.0007 0.05   0.09   1.7  1.4
3850.67 0.0007 0.03   0.09   1.7  1.5
3850.68 0.0008 0.03   0.09   1.7  1.5
3850.69 0.0008 0.02   0.08   1.6  1.5
3850.70 0.0008 0.02   0.08   1.7  1.5
3850.71 0.0008 0.01   0.08   1.7  1.6
3850.72 0.0008 0.01   0.08   1.6  1.6
3850.73 0.0008 0.01   0.07   1.5  1.5
3850.74 0.0009 0.00   0.08   1.5  1.5
3850.75 0.0009 0.00   0.09   1.4  1.4
3850.76 0.0009 0.00   0.09   1.4  1.4
3850.77 0.0009 0.00   0.09   1.4  1.4
3850.78 0.0009 0.00   0.09   1.5  1.5
3850.79 0.0009 0.00   0.09   1.6  1.6
3850.80 0.0009 0.00   0.09   1.4  1.4
3850.81 0.0010 0.00   0.09   1.4  1.4
3850.82 0.0010 0.00   0.09   1.4  1.4
3850.83 0.0010 0.00   0.10   1.4  1.4
3850.84 0.0009 0.00   0.11   1.4  1.4
3850.85 0.0009 0.00   0.11   1.5  1.5
3850.86 0.0009 0.00   0.11   1.5  1.5
3850.87 0.0009 0.00   0.12   1.5  1.5
3850.88 0.0009 0.00   0.12   1.4  1.4
3850.89 0.0009 0.01   0.12   1.4  1.3
3850.90 0.0009 0.02   0.12   1.4  1.3
3850.91 0.0009 0.02   0.12   1.4  1.3
3850.92 0.0009 0.01   0.11   1.3  1.3
3850.93 0.0009 0.01   0.10   1.3  1.3
3850.94 0.0008 0.00   0.09   1.4  1.4
3850.95 0.0008 0.01   0.08   1.4  1.4
3850.96 0.0008 0.01   0.08   1.4  1.4
3850.97 0.0008 0.01   0.08   1.5  1.5
3850.98 0.0008 0.00   0.08   1.6  1.6
3850.99 0.0008 0.00   0.08   1.6  1.6
3851.00 0.0008 0.00   0.10   1.6  1.6
3851.01 0.0007 0.00   0.11   1.7  1.6
3851.02 0.0007 0.00   0.13   1.6  1.6
3851.03 0.0007 0.01   0.13   1.6  1.6
3851.04 0.0007 0.00   0.13   1.7  1.7
3851.05 0.0007 0.00   0.15   1.8  1.7
3851.06 0.0006 0.00   0.15   1.7  1.7
3851.07 0.0006 0.00   0.14   1.8  1.8
3851.08 0.0006 0.00   0.14   1.8  1.8
3851.09 0.0007 0.01   0.14   1.8  1.7
3851.10 0.0006 0.01   0.15   1.8  1.7
3851.11 0.0006 0.00   0.15   1.8  1.7
3851.12 0.0006 0.00   0.15   1.8  1.8
3851.13 0.0006 0.01   0.14   1.8  1.7
3851.14 0.0006 0.01   0.15   1.9  1.8
3851.15 0.0006 0.01   0.15   1.9  1.8
3851.16 0.0006 0.01   0.15   1.8  1.7
3851.17 0.0006 0.02   0.15   1.8  1.7
3851.18 0.0006 0.03   0.15   1.8  1.6
3851.19 0.0006 0.03   0.15   1.7  1.5
3851.20 0.0006 0.03   0.16   1.7  1.5
3851.21 0.0006 0.03   0.15   1.7  1.5
3851.22 0.0006 0.04   0.16   1.6  1.4
3851.23 0.0006 0.05   0.16   1.6  1.3
3851.24 0.0006 0.06   0.16   1.6  1.3
3851.25 0.0006 0.06   0.17   1.6  1.3
3851.26 0.0006 0.06   0.17   1.6  1.3
3851.27 0.0007 0.07   0.16   1.5  1.2
3851.28 0.0007 0.08   0.14   1.6  1.1
3851.29 0.0007 0.08   0.14   1.6  1.2
3851.30 0.0007 0.09   0.14   1.5  1.1
3851.31 0.0007 0.09   0.14   1.5  1.0
3851.32 0.0007 0.09   0.13   1.5  1.1
3851.33 0.0007 0.09   0.11   1.5  1.0
3851.34 0.0008 0.10   0.11   1.4  0.9
3851.35 0.0008 0.10   0.11   1.4  0.9
3851.36 0.0007 0.11   0.11   1.3  0.8
3851.37 0.0008 0.11   0.11   1.3  0.7
3851.38 0.0008 0.11   0.12   1.3  0.7
3851.39 0.0008 0.11   0.12   1.2  0.6
3851.40 0.0008 0.12   0.11   1.2  0.6
3851.41 0.0008 0.13   0.09   1.1  0.5
3851.42 0.0008 0.12   0.10   1.1  0.4
3851.43 0.0008 0.11   0.10   1.1  0.5
3851.44 0.0008 0.11   0.10   1.1  0.5
3851.45 0.0008 0.11   0.11   1.1  0.5
3851.46 0.0008 0.11   0.10   1.0  0.5
3851.47 0.0008 0.11   0.09   1.0  0.5
3851.48 0.0008 0.10   0.09   1.0  0.5
3851.49 0.0009 0.10   0.09   1.0  0.5
3851.50 0.0009 0.09   0.10   1.1  0.6
3851.51 0.0009 0.09   0.09   1.0  0.6
3851.52 0.0009 0.08   0.09   1.1  0.6
3851.53 0.0009 0.08   0.09   1.0  0.6
3851.54 0.0010 0.07   0.10   1.0  0.7
3851.55 0.0010 0.06   0.11   1.4  1.0
3851.56 0.0010 0.07   0.11   1.5  1.1
3851.57 0.0009 0.07   0.10   1.0  0.7
3851.58 0.0009 0.06   0.10   1.0  0.7
3851.59 0.0010 0.06   0.11   1.9  1.6
3851.60 0.0010 0.06   0.12   3.3  3.0
3851.61 0.0010 0.06   0.10   2.1  1.7
3851.62 0.0010 0.07   0.09   2.3  1.9
3851.63 0.0010 0.06   0.10   2.7  2.4
3851.64 0.0010 0.06   0.10   2.8  2.5
3851.65 0.0010 0.06   0.10   2.7  2.4
3851.66 0.0010 0.06   0.11   2.7  2.4
3851.67 0.0010 0.06   0.11   2.9  2.6
3851.68 0.0010 0.05   0.12   2.3  2.0
3851.69 0.0010 0.05   0.12   1.8  1.5
3851.70 0.0010 0.05   0.12   2.3  2.1
3851.71 0.0010 0.05   0.12   1.6  1.3
3851.72 0.0010 0.04   0.12   1.0  0.9
3851.73 0.0011 0.03   0.14   1.3  1.2
3851.74 0.0011 0.04   0.13   2.2  2.0
3851.75 0.0011 0.04   0.13   2.2  2.0
3851.76 0.0010 0.05   0.13   2.3  2.0
3851.77 0.0011 0.05   0.13   2.7  2.4
3851.78 0.0011 0.03   0.14   3.6  3.4
3851.79 0.0011 0.03   0.14   3.7  3.5
3851.80 0.0011 0.04   0.14   3.5  3.3
3851.81 0.0011 0.04   0.15   4.5  4.3
3851.82 0.0010 0.04   0.14   4.3  4.1
3851.83 0.0010 0.03   0.14   4.3  4.1
3851.84 0.0010 0.03   0.15   4.5  4.4
3851.85 0.0011 0.04   0.17   5.3  5.1
3851.86 0.0012 0.03   0.19   5.7  5.5
3851.87 0.0012 0.03   0.18   5.4  5.3
3851.88 0.0013 0.03   0.21   6.0  5.9
3851.89 0.0014 0.04   0.24   6.6  6.4
3851.90 0.0015 0.05   0.27   7.1  6.9
3851.91 0.0019 0.05   0.32   8.1  7.9
3851.92 0.0019 0.05   0.35   8.5  8.2
3851.93 0.0021 0.05   0.39   9.1  8.8
3851.94 0.0020 0.05   0.39   8.8  8.5
3851.95 0.0020 0.05   0.37   8.7  8.4
3851.96 0.0018 0.05   0.33   7.9  7.7
3851.97 0.0018 0.04   0.32   8.0  7.9
3851.98 0.0018 0.04   0.32   7.9  7.7
3851.99 0.0019 0.03   0.34   8.4  8.2
3852.00 0.0023 0.02   0.36   9.4  9.2
3852.01 0.0025 0.03   0.38   9.7  9.5
3852.02 0.0024 0.03   0.38   9.2  9.1
3852.03 0.0026 0.04   0.43   10.3  10.1
3852.04 0.0027 0.05   0.46   10.5  10.2
3852.05 0.0027 0.04   0.45   10.2  10.0
3852.06 0.0027 0.04   0.46   10.1  9.9
3852.07 0.0028 0.02   0.45   10.1  9.9
3852.08 0.0025 0.04   0.41   9.3  9.1
3852.09 0.0024 0.05   0.42   9.3  9.0
3852.10 0.0023 0.06   0.42   9.2  8.8
3852.11 0.0024 0.06   0.44   9.5  9.1
3852.12 0.0021 0.04   0.36   8.1  7.8
3852.13 0.0018 0.04   0.32   7.4  7.1
3852.14 0.0016 0.06   0.30   7.4  7.0
3852.15 0.0015 0.07   0.26   6.8  6.3
3852.16 0.0014 0.06   0.23   6.3  5.9
3852.17 0.0014 0.08   0.23   6.6  6.1
3852.18 0.0013 0.09   0.20   6.4  5.7
3852.19 0.0012 0.07   0.18   5.7  5.2
3852.20 0.0011 0.07   0.16   5.3  4.8
3852.21 0.0009 0.06   0.13   4.3  3.9
3852.22 0.0008 0.05   0.13   2.9  2.6
3852.23 0.0008 0.04   0.12   1.9  1.6
3852.24 0.0008 0.04   0.11   1.4  1.1
3852.25 0.0008 0.04   0.10   1.0  0.7
3852.26 0.0008 0.03   0.11   1.9  1.7
3852.27 0.0008 0.02   0.11   1.5  1.3
3852.28 0.0008 0.03   0.11   1.1  0.9
3852.29 0.0008 0.02   0.11   1.1  0.9
3852.30 0.0008 0.03   0.10   1.2  1.0
3852.31 0.0008 0.03   0.11   1.2  1.0
3852.32 0.0008 0.02   0.11   1.1  0.9
3852.33 0.0008 0.02   0.11   1.2  1.1
3852.34 0.0008 0.02   0.11   1.2  1.1
3852.35 0.0008 0.02   0.12   1.3  1.1
3852.36 0.0008 0.02   0.12   1.3  1.2
3852.37 0.0009 0.01   0.12   1.3  1.3
3852.38 0.0009 0.01   0.12   1.3  1.3
3852.39 0.0009 0.02   0.12   1.4  1.3
3852.40 0.0009 0.02   0.12   1.4  1.3
3852.41 0.0009 0.02   0.12   1.5  1.4
3852.42 0.0008 0.01   0.13   1.5  1.4
3852.43 0.0008 0.01   0.13   1.5  1.4
3852.44 0.0008 0.00   0.13   1.5  1.4
3852.45 0.0008 0.00   0.13   1.5  1.5
3852.46 0.0008 0.00   0.12   1.6  1.6
3852.47 0.0008 0.00   0.12   1.6  1.6
3852.48 0.0008 0.00   0.13   1.7  1.7
3852.49 0.0007 0.00   0.13   1.8  1.8
3852.50 0.0007 0.00   0.12   1.9  1.9
3852.51 0.0007 0.00   0.12   1.9  1.9
3852.52 0.0007 0.00   0.12   1.9  1.9
3852.53 0.0007 0.00   0.11   1.9  1.9
3852.54 0.0007 0.01   0.12   2.0  1.9
3852.55 0.0007 0.00   0.12   1.9  1.9
3852.56 0.0006 0.01   0.12   2.0  1.9
3852.57 0.0006 0.02   0.12   2.0  1.9
3852.58 0.0006 0.02   0.12   2.0  1.9
3852.59 0.0006 0.02   0.12   2.0  1.9
3852.60 0.0006 0.02   0.11   2.0  1.8
3852.61 0.0006 0.03   0.09   2.1  1.9
3852.62 0.0005 0.03   0.09   2.2  2.0
3852.63 0.0006 0.03   0.09   2.2  2.0
3852.64 0.0005 0.03   0.08   2.3  2.1
3852.65 0.0005 0.02   0.08   2.4  2.3
3852.66 0.0005 0.02   0.08   2.5  2.4
3852.67 0.0005 0.01   0.09   2.5  2.4
3852.68 0.0005 0.01   0.09   2.5  2.4
3852.69 0.0006 0.00   0.09   2.5  2.5
3852.70 0.0006 0.00   0.08   2.5  2.5
3852.71 0.0007 0.00   0.07   2.6  2.6
3852.72 0.0007 0.00   0.06   2.7  2.7
3852.73 0.0008 0.00   0.07   2.8  2.8
3852.74 0.0008 0.00   0.06   2.8  2.8
3852.75 0.0008 0.00   0.06   2.8  2.8
3852.76 0.0008 0.00   0.06   2.9  2.9
3852.77 0.0008 0.00   0.06   2.9  2.9
3852.78 0.0009 0.00   0.04   3.0  3.0
3852.79 0.0010 0.00   0.03   3.0  3.0
3852.80 0.0010 0.00   0.03   3.0  3.0
3852.81 0.0011 0.00   0.01   3.1  3.1
3852.82 0.0011 0.00   0.00   3.2  3.2
3852.83 0.0011 0.00   0.00   3.1  3.1
3852.84 0.0011 0.00   0.00   3.2  3.2
3852.85 0.0012 0.00   0.00   3.3  3.3
3852.86 0.0013 0.00   0.00   3.3  3.3
3852.87 0.0013 0.00   0.00   3.3  3.3
3852.88 0.0013 0.00   0.00   3.3  3.3
3852.89 0.0014 0.00   0.00   3.5  3.5
3852.90 0.0017 0.00   0.00   3.6  3.6
3852.91 0.0018 0.00   0.00   3.6  3.6
3852.92 0.0019 0.00   0.00   3.7  3.7
3852.93 0.0020 0.00   0.00   3.8  3.8
3852.94 0.0022 0.00   0.02   3.8  3.8
3852.95 0.0020 0.00   0.08   3.8  3.8
3852.96 0.0021 0.00   0.10   3.9  3.9
3852.97 0.0024 0.00   0.12   3.9  3.9
3852.98 0.0025 0.00   0.17   3.9  3.9
3852.99 0.0025 0.00   0.21   4.0  4.0
3853.00 0.0023 0.00   0.28   4.0  4.0
3853.01 0.0024 0.00   0.32   4.1  4.1
3853.02 0.0026 0.00   0.45   4.2  4.2
3853.03 0.0026 0.00   0.53   4.2  4.2
3853.04 0.0023 0.00   0.50   4.2  4.2
3853.05 0.0023 0.00   0.48   4.2  4.2
3853.06 0.0026 0.00   0.52   4.3  4.3
3853.07 0.0025 0.00   0.48   4.2  4.2
3853.08 0.0022 0.00   0.45   4.2  4.2
3853.09 0.0021 0.00   0.41   4.2  4.2
3853.10 0.0022 0.00   0.45   4.2  4.2
3853.11 0.0024 0.00   0.55   4.2  4.2
3853.12 0.0025 0.00   0.63   4.2  4.2
3853.13 0.0025 0.00   0.72   4.1  4.1
3853.14 0.0024 0.00   0.76   4.1  4.1
3853.15 0.0024 0.00   0.80   4.2  4.2
3853.16 0.0020 0.00   0.75   4.1  4.1
3853.17 0.0015 0.00   0.54   4.1  4.1
3853.18 0.0014 0.00   0.46   4.1  4.1
3853.19 0.0013 0.00   0.45   4.1  4.1
3853.20 0.0014 0.00   0.41   4.1  4.1
3853.21 0.0013 0.00   0.37   4.0  4.0
3853.22 0.0012 0.00   0.35   4.0  4.0
3853.23 0.0012 0.00   0.35   4.0  4.0
3853.24 0.0011 0.00   0.38   4.0  4.0
3853.25 0.0011 0.00   0.41   4.0  4.0
3853.26 0.0011 0.00   0.39   4.0  4.0
3853.27 0.0012 0.00   0.35   4.0  4.0
3853.28 0.0012 0.00   0.32   4.0  4.0
3853.29 0.0012 0.00   0.28   4.0  4.0
3853.30 0.0012 0.00   0.28   4.1  4.1
3853.31 0.0013 0.00   0.29   4.1  4.1
3853.32 0.0013 0.00   0.29   4.1  4.1
3853.33 0.0014 0.00   0.27   4.1  4.1
3853.34 0.0015 0.00   0.27   4.1  4.1
3853.35 0.0015 0.00   0.28   4.0  4.0
3853.36 0.0013 0.04   0.25   4.0  3.7
3853.37 0.0012 0.06   0.23   4.0  3.6
3853.38 0.0012 0.06   0.29   4.0  3.7
3853.39 0.0011 0.05   0.32   4.1  3.8
3853.40 0.0011 0.06   0.36   4.2  3.8
3853.41 0.0010 0.08   0.33   4.2  3.7
3853.42 0.0010 0.05   0.32   4.1  3.8
3853.43 0.0010 0.03   0.32   4.1  3.9
3853.44 0.0011 0.01   0.38   4.1  4.1
3853.45 0.0010 0.00   0.43   4.2  4.1
3853.46 0.0010 0.00   0.44   4.2  4.1
3853.47 0.0011 0.00   0.52   4.2  4.2
3853.48 0.0011 0.01   0.63   4.2  4.2
3853.49 0.0009 0.06   0.66   4.2  3.8
3853.50 0.0007 0.11   0.63   4.2  3.6
3853.51 0.0006 0.15   0.60   4.2  3.4
3853.52 0.0007 0.17   0.53   4.2  3.3
3853.53 0.0006 0.15   0.51   4.2  3.3
3853.54 0.0007 0.14   0.49   4.2  3.4
3853.55 0.0008 0.12   0.51   4.1  3.5
3853.56 0.0009 0.10   0.55   4.1  3.6
3853.57 0.0009 0.08   0.49   4.1  3.6
3853.58 0.0011 0.04   0.59   4.1  3.8
3853.59 0.0010 0.04   0.65   4.1  3.9
3853.60 0.0010 0.03   0.77   4.1  3.9
3853.61 0.0009 0.01   0.82   4.0  4.0
3853.62 0.0009 0.00   0.80   4.0  4.0
3853.63 0.0008 0.00   0.80   4.0  4.0
3853.64 0.0008 0.00   0.80   4.0  3.9
3853.65 0.0008 0.00   0.80   3.9  3.9
3853.66 0.0007 0.00   0.92   4.0  4.0
3853.67 0.0007 0.00   0.92   4.0  4.0
3853.68 0.0008 0.00   0.87   3.9  3.9
3853.69 0.0009 0.00   0.75   3.9  3.9
3853.70 0.0009 0.00   0.64   3.8  3.8
3853.71 0.0009 0.00   0.64   3.8  3.8
3853.72 0.0009 0.00   0.60   3.8  3.8
3853.73 0.0010 0.00   0.57   3.8  3.8
3853.74 0.0012 0.00   0.54   3.8  3.8
3853.75 0.0013 0.00   0.47   3.9  3.9
3853.76 0.0012 0.00   0.42   3.9  3.9
3853.77 0.0013 0.00   0.39   3.9  3.9
3853.78 0.0013 0.00   0.32   3.9  3.9
3853.79 0.0013 0.00   0.28   4.0  4.0
3853.80 0.0014 0.00   0.24   3.9  3.9
3853.81 0.0014 0.00   0.24   3.9  3.9
3853.82 0.0015 0.00   0.28   4.0  4.0
3853.83 0.0017 0.00   0.32   4.1  4.1
3853.84 0.0017 0.00   0.33   4.1  4.1
3853.85 0.0017 0.00   0.30   4.1  4.1
3853.86 0.0016 0.00   0.31   4.1  4.1
3853.87 0.0017 0.00   0.32   4.2  4.2
3853.88 0.0018 0.00   0.39   4.2  4.2
3853.89 0.0018 0.00   0.37   4.1  4.1
3853.90 0.0018 0.00   0.33   4.0  4.0
3853.91 0.0017 0.00   0.24   3.9  3.9
3853.92 0.0016 0.00   0.17   3.8  3.8
3853.93 0.0015 0.00   0.14   3.8  3.8
3853.94 0.0014 0.00   0.13   3.8  3.8
3853.95 0.0014 0.00   0.13   3.7  3.7
3853.96 0.0014 0.00   0.11   3.7  3.7
3853.97 0.0013 0.00   0.15   3.7  3.7
3853.98 0.0012 0.00   0.20   3.6  3.6
3853.99 0.0011 0.00   0.22   3.6  3.6
3854.00 0.0010 0.00   0.25   3.5  3.5
3854.01 0.0009 0.00   0.27   3.5  3.5
3854.02 0.0009 0.00   0.26   3.4  3.4
3854.03 0.0008 0.00   0.26   3.4  3.4
3854.04 0.0008 0.00   0.25   3.3  3.3
3854.05 0.0007 0.00   0.24   3.2  3.2
3854.06 0.0006 0.00   0.20   3.0  3.0
3854.07 0.0006 0.00   0.18   2.9  2.9
3854.08 0.0006 0.00   0.17   2.8  2.8
3854.09 0.0006 0.00   0.16   2.7  2.7
3854.10 0.0005 0.00   0.14   2.6  2.6
3854.11 0.0005 0.00   0.12   2.5  2.5
3854.12 0.0005 0.00   0.13   2.5  2.5
3854.13 0.0005 0.00   0.12   2.5  2.5
3854.14 0.0005 0.00   0.10   2.2  2.2
3854.15 0.0005 0.00   0.11   2.1  2.0
3854.16 0.0006 0.00   0.09   1.9  1.9
3854.17 0.0006 0.01   0.09   1.9  1.8
3854.18 0.0006 0.01   0.09   1.8  1.7
3854.19 0.0007 0.03   0.08   1.7  1.5
3854.20 0.0007 0.03   0.08   1.7  1.5
3854.21 0.0007 0.02   0.09   1.6  1.5
3854.22 0.0007 0.02   0.10   1.6  1.5
3854.23 0.0007 0.02   0.10   1.6  1.4
3854.24 0.0008 0.03   0.11   1.4  1.2
3854.25 0.0008 0.02   0.11   1.3  1.2
3854.26 0.0008 0.02   0.11   1.4  1.3
3854.27 0.0008 0.02   0.12   1.3  1.2
3854.28 0.0009 0.02   0.11   1.3  1.2
3854.29 0.0009 0.02   0.10   1.3  1.1
3854.30 0.0009 0.03   0.09   1.2  1.0
3854.31 0.0009 0.03   0.09   1.2  1.0
3854.32 0.0010 0.03   0.09   1.1  0.9
3854.33 0.0010 0.04   0.09   1.1  0.8
3854.34 0.0010 0.04   0.09   1.0  0.8
3854.35 0.0010 0.04   0.09   1.1  0.8
3854.36 0.0010 0.03   0.08   1.0  0.8
3854.37 0.0010 0.03   0.09   1.1  0.9
3854.38 0.0010 0.02   0.09   1.0  0.9
3854.39 0.0010 0.01   0.09   1.0  1.0
3854.40 0.0010 0.00   0.09   1.0  1.0
3854.41 0.0010 0.01   0.09   1.1  1.0
3854.42 0.0010 0.01   0.09   1.1  1.0
3854.43 0.0010 0.01   0.10   1.1  1.1
3854.44 0.0010 0.02   0.10   1.1  1.0
3854.45 0.0010 0.02   0.11   1.5  1.4
3854.46 0.0010 0.02   0.11   1.2  1.0
3854.47 0.0010 0.02   0.11   1.0  0.9
3854.48 0.0010 0.02   0.12   1.0  0.9
3854.49 0.0010 0.01   0.13   1.0  1.0
3854.50 0.0009 0.01   0.12   1.5  1.4
3854.51 0.0009 0.01   0.13   1.0  1.0
3854.52 0.0009 0.01   0.13   1.4  1.3
3854.53 0.0009 0.01   0.13   1.5  1.4
3854.54 0.0010 0.01   0.11   1.4  1.3
3854.55 0.0010 0.01   0.11   1.7  1.7
3854.56 0.0009 0.02   0.10   1.1  1.0
3854.57 0.0009 0.02   0.10   1.0  0.9
3854.58 0.0009 0.02   0.11   1.0  0.9
3854.59 0.0009 0.02   0.11   1.4  1.3
3854.60 0.0009 0.02   0.11   1.4  1.2
3854.61 0.0009 0.03   0.11   1.3  1.2
3854.62 0.0009 0.03   0.10   1.6  1.4
3854.63 0.0008 0.05   0.09   1.6  1.4
3854.64 0.0009 0.05   0.08   1.7  1.4
3854.65 0.0009 0.05   0.08   2.2  2.0
3854.66 0.0009 0.05   0.08   2.1  1.8
3854.67 0.0009 0.05   0.08   3.3  3.0
3854.68 0.0009 0.05   0.08   3.4  3.0
3854.69 0.0009 0.06   0.08   3.3  2.9
3854.70 0.0009 0.07   0.06   4.0  3.6
3854.71 0.0008 0.08   0.07   4.1  3.6
3854.72 0.0010 0.08   0.08   4.7  4.2
3854.73 0.0011 0.10   0.09   5.2  4.6
3854.74 0.0011 0.09   0.09   5.1  4.5
3854.75 0.0011 0.09   0.09   5.1  4.5
3854.76 0.0011 0.11   0.07   5.2  4.6
3854.77 0.0011 0.11   0.06   5.1  4.5
3854.78 0.0010 0.10   0.08   5.0  4.4
3854.79 0.0011 0.11   0.09   5.4  4.7
3854.80 0.0012 0.11   0.09   5.7  5.0
3854.81 0.0013 0.12   0.10   6.0  5.3
3854.82 0.0015 0.12   0.13   6.6  5.9
3854.83 0.0017 0.14   0.16   7.6  6.8
3854.84 0.0017 0.16   0.17   7.7  6.8
3854.85 0.0016 0.16   0.16   7.1  6.3
3854.86 0.0014 0.14   0.13   6.6  5.8
3854.87 0.0017 0.15   0.16   7.6  6.8
3854.88 0.0016 0.16   0.14   7.1  6.2
3854.89 0.0017 0.17   0.13   7.5  6.6
3854.90 0.0019 0.20   0.14   8.3  7.2
3854.91 0.0018 0.19   0.15   8.1  7.1
3854.92 0.0018 0.18   0.14   7.9  7.0
3854.93 0.0017 0.16   0.14   7.6  6.7
3854.94 0.0015 0.13   0.14   6.7  6.0
3854.95 0.0013 0.11   0.14   6.1  5.5
3854.96 0.0011 0.08   0.12   5.2  4.8
3854.97 0.0010 0.08   0.11   4.4  4.0
3854.98 0.0010 0.08   0.11   4.8  4.3
3854.99 0.0011 0.08   0.10   4.7  4.2
3855.00 0.0011 0.08   0.11   3.7  3.2
3855.01 0.0011 0.09   0.11   3.7  3.3
3855.02 0.0011 0.09   0.12   4.0  3.5
3855.03 0.0011 0.10   0.13   4.1  3.6
3855.04 0.0011 0.10   0.14   5.3  4.8
3855.05 0.0010 0.10   0.14   4.8  4.3
3855.06 0.0011 0.08   0.15   5.4  4.9
3855.07 0.0011 0.08   0.17   5.8  5.4
3855.08 0.0013 0.07   0.18   6.1  5.7
3855.09 0.0014 0.08   0.19   6.6  6.2
3855.10 0.0015 0.08   0.18   6.7  6.2
3855.11 0.0015 0.08   0.18   6.7  6.2
3855.12 0.0011 0.05   0.12   5.0  4.7
3855.13 0.0010 0.06   0.12   5.0  4.6
3855.14 0.0011 0.06   0.11   4.8  4.4
3855.15 0.0010 0.05   0.12   4.3  4.0
3855.16 0.0010 0.05   0.12   4.8  4.5
3855.17 0.0010 0.04   0.12   4.1  3.8
3855.18 0.0011 0.03   0.15   5.1  4.9
3855.19 0.0011 0.03   0.16   5.1  4.9
3855.20 0.0011 0.03   0.16   5.1  4.9
3855.21 0.0014 0.03   0.17   5.8  5.5
3855.22 0.0018 0.04   0.25   7.3  7.1
3855.23 0.0019 0.04   0.28   7.8  7.5
3855.24 0.0024 0.01   0.35   9.1  9.0
3855.25 0.0026 0.00   0.35   9.1  9.0
3855.26 0.0026 0.01   0.37   9.3  9.2
3855.27 0.0027 0.00   0.37   9.3  9.3
3855.28 0.0026 0.00   0.38   9.1  9.1
3855.29 0.0026 0.00   0.38   9.1  9.1
3855.30 0.0026 0.00   0.41   9.4  9.4
3855.31 0.0029 0.00   0.45   10.2  10.2
3855.32 0.0031 0.00   0.46   10.2  10.2
3855.33 0.0034 0.00   0.47   10.9  10.9
3855.34 0.0034 0.00   0.47   10.7  10.7
3855.35 0.0034 0.00   0.48   10.9  10.9
3855.36 0.0037 0.00   0.48   11.3  11.3
3855.37 0.0039 0.00   0.47   11.8  11.8
3855.38 0.0042 0.00   0.51   12.7  12.7
3855.39 0.0042 0.00   0.50   12.2  12.2
3855.40 0.0039 0.00   0.47   11.4  11.4
3855.41 0.0036 0.00   0.44   11.1  11.1
3855.42 0.0039 0.00   0.46   12.0  12.0
3855.43 0.0044 0.00   0.52   13.1  13.1
3855.44 0.0041 0.00   0.47   12.0  12.0
3855.45 0.0040 0.00   0.46   12.1  12.1
3855.46 0.0040 0.00   0.44   12.0  12.0
3855.47 0.0042 0.00   0.46   12.8  12.8
3855.48 0.0040 0.00   0.42   11.9  11.9
3855.49 0.0039 0.00   0.41   11.8  11.8
3855.50 0.0038 0.00   0.39   11.7  11.7
3855.51 0.0038 0.00   0.40   12.0  12.0
3855.52 0.0037 0.00   0.37   11.3  11.3
3855.53 0.0034 0.00   0.33   11.0  11.0
3855.54 0.0035 0.00   0.34   11.1  11.1
3855.55 0.0033 0.02   0.31   10.8  10.7
3855.56 0.0033 0.02   0.31   10.7  10.6
3855.57 0.0032 0.04   0.30   10.7  10.5
3855.58 0.0033 0.04   0.29   10.8  10.6
3855.59 0.0036 0.04   0.29   11.5  11.2
3855.60 0.0036 0.04   0.28   11.3  11.1
3855.61 0.0036 0.08   0.25   11.4  11.0
3855.62 0.0039 0.11   0.25   12.2  11.6
3855.63 0.0035 0.08   0.24   10.8  10.4
3855.64 0.0033 0.08   0.25   10.9  10.4
3855.65 0.0033 0.09   0.26   10.8  10.3
3855.66 0.0030 0.11   0.27   10.6  10.0
3855.67 0.0030 0.08   0.28   10.1  9.6
3855.68 0.0026 0.07   0.26   9.3  8.9
3855.69 0.0025 0.06   0.26   8.9  8.6
3855.70 0.0025 0.05   0.30   9.3  9.0
3855.71 0.0028 0.08   0.37   10.6  10.2
3855.72 0.0026 0.06   0.36   9.5  9.2
3855.73 0.0024 0.04   0.33   9.1  8.9
3855.74 0.0025 0.03   0.35   9.4  9.2
3855.75 0.0028 0.04   0.39   10.4  10.2
3855.76 0.0029 0.06   0.41   10.6  10.3
3855.77 0.0030 0.06   0.41   10.9  10.6
3855.78 0.0030 0.05   0.40   10.6  10.3
3855.79 0.0031 0.08   0.43   11.3  10.9
3855.80 0.0029 0.12   0.41   11.1  10.5
3855.81 0.0027 0.13   0.40   10.7  10.0
3855.82 0.0027 0.14   0.40   10.9  10.1
3855.83 0.0027 0.14   0.41   10.9  10.2
3855.84 0.0026 0.13   0.39   10.5  9.8
3855.85 0.0024 0.14   0.34   9.9  9.1
3855.86 0.0023 0.12   0.32   9.5  8.8
3855.87 0.0023 0.11   0.32   9.5  8.9
3855.88 0.0023 0.10   0.38   9.7  9.1
3855.89 0.0022 0.10   0.41   9.9  9.4
3855.90 0.0022 0.10   0.45   9.9  9.4
3855.91 0.0020 0.09   0.42   9.2  8.8
3855.92 0.0022 0.10   0.44   10.0  9.5
3855.93 0.0024 0.10   0.49   10.6  10.1
3855.94 0.0025 0.11   0.54   11.4  10.9
3855.95 0.0025 0.10   0.49   10.9  10.4
3855.96 0.0025 0.10   0.47   10.7  10.3
3855.97 0.0024 0.11   0.43   10.6  10.1
3855.98 0.0024 0.11   0.44   10.5  9.9
3855.99 0.0024 0.12   0.43   10.6  10.0
3856.00 0.0025 0.11   0.45   11.0  10.5
3856.01 0.0026 0.12   0.45   11.1  10.5
3856.02 0.0023 0.10   0.39   9.8  9.3
3856.03 0.0024 0.11   0.37   10.2  9.7
3856.04 0.0023 0.12   0.36   9.9  9.3
3856.05 0.0023 0.12   0.38   10.2  9.6
3856.06 0.0021 0.10   0.35   9.5  9.0
3856.07 0.0022 0.11   0.37   9.8  9.2
3856.08 0.0019 0.09   0.32   8.4  7.9
3856.09 0.0019 0.09   0.32   8.6  8.1
3856.10 0.0018 0.08   0.31   8.2  7.8
3856.11 0.0016 0.05   0.28   7.2  6.9
3856.12 0.0017 0.04   0.30   7.6  7.4
3856.13 0.0015 0.03   0.28   6.9  6.7
3856.14 0.0015 0.03   0.28   6.8  6.6
3856.15 0.0016 0.02   0.31   7.2  7.1
3856.16 0.0014 0.01   0.27   6.1  6.0
3856.17 0.0012 0.01   0.23   5.4  5.4
3856.18 0.0012 0.01   0.19   5.2  5.1
3856.19 0.0011 0.01   0.18   4.9  4.9
3856.20 0.0010 0.02   0.16   4.1  4.0
3856.21 0.0010 0.01   0.16   4.4  4.3
3856.22 0.0009 0.01   0.16   3.0  2.9
3856.23 0.0009 0.01   0.16   2.7  2.6
3856.24 0.0009 0.01   0.15   2.3  2.3
3856.25 0.0009 0.01   0.14   3.0  2.9
3856.26 0.0010 0.01   0.17   4.5  4.4
3856.27 0.0010 0.00   0.18   4.5  4.5
3856.28 0.0011 0.00   0.19   4.9  4.9
3856.29 0.0012 0.00   0.18   4.9  4.9
3856.30 0.0012 0.00   0.19   4.9  4.9
3856.31 0.0010 0.00   0.16   4.2  4.2
3856.32 0.0011 0.00   0.18   4.7  4.7
3856.33 0.0009 0.00   0.17   4.1  4.1
3856.34 0.0010 0.00   0.19   4.3  4.3
3856.35 0.0012 0.00   0.19   4.9  4.9
3856.36 0.0012 0.00   0.19   5.0  5.0
3856.37 0.0011 0.00   0.16   4.4  4.4
3856.38 0.0012 0.00   0.19   5.0  5.0
3856.39 0.0010 0.00   0.17   4.1  4.1
3856.40 0.0009 0.00   0.14   3.7  3.7
3856.41 0.0008 0.00   0.13   3.4  3.4
3856.42 0.0007 0.00   0.09   2.9  2.9
3856.43 0.0007 0.00   0.09   1.8  1.8
3856.44 0.0007 0.00   0.09   1.0  1.0
3856.45 0.0007 0.00   0.09   1.1  1.1
3856.46 0.0007 0.00   0.10   1.1  1.1
3856.47 0.0007 0.00   0.10   1.1  1.1
3856.48 0.0007 0.00   0.10   1.1  1.1
3856.49 0.0007 0.00   0.09   1.2  1.2
3856.50 0.0007 0.00   0.09   1.2  1.2
3856.51 0.0007 0.00   0.08   1.1  1.1
3856.52 0.0008 0.00   0.08   1.1  1.1
3856.53 0.0008 0.00   0.08   1.1  1.1
3856.54 0.0008 0.01   0.07   1.0  1.0
3856.55 0.0008 0.00   0.07   1.1  1.1
3856.56 0.0007 0.00   0.08   1.2  1.2
3856.57 0.0007 0.00   0.09   1.3  1.3
3856.58 0.0007 0.00   0.09   1.4  1.4
3856.59 0.0007 0.00   0.09   1.5  1.5
3856.60 0.0007 0.02   0.08   1.6  1.5
3856.61 0.0007 0.02   0.08   1.7  1.5
3856.62 0.0007 0.02   0.09   1.7  1.5
3856.63 0.0007 0.03   0.09   1.7  1.5
3856.64 0.0007 0.03   0.09   1.7  1.6
3856.65 0.0007 0.03   0.08   1.8  1.6
3856.66 0.0006 0.01   0.09   2.0  1.9
3856.67 0.0006 0.02   0.10   2.0  1.9
3856.68 0.0006 0.02   0.09   2.0  1.9
3856.69 0.0005 0.02   0.09   2.1  2.0
3856.70 0.0006 0.03   0.09   2.3  2.2
3856.71 0.0006 0.02   0.09   2.3  2.2
3856.72 0.0006 0.02   0.09   2.2  2.2
3856.73 0.0006 0.03   0.08   2.2  2.0
3856.74 0.0006 0.02   0.09   2.1  1.9
3856.75 0.0006 0.02   0.09   2.1  2.0
3856.76 0.0006 0.02   0.09   2.1  2.0
3856.77 0.0006 0.01   0.09   2.0  1.9
3856.78 0.0006 0.01   0.10   2.0  1.9
3856.79 0.0006 0.01   0.10   1.9  1.8
3856.80 0.0006 0.00   0.11   1.9  1.8
3856.81 0.0006 0.01   0.10   1.9  1.8
3856.82 0.0006 0.02   0.10   1.9  1.8
3856.83 0.0006 0.02   0.10   1.9  1.7
3856.84 0.0006 0.01   0.11   1.8  1.8
3856.85 0.0006 0.02   0.09   1.9  1.8
3856.86 0.0006 0.02   0.09   1.9  1.8
3856.87 0.0006 0.02   0.09   1.9  1.8
3856.88 0.0006 0.02   0.08   1.9  1.8
3856.89 0.0006 0.02   0.08   1.9  1.8
3856.90 0.0006 0.02   0.08   1.9  1.8
3856.91 0.0006 0.01   0.09   1.8  1.8
3856.92 0.0007 0.00   0.08   1.8  1.8
3856.93 0.0006 0.00   0.09   1.9  1.9
3856.94 0.0006 0.00   0.08   1.9  1.9
3856.95 0.0007 0.00   0.08   1.9  1.9
3856.96 0.0007 0.00   0.08   1.8  1.8
3856.97 0.0007 0.00   0.08   1.8  1.8
3856.98 0.0007 0.00   0.09   1.8  1.8
3856.99 0.0007 0.00   0.08   1.7  1.7
3857.00 0.0008 0.00   0.08   1.6  1.6
3857.01 0.0007 0.00   0.08   1.6  1.6
3857.02 0.0008 0.00   0.09   1.4  1.4
3857.03 0.0008 0.00   0.09   1.4  1.4
3857.04 0.0008 0.00   0.09   1.4  1.4
3857.05 0.0007 0.01   0.08   1.5  1.4
3857.06 0.0008 0.01   0.08   1.4  1.4
3857.07 0.0008 0.01   0.08   1.4  1.3
3857.08 0.0008 0.02   0.08   1.4  1.3
3857.09 0.0008 0.02   0.07   1.4  1.3
3857.10 0.0007 0.03   0.06   1.4  1.2
3857.11 0.0007 0.04   0.05   1.5  1.2
3857.12 0.0007 0.04   0.05   1.4  1.2
3857.13 0.0008 0.05   0.05   1.4  1.1
3857.14 0.0008 0.04   0.05   1.4  1.2
3857.15 0.0007 0.04   0.04   1.5  1.2
3857.16 0.0007 0.04   0.05   1.6  1.3
