ELM     V003.000SPECTRL V003.000
M0
sng                           
2_Baydin                      
dolb.21                       
12-02-2009
3353.00 0.0000 0.73   0.00   2.2  0.0
3353.01 0.0000 0.71   0.00   2.2  0.0
3353.02 0.0000 0.70   0.00   2.2  0.0
3353.03 0.0000 0.68   0.00   2.2  0.0
3353.04 0.0000 0.65   0.00   2.4  0.0
3353.05 0.0000 0.62   0.01   2.4  0.0
3353.06 0.0000 0.61   0.02   2.6  0.0
3353.07 0.0000 0.67   0.06   2.9  0.0
3353.08 0.0000 0.71   0.07   3.0  0.0
3353.09 0.0000 0.71   0.09   3.0  0.0
3353.10 0.0000 0.68   0.19   3.1  0.0
3353.11 0.0000 0.71   0.23   3.2  0.0
3353.12 0.0000 0.69   0.27   3.5  0.0
3353.13 0.0000 0.66   0.31   3.6  0.0
3353.14 0.0000 0.63   0.34   3.7  0.0
3353.15 0.0000 0.58   0.38   3.8  0.0
3353.16 0.0000 0.54   0.35   4.0  0.1
3353.17 0.0000 0.54   0.32   4.1  0.3
3353.18 0.0000 0.56   0.24   4.3  0.6
3353.19 0.0000 0.57   0.28   4.3  0.8
3353.20 0.0000 0.42   0.33   4.5  1.9
3353.21 0.0000 0.35   0.35   4.5  2.5
3353.22 0.0000 0.25   0.40   4.7  3.3
3353.23 0.0000 0.27   0.38   4.7  3.2
3353.24 0.0000 0.31   0.34   4.8  3.0
3353.25 0.0000 0.34   0.32   4.7  2.8
3353.26 0.0000 0.39   0.26   4.7  2.5
3353.27 0.0000 0.31   0.27   4.7  2.9
3353.28 0.0000 0.21   0.27   4.8  3.5
3353.29 0.0000 0.19   0.27   4.8  3.6
3353.30 0.0000 0.21   0.27   4.7  3.4
3353.31 0.0000 0.17   0.34   4.7  3.6
3353.32 0.0000 0.10   0.33   4.8  4.2
3353.33 0.0000 0.07   0.34   4.7  4.3
3353.34 0.0000 0.04   0.34   4.8  4.5
3353.35 0.0000 0.02   0.25   4.8  4.7
3353.36 0.0000 0.01   0.18   4.8  4.7
3353.37 0.0000 0.01   0.17   4.8  4.7
3353.38 0.0000 0.01   0.13   4.7  4.7
3353.39 0.0000 0.07   0.08   4.7  4.2
3353.40 0.0000 0.16   0.04   4.7  3.6
3353.41 0.0000 0.18   0.03   4.7  3.5
3353.42 0.0000 0.17   0.06   4.6  3.5
3353.43 0.0000 0.13   0.10   4.5  3.6
3353.44 0.0000 0.11   0.25   4.5  3.8
3353.45 0.0000 0.12   0.29   4.6  3.7
3353.46 0.0000 0.19   0.32   4.7  3.4
3353.47 0.0000 0.15   0.36   4.7  3.6
3353.48 0.0000 0.10   0.40   4.7  3.9
3353.49 0.0000 0.12   0.42   4.7  3.9
3353.50 0.0000 0.19   0.38   4.8  3.5
3353.51 0.0000 0.26   0.30   4.9  3.1
3353.52 0.0000 0.39   0.24   4.9  2.2
3353.53 0.0000 0.48   0.20   4.9  1.7
3353.54 0.0000 0.56   0.11   4.9  1.3
3353.55 0.0000 0.63   0.07   5.0  0.8
3353.56 0.0000 0.57   0.09   5.0  1.3
3353.57 0.0000 0.55   0.07   5.0  1.5
3353.58 0.0000 0.56   0.05   5.0  1.4
3353.59 0.0000 0.56   0.03   5.0  1.4
3353.60 0.0000 0.53   0.02   5.0  1.6
3353.61 0.0000 0.52   0.01   5.0  1.7
3353.62 0.0000 0.56   0.01   5.0  1.4
3353.63 0.0000 0.61   0.00   5.0  1.1
3353.64 0.0000 0.74   0.00   4.9  0.1
3353.65 0.0000 0.79   0.02   4.9  0.0
3353.66 0.0000 0.87   0.03   4.9  0.0
3353.67 0.0000 0.94   0.02   4.8  0.0
3353.68 0.0000 0.99   0.01   4.8  0.0
3353.69 0.0000 1.00   0.01   4.8  0.0
3353.70 0.0000 0.99   0.01   4.8  0.0
3353.71 0.0000 1.00   0.00   4.8  0.0
3353.72 0.0000 0.95   0.00   4.7  0.0
3353.73 0.0000 0.94   0.00   4.8  0.0
3353.74 0.0000 0.92   0.00   4.8  0.0
3353.75 0.0000 0.90   0.00   4.8  0.0
3353.76 0.0000 0.83   0.00   4.8  0.0
3353.77 0.0000 0.82   0.00   4.7  0.0
3353.78 0.0000 0.80   0.03   4.7  0.0
3353.79 0.0000 0.78   0.05   4.7  0.0
3353.80 0.0000 0.81   0.06   4.6  0.0
3353.81 0.0000 0.82   0.09   4.6  0.0
3353.82 0.0000 0.79   0.16   4.5  0.0
3353.83 0.0000 0.71   0.24   4.5  0.2
3353.84 0.0000 0.64   0.39   4.4  0.6
3353.85 0.0000 0.60   0.45   4.4  0.8
3353.86 0.0000 0.68   0.48   4.4  0.4
3353.87 0.0000 0.75   0.48   4.5  0.0
3353.88 0.0000 0.74   0.46   4.5  0.2
3353.89 0.0000 0.73   0.45   4.4  0.2
3353.90 0.0000 0.72   0.44   4.4  0.3
3353.91 0.0000 0.75   0.45   4.5  0.3
3353.92 0.0000 0.79   0.48   4.5  0.1
3353.93 0.0000 0.81   0.48   4.5  0.0
3353.94 0.0000 0.90   0.44   4.4  0.0
3353.95 0.0000 0.92   0.43   4.5  0.0
3353.96 0.0000 0.90   0.52   4.5  0.0
3353.97 0.0000 0.85   0.60   4.5  0.0
3353.98 0.0000 0.85   0.67   4.4  0.0
3353.99 0.0000 0.82   0.78   4.5  0.2
3354.00 0.0000 0.78   0.81   4.5  0.4
3354.01 0.0000 0.77   0.78   4.6  0.6
3354.02 0.0000 0.74   0.75   4.6  0.8
3354.03 0.0000 0.75   0.76   4.7  0.7
3354.04 0.0000 0.78   0.74   4.6  0.5
3354.05 0.0000 0.72   0.66   4.6  0.8
3354.06 0.0000 0.68   0.60   4.5  1.0
3354.07 0.0000 0.68   0.54   4.5  1.0
3354.08 0.0000 0.70   0.50   4.5  0.8
3354.09 0.0000 0.72   0.51   4.5  0.7
3354.10 0.0000 0.84   0.49   4.5  0.1
3354.11 0.0000 0.90   0.40   4.5  0.0
3354.12 0.0000 0.91   0.38   4.5  0.0
3354.13 0.0000 0.91   0.31   4.5  0.0
3354.14 0.0000 0.90   0.27   4.4  0.0
3354.15 0.0000 0.82   0.20   4.4  0.1
3354.16 0.0000 0.81   0.20   4.4  0.2
3354.17 0.0000 0.81   0.16   4.4  0.1
3354.18 0.0000 0.93   0.14   4.5  0.0
3354.19 0.0000 0.93   0.16   4.4  0.0
3354.20 0.0000 0.91   0.16   4.4  0.0
3354.21 0.0000 0.91   0.20   4.5  0.0
3354.22 0.0000 0.98   0.27   4.5  0.0
3354.23 0.0000 0.99   0.33   4.5  0.0
3354.24 0.0000 1.04   0.37   4.5  0.0
3354.25 0.0000 1.10   0.42   4.6  0.0
3354.26 0.0000 1.12   0.47   4.6  0.0
3354.27 0.0000 1.18   0.43   4.6  0.0
3354.28 0.0000 1.20   0.41   4.7  0.0
3354.29 0.0000 1.16   0.40   4.8  0.0
3354.30 0.0000 1.11   0.41   4.8  0.0
3354.31 0.0000 1.11   0.39   4.8  0.0
3354.32 0.0000 1.09   0.40   4.8  0.0
3354.33 0.0000 1.06   0.40   4.8  0.0
3354.34 0.0000 1.02   0.36   4.9  0.0
3354.35 0.0000 0.98   0.32   4.9  0.0
3354.36 0.0000 0.96   0.29   4.8  0.0
3354.37 0.0000 0.97   0.19   4.8  0.0
3354.38 0.0000 0.99   0.11   4.8  0.0
3354.39 0.0000 1.03   0.06   4.8  0.0
3354.40 0.0000 1.04   0.05   4.8  0.0
3354.41 0.0000 0.99   0.04   4.8  0.0
3354.42 0.0000 0.80   0.08   4.8  0.4
3354.43 0.0000 0.66   0.14   4.7  1.1
3354.44 0.0000 0.60   0.17   4.7  1.4
3354.45 0.0000 0.58   0.20   4.8  1.6
3354.46 0.0000 0.60   0.20   4.7  1.4
3354.47 0.0000 0.59   0.28   4.8  1.6
3354.48 0.0000 0.61   0.31   4.8  1.4
3354.49 0.0000 0.63   0.32   4.9  1.3
3354.50 0.0000 0.68   0.33   4.9  1.1
3354.51 0.0000 0.74   0.30   4.8  0.7
3354.52 0.0000 0.80   0.27   4.9  0.4
3354.53 0.0000 0.92   0.17   4.8  0.0
3354.54 0.0000 0.97   0.10   4.9  0.0
3354.55 0.0000 1.03   0.05   4.8  0.0
3354.56 0.0000 1.02   0.04   4.8  0.0
3354.57 0.0000 0.99   0.02   4.8  0.0
3354.58 0.0000 0.90   0.01   4.8  0.0
3354.59 0.0000 0.86   0.01   4.7  0.0
3354.60 0.0000 0.88   0.01   4.6  0.0
3354.61 0.0000 0.96   0.02   4.5  0.0
3354.62 0.0000 1.03   0.11   4.5  0.0
3354.63 0.0000 1.03   0.18   4.5  0.0
3354.64 0.0000 1.03   0.20   4.5  0.0
3354.65 0.0000 1.00   0.21   4.5  0.0
3354.66 0.0000 0.97   0.28   4.6  0.0
3354.67 0.0000 0.94   0.39   4.7  0.0
3354.68 0.0000 0.95   0.47   4.7  0.0
3354.69 0.0000 0.93   0.59   4.7  0.0
3354.70 0.0000 0.94   0.63   4.6  0.0
3354.71 0.0000 0.98   0.62   4.7  0.0
3354.72 0.0000 1.02   0.59   4.8  0.0
3354.73 0.0000 1.06   0.51   4.8  0.0
3354.74 0.0000 1.14   0.47   4.8  0.0
3354.75 0.0000 1.24   0.38   4.8  0.0
3354.76 0.0000 1.27   0.34   4.8  0.0
3354.77 0.0000 1.25   0.23   4.8  0.0
3354.78 0.0000 1.17   0.13   4.8  0.0
3354.79 0.0000 1.07   0.08   4.7  0.0
3354.80 0.0000 1.05   0.09   4.6  0.0
3354.81 0.0000 1.01   0.09   4.5  0.0
3354.82 0.0000 1.00   0.08   4.5  0.0
3354.83 0.0000 0.96   0.07   4.5  0.0
3354.84 0.0000 0.95   0.09   4.4  0.0
3354.85 0.0000 0.95   0.11   4.3  0.0
3354.86 0.0000 0.88   0.22   4.4  0.0
3354.87 0.0000 0.95   0.32   4.4  0.0
3354.88 0.0000 0.96   0.34   4.3  0.0
3354.89 0.0000 0.98   0.36   4.2  0.0
3354.90 0.0000 1.04   0.30   4.2  0.0
3354.91 0.0000 1.11   0.27   4.2  0.0
3354.92 0.0000 1.13   0.23   4.3  0.0
3354.93 0.0000 1.15   0.17   4.3  0.0
3354.94 0.0000 1.22   0.10   4.3  0.0
3354.95 0.0000 1.24   0.05   4.3  0.0
3354.96 0.0000 1.27   0.04   4.4  0.0
3354.97 0.0000 1.22   0.02   4.3  0.0
3354.98 0.0000 1.15   0.01   4.3  0.0
3354.99 0.0000 1.22   0.00   4.3  0.0
3355.00 0.0000 1.27   0.00   4.3  0.0
3355.01 0.0000 1.23   0.00   4.3  0.0
3355.02 0.0000 1.21   0.00   4.3  0.0
3355.03 0.0000 1.19   0.00   4.2  0.0
3355.04 0.0000 1.21   0.00   4.2  0.0
3355.05 0.0000 1.27   0.00   4.1  0.0
3355.06 0.0000 1.27   0.00   4.0  0.0
3355.07 0.0000 1.10   0.00   3.9  0.0
3355.08 0.0000 1.01   0.00   3.9  0.0
3355.09 0.0000 0.90   0.00   3.9  0.0
3355.10 0.0000 0.81   0.00   3.8  0.0
3355.11 0.0000 0.80   0.00   3.9  0.0
3355.12 0.0000 0.84   0.00   3.9  0.0
3355.13 0.0000 0.85   0.00   3.9  0.0
3355.14 0.0000 0.79   0.00   3.8  0.0
3355.15 0.0000 0.82   0.00   3.9  0.0
3355.16 0.0000 0.78   0.00   3.9  0.0
3355.17 0.0000 0.83   0.00   3.9  0.0
3355.18 0.0000 0.92   0.00   4.0  0.0
3355.19 0.0000 1.01   0.00   4.1  0.0
3355.20 0.0000 0.97   0.00   4.1  0.0
3355.21 0.0000 0.98   0.00   4.1  0.0
3355.22 0.0000 1.03   0.00   4.2  0.0
3355.23 0.0000 1.10   0.00   4.1  0.0
3355.24 0.0000 1.16   0.00   4.1  0.0
3355.25 0.0000 1.25   0.00   4.1  0.0
3355.26 0.0000 1.23   0.01   4.1  0.0
3355.27 0.0000 1.19   0.01   4.1  0.0
3355.28 0.0000 1.15   0.02   4.1  0.0
3355.29 0.0000 1.12   0.02   4.1  0.0
3355.30 0.0000 1.10   0.05   4.1  0.0
3355.31 0.0000 1.05   0.10   4.1  0.0
3355.32 0.0000 1.03   0.18   4.1  0.0
3355.33 0.0000 0.92   0.27   4.2  0.0
3355.34 0.0000 0.79   0.30   4.2  0.0
3355.35 0.0000 0.67   0.29   4.3  0.1
3355.36 0.0000 0.64   0.28   4.3  0.4
3355.37 0.0000 0.65   0.33   4.4  0.6
3355.38 0.0000 0.55   0.43   4.5  1.4
3355.39 0.0000 0.46   0.59   4.6  2.0
3355.40 0.0000 0.44   0.64   4.7  2.3
3355.41 0.0000 0.39   0.65   4.8  2.7
3355.42 0.0000 0.37   0.64   4.8  2.9
3355.43 0.0000 0.33   0.63   4.9  3.2
3355.44 0.0000 0.31   0.59   5.0  3.4
3355.45 0.0000 0.27   0.48   5.0  3.6
3355.46 0.0000 0.22   0.40   5.0  3.8
3355.47 0.0000 0.16   0.33   5.0  4.2
3355.48 0.0000 0.14   0.31   5.0  4.3
3355.49 0.0000 0.13   0.27   5.0  4.3
3355.50 0.0000 0.15   0.17   5.0  4.2
3355.51 0.0000 0.09   0.11   5.0  4.5
3355.52 0.0000 0.07   0.09   5.0  4.6
3355.53 0.0000 0.04   0.05   4.9  4.7
3355.54 0.0000 0.02   0.04   4.9  4.8
3355.55 0.0000 0.01   0.02   5.0  4.9
3355.56 0.0000 0.01   0.02   5.0  4.9
3355.57 0.0000 0.03   0.01   5.0  4.8
3355.58 0.0000 0.05   0.01   5.0  4.8
3355.59 0.0000 0.03   0.00   5.1  4.9
3355.60 0.0000 0.03   0.00   5.0  4.9
3355.61 0.0000 0.05   0.00   4.9  4.7
3355.62 0.0000 0.06   0.00   5.0  4.7
3355.63 0.0000 0.08   0.00   5.1  4.6
3355.64 0.0000 0.09   0.00   5.1  4.6
3355.65 0.0000 0.14   0.00   5.0  4.3
3355.66 0.0000 0.16   0.01   5.0  4.2
3355.67 0.0000 0.16   0.00   5.1  4.2
3355.68 0.0000 0.17   0.00   5.1  4.2
3355.69 0.0000 0.24   0.00   5.1  3.8
3355.70 0.0000 0.34   0.00   5.2  3.4
3355.71 0.0000 0.42   0.00   5.2  2.9
3355.72 0.0000 0.45   0.00   5.2  2.8
3355.73 0.0000 0.50   0.00   5.2  2.5
3355.74 0.0000 0.57   0.00   5.1  2.1
3355.75 0.0000 0.58   0.00   5.0  2.0
3355.76 0.0000 0.59   0.00   5.0  1.9
3355.77 0.0000 0.56   0.00   5.1  2.1
3355.78 0.0000 0.49   0.00   5.1  2.6
3355.79 0.0000 0.48   0.00   5.1  2.6
3355.80 0.0000 0.47   0.00   5.2  2.8
3355.81 0.0000 0.48   0.00   5.1  2.7
3355.82 0.0000 0.57   0.00   5.2  2.3
3355.83 0.0000 0.66   0.00   5.2  1.8
3355.84 0.0000 0.71   0.01   5.2  1.6
3355.85 0.0000 0.78   0.00   5.2  1.1
3355.86 0.0000 0.88   0.00   5.2  0.6
3355.87 0.0000 0.91   0.01   5.2  0.5
3355.88 0.0000 0.88   0.01   5.2  0.7
3355.89 0.0000 0.81   0.00   5.2  1.0
3355.90 0.0000 0.79   0.00   5.1  1.0
3355.91 0.0000 0.82   0.00   5.1  0.8
3355.92 0.0000 0.83   0.00   5.1  0.8
3355.93 0.0000 0.81   0.00   5.2  1.0
3355.94 0.0000 0.78   0.00   5.2  1.0
3355.95 0.0000 0.79   0.00   5.2  1.0
3355.96 0.0000 0.82   0.00   5.2  0.9
3355.97 0.0000 0.89   0.00   5.1  0.4
3355.98 0.0000 1.01   0.00   5.1  0.0
3355.99 0.0000 1.03   0.00   5.1  0.0
3356.00 0.0000 1.02   0.00   5.1  0.0
3356.01 0.0000 0.98   0.00   5.1  0.0
3356.02 0.0000 0.98   0.00   5.1  0.0
3356.03 0.0000 1.00   0.00   5.0  0.0
3356.04 0.0000 1.01   0.00   5.0  0.0
3356.05 0.0000 1.04   0.00   5.0  0.0
3356.06 0.0000 1.05   0.00   5.1  0.0
3356.07 0.0000 1.07   0.00   5.0  0.0
3356.08 0.0000 1.10   0.00   5.0  0.0
3356.09 0.0000 1.12   0.00   5.0  0.0
3356.10 0.0000 1.09   0.00   5.1  0.0
3356.11 0.0000 1.07   0.00   5.2  0.0
3356.12 0.0000 1.05   0.00   5.2  0.0
3356.13 0.0000 1.00   0.00   5.2  0.1
3356.14 0.0000 0.92   0.00   5.2  0.5
3356.15 0.0000 0.88   0.00   5.2  0.7
3356.16 0.0000 0.85   0.00   5.2  0.9
3356.17 0.0000 0.83   0.00   5.2  1.0
3356.18 0.0000 0.81   0.00   5.1  1.1
3356.19 0.0000 0.88   0.00   5.1  0.8
3356.20 0.0000 0.89   0.00   5.1  0.7
3356.21 0.0000 0.90   0.00   5.1  0.6
3356.22 0.0000 0.87   0.00   5.1  0.8
3356.23 0.0000 0.85   0.00   5.1  0.9
3356.24 0.0000 0.77   0.00   5.1  1.3
3356.25 0.0000 0.68   0.00   5.0  1.6
3356.26 0.0000 0.66   0.00   5.0  1.7
3356.27 0.0000 0.64   0.00   5.0  1.8
3356.28 0.0000 0.60   0.00   5.0  1.9
3356.29 0.0000 0.56   0.00   5.1  2.2
3356.30 0.0000 0.55   0.00   5.1  2.2
3356.31 0.0000 0.57   0.00   5.0  2.1
3356.32 0.0000 0.66   0.00   5.0  1.5
3356.33 0.0000 0.69   0.03   5.0  1.3
3356.34 0.0000 0.57   0.10   5.0  1.8
3356.35 0.0000 0.48   0.16   5.0  2.3
3356.36 0.0000 0.36   0.20   4.9  2.9
3356.37 0.0000 0.33   0.25   4.9  3.0
3356.38 0.0000 0.38   0.29   4.8  2.6
3356.39 0.0000 0.44   0.30   4.8  2.2
3356.40 0.0000 0.56   0.32   4.7  1.3
3356.41 0.0000 0.70   0.31   4.6  0.4
3356.42 0.0000 0.71   0.38   4.5  0.1
3356.43 0.0000 0.68   0.43   4.4  0.2
3356.44 0.0000 0.64   0.52   4.4  0.4
3356.45 0.0000 0.61   0.53   4.5  0.6
3356.46 0.0000 0.62   0.49   4.6  0.6
3356.47 0.0000 0.69   0.46   4.5  0.1
3356.48 0.0000 0.77   0.38   4.6  0.0
3356.49 0.0000 0.73   0.35   4.6  0.0
3356.50 0.0000 0.68   0.33   4.5  0.2
3356.51 0.0000 0.70   0.34   4.5  0.0
3356.52 0.0000 0.74   0.29   4.5  0.0
3356.53 0.0000 0.84   0.29   4.5  0.0
3356.54 0.0000 0.85   0.31   4.4  0.0
3356.55 0.0000 0.88   0.32   4.4  0.0
3356.56 0.0000 0.95   0.39   4.3  0.0
3356.57 0.0000 0.84   0.47   4.3  0.0
3356.58 0.0000 0.74   0.44   4.2  0.0
3356.59 0.0000 0.73   0.48   4.3  0.0
3356.60 0.0000 0.74   0.52   4.3  0.0
3356.61 0.0000 0.78   0.65   4.2  0.0
3356.62 0.0000 0.81   0.67   4.2  0.0
3356.63 0.0000 0.81   0.66   4.1  0.0
3356.64 0.0000 0.91   0.59   4.2  0.0
3356.65 0.0000 0.94   0.45   4.3  0.0
3356.66 0.0000 0.84   0.33   4.2  0.0
3356.67 0.0000 0.81   0.30   4.2  0.0
3356.68 0.0000 0.81   0.24   4.3  0.0
3356.69 0.0000 0.93   0.27   4.4  0.0
3356.70 0.0000 0.97   0.33   4.5  0.0
3356.71 0.0000 0.98   0.34   4.5  0.0
3356.72 0.0000 1.02   0.37   4.5  0.0
3356.73 0.0000 1.11   0.35   4.6  0.0
3356.74 0.0000 1.22   0.25   4.6  0.0
3356.75 0.0000 1.27   0.19   4.7  0.0
3356.76 0.0000 1.35   0.13   4.7  0.0
3356.77 0.0000 1.35   0.10   4.7  0.0
3356.78 0.0000 1.25   0.06   4.6  0.0
3356.79 0.0000 1.22   0.04   4.5  0.0
3356.80 0.0000 1.25   0.02   4.3  0.0
3356.81 0.0000 1.18   0.02   4.3  0.0
3356.82 0.0000 1.19   0.09   4.3  0.0
3356.83 0.0000 1.16   0.11   4.4  0.0
3356.84 0.0000 1.12   0.07   4.3  0.0
3356.85 0.0000 1.16   0.04   4.3  0.0
3356.86 0.0000 1.17   0.02   4.3  0.0
3356.87 0.0000 1.16   0.02   4.3  0.0
3356.88 0.0000 1.15   0.01   4.2  0.0
3356.89 0.0000 1.22   0.01   4.2  0.0
3356.90 0.0000 1.24   0.00   4.1  0.0
3356.91 0.0000 1.26   0.00   4.1  0.0
3356.92 0.0000 1.24   0.00   4.1  0.0
3356.93 0.0000 1.14   0.00   4.1  0.0
3356.94 0.0000 0.99   0.00   4.1  0.0
3356.95 0.0000 0.96   0.00   4.0  0.0
3356.96 0.0000 0.90   0.03   3.9  0.0
3356.97 0.0000 0.92   0.04   4.0  0.0
3356.98 0.0000 0.83   0.11   4.0  0.0
3356.99 0.0000 0.84   0.12   4.0  0.0
3357.00 0.0000 0.79   0.15   4.1  0.0
3357.01 0.0000 0.62   0.17   4.0  0.0
3357.02 0.0000 0.62   0.20   4.0  0.0
3357.03 0.0000 0.61   0.22   4.0  0.0
3357.04 0.0000 0.62   0.21   4.1  0.0
3357.05 0.0000 0.57   0.24   4.1  0.3
3357.06 0.0000 0.51   0.26   4.0  0.6
3357.07 0.0000 0.48   0.29   4.0  0.8
3357.08 0.0000 0.46   0.29   3.9  0.8
3357.09 0.0000 0.45   0.32   3.9  0.9
3357.10 0.0000 0.44   0.35   4.0  1.1
3357.11 0.0000 0.43   0.34   4.1  1.1
3357.12 0.0000 0.48   0.40   4.2  0.9
3357.13 0.0000 0.58   0.42   4.2  0.3
3357.14 0.0000 0.68   0.38   4.3  0.0
3357.15 0.0000 0.68   0.35   4.3  0.0
3357.16 0.0000 0.67   0.33   4.3  0.0
3357.17 0.0000 0.68   0.34   4.3  0.0
3357.18 0.0000 0.66   0.32   4.3  0.2
3357.19 0.0000 0.63   0.33   4.3  0.5
3357.20 0.0000 0.59   0.35   4.4  0.8
3357.21 0.0000 0.69   0.42   4.5  0.5
3357.22 0.0000 0.85   0.43   4.6  0.0
3357.23 0.0000 0.92   0.40   4.6  0.0
3357.24 0.0000 1.03   0.40   4.7  0.0
3357.25 0.0000 1.00   0.37   4.7  0.0
3357.26 0.0000 0.83   0.39   4.8  0.3
3357.27 0.0000 0.78   0.35   4.9  0.6
3357.28 0.0000 0.74   0.21   5.0  1.0
3357.29 0.0000 0.69   0.12   5.0  1.3
3357.30 0.0000 0.66   0.07   4.9  1.3
3357.31 0.0000 0.68   0.05   4.8  1.2
3357.32 0.0000 0.69   0.03   4.7  1.0
3357.33 0.0000 0.67   0.02   4.6  1.1
3357.34 0.0000 0.63   0.01   4.7  1.3
3357.35 0.0000 0.68   0.01   4.7  1.1
3357.36 0.0000 0.74   0.00   4.6  0.6
3357.37 0.0000 0.68   0.00   4.5  0.9
3357.38 0.0000 0.68   0.00   4.5  0.9
3357.39 0.0000 0.72   0.00   4.5  0.7
3357.40 0.0000 0.72   0.00   4.6  0.8
3357.41 0.0000 0.74   0.00   4.6  0.8
3357.42 0.0000 0.75   0.00   4.6  0.7
3357.43 0.0000 0.76   0.00   4.6  0.7
3357.44 0.0000 0.72   0.00   4.6  0.9
3357.45 0.0000 0.66   0.00   4.6  1.3
3357.46 0.0000 0.63   0.00   4.6  1.5
3357.47 0.0000 0.63   0.00   4.6  1.5
3357.48 0.0000 0.71   0.00   4.6  1.1
3357.49 0.0000 0.75   0.01   4.6  0.9
3357.50 0.0000 0.80   0.00   4.5  0.6
3357.51 0.0000 0.82   0.00   4.5  0.5
3357.52 0.0000 0.83   0.00   4.6  0.5
3357.53 0.0000 0.86   0.00   4.6  0.4
3357.54 0.0000 0.88   0.05   4.6  0.2
3357.55 0.0000 0.84   0.10   4.5  0.4
3357.56 0.0000 0.79   0.14   4.4  0.5
3357.57 0.0000 0.77   0.21   4.4  0.5
3357.58 0.0000 0.81   0.18   4.4  0.3
3357.59 0.0000 0.81   0.21   4.3  0.3
3357.60 0.0000 0.78   0.27   4.3  0.4
3357.61 0.0000 0.74   0.31   4.3  0.5
3357.62 0.0000 0.68   0.33   4.4  0.9
3357.63 0.0000 0.63   0.32   4.4  1.2
3357.64 0.0000 0.46   0.37   4.4  2.0
3357.65 0.0000 0.35   0.43   4.4  2.6
3357.66 0.0000 0.38   0.38   4.4  2.4
3357.67 0.0000 0.39   0.33   4.4  2.3
3357.68 0.0000 0.37   0.22   4.5  2.5
3357.69 0.0000 0.39   0.21   4.5  2.4
3357.70 0.0000 0.27   0.26   4.5  3.0
3357.71 0.0000 0.21   0.33   4.5  3.4
3357.72 0.0000 0.12   0.41   4.5  3.8
3357.73 0.0000 0.13   0.41   4.6  3.9
3357.74 0.0000 0.15   0.43   4.6  3.7
3357.75 0.0000 0.17   0.42   4.6  3.6
3357.76 0.0000 0.27   0.48   4.5  2.9
3357.77 0.0000 0.37   0.51   4.4  2.1
3357.78 0.0000 0.30   0.41   4.3  2.4
3357.79 0.0000 0.23   0.32   4.3  2.7
3357.80 0.0000 0.14   0.18   4.2  3.2
3357.81 0.0000 0.08   0.10   4.1  3.5
3357.82 0.0000 0.04   0.06   4.0  3.7
3357.83 0.0000 0.03   0.05   4.0  3.8
3357.84 0.0000 0.02   0.03   4.1  3.9
3357.85 0.0000 0.01   0.01   4.2  4.1
3357.86 0.0000 0.01   0.01   4.2  4.1
3357.87 0.0000 0.00   0.01   4.1  4.1
3357.88 0.0000 0.00   0.00   4.2  4.2
3357.89 0.0000 0.00   0.00   4.2  4.2
3357.90 0.0000 0.00   0.00   4.2  4.2
3357.91 0.0000 0.00   0.00   4.2  4.2
3357.92 0.0000 0.00   0.00   4.2  4.2
3357.93 0.0000 0.00   0.00   4.3  4.3
3357.94 0.0000 0.00   0.00   4.3  4.3
3357.95 0.0000 0.00   0.00   4.3  4.3
3357.96 0.0000 0.00   0.02   4.2  4.2
3357.97 0.0000 0.00   0.06   4.1  4.1
3357.98 0.0000 0.00   0.08   4.2  4.2
3357.99 0.0000 0.00   0.06   4.1  4.1
3358.00 0.0000 0.00   0.04   4.2  4.2
3358.01 0.0000 0.00   0.02   4.1  4.1
3358.02 0.0000 0.00   0.02   4.2  4.2
3358.03 0.0000 0.00   0.03   4.2  4.2
3358.04 0.0000 0.00   0.03   4.3  4.3
3358.05 0.0000 0.00   0.02   4.3  4.3
3358.06 0.0000 0.00   0.01   4.4  4.4
3358.07 0.0000 0.00   0.01   4.4  4.4
3358.08 0.0000 0.00   0.00   4.4  4.4
3358.09 0.0000 0.00   0.04   4.4  4.4
3358.10 0.0000 0.00   0.12   4.5  4.5
3358.11 0.0000 0.00   0.17   4.6  4.6
3358.12 0.0000 0.00   0.27   4.7  4.7
3358.13 0.0000 0.00   0.31   4.7  4.7
3358.14 0.0000 0.00   0.36   4.7  4.7
3358.15 0.0000 0.00   0.40   4.7  4.7
3358.16 0.0000 0.00   0.47   4.6  4.6
3358.17 0.0000 0.01   0.52   4.6  4.6
3358.18 0.0000 0.05   0.54   4.6  4.4
3358.19 0.0000 0.04   0.56   4.6  4.4
3358.20 0.0000 0.14   0.58   4.5  3.8
3358.21 0.0000 0.30   0.58   4.5  2.9
3358.22 0.0000 0.38   0.58   4.5  2.5
3358.23 0.0000 0.41   0.61   4.5  2.4
3358.24 0.0000 0.42   0.72   4.4  2.3
3358.25 0.0000 0.39   0.88   4.4  2.4
3358.26 0.0000 0.38   0.92   4.4  2.5
3358.27 0.0000 0.43   0.86   4.5  2.3
3358.28 0.0000 0.48   0.82   4.5  2.0
3358.29 0.0000 0.49   0.78   4.6  2.0
3358.30 0.0000 0.50   0.74   4.5  1.9
3358.31 0.0000 0.48   0.75   4.5  1.9
3358.32 0.0000 0.49   0.79   4.5  1.8
3358.33 0.0000 0.54   0.86   4.3  1.3
3358.34 0.0000 0.58   0.91   4.2  0.9
3358.35 0.0000 0.61   0.93   4.1  0.6
3358.36 0.0000 0.58   0.97   4.0  0.6
3358.37 0.0000 0.49   0.95   3.9  1.0
3358.38 0.0000 0.49   1.07   3.9  0.9
3358.39 0.0000 0.49   1.09   3.9  0.9
3358.40 0.0000 0.48   1.13   4.0  0.9
3358.41 0.0000 0.44   1.12   4.0  1.1
3358.42 0.0000 0.44   1.05   4.0  1.2
3358.43 0.0000 0.45   0.98   4.1  1.1
3358.44 0.0000 0.50   0.85   4.1  0.8
3358.45 0.0000 0.54   0.76   4.1  0.5
3358.46 0.0000 0.55   0.71   4.1  0.4
3358.47 0.0000 0.48   0.60   4.2  0.9
3358.48 0.0000 0.42   0.51   4.2  1.4
3358.49 0.0000 0.34   0.53   4.1  1.8
3358.50 0.0000 0.32   0.55   4.1  2.0
3358.51 0.0000 0.23   0.60   4.2  2.7
3358.52 0.0000 0.21   0.60   4.2  2.8
3358.53 0.0000 0.25   0.54   4.3  2.6
3358.54 0.0000 0.30   0.48   4.3  2.4
3358.55 0.0000 0.35   0.35   4.3  2.1
3358.56 0.0000 0.37   0.32   4.3  1.9
3358.57 0.0000 0.32   0.29   4.4  2.3
3358.58 0.0000 0.31   0.26   4.4  2.4
3358.59 0.0000 0.31   0.19   4.4  2.4
3358.60 0.0000 0.38   0.16   4.3  1.9
3358.61 0.0000 0.51   0.10   4.4  1.1
3358.62 0.0000 0.60   0.08   4.3  0.6
3358.63 0.0000 0.72   0.04   4.3  0.0
3358.64 0.0000 0.75   0.02   4.4  0.0
3358.65 0.0000 0.84   0.01   4.5  0.0
3358.66 0.0000 0.86   0.01   4.6  0.0
3358.67 0.0000 0.87   0.01   4.7  0.0
3358.68 0.0000 0.85   0.00   4.8  0.1
3358.69 0.0000 0.83   0.00   4.7  0.3
3358.70 0.0000 0.83   0.00   4.7  0.4
3358.71 0.0000 0.84   0.00   4.7  0.4
3358.72 0.0000 0.80   0.00   4.7  0.7
3358.73 0.0000 0.90   0.00   4.6  0.1
3358.74 0.0000 0.99   0.00   4.6  0.0
3358.75 0.0000 1.16   0.00   4.6  0.0
3358.76 0.0000 1.23   0.01   4.6  0.0
3358.77 0.0000 1.23   0.07   4.6  0.0
3358.78 0.0000 1.18   0.13   4.6  0.0
3358.79 0.0000 1.12   0.22   4.5  0.0
3358.80 0.0000 1.21   0.19   4.6  0.0
3358.81 0.0000 1.20   0.09   4.6  0.0
3358.82 0.0000 1.26   0.07   4.6  0.0
3358.83 0.0000 1.13   0.14   4.5  0.0
3358.84 0.0000 0.91   0.18   4.5  0.0
3358.85 0.0000 0.89   0.17   4.5  0.1
3358.86 0.0000 0.89   0.15   4.5  0.1
3358.87 0.0000 0.90   0.09   4.4  0.0
3358.88 0.0000 0.98   0.04   4.6  0.0
3358.89 0.0000 1.04   0.03   4.5  0.0
3358.90 0.0000 1.05   0.02   4.4  0.0
3358.91 0.0000 1.17   0.02   4.4  0.0
3358.92 0.0000 1.27   0.02   4.4  0.0
3358.93 0.0000 1.28   0.02   4.3  0.0
3358.94 0.0000 1.25   0.02   4.3  0.0
3358.95 0.0000 1.24   0.01   4.1  0.0
3358.96 0.0000 1.23   0.02   4.0  0.0
3358.97 0.0000 1.17   0.03   3.9  0.0
3358.98 0.0000 1.05   0.06   3.9  0.0
3358.99 0.0000 0.94   0.05   3.8  0.0
3359.00 0.0000 0.83   0.05   3.7  0.0
3359.01 0.0000 0.74   0.03   3.8  0.0
3359.02 0.0000 0.71   0.02   3.7  0.0
3359.03 0.0000 0.66   0.01   3.6  0.0
3359.04 0.0000 0.70   0.00   3.6  0.0
3359.05 0.0000 0.88   0.00   3.7  0.0
3359.06 0.0000 0.95   0.00   3.7  0.0
3359.07 0.0000 0.92   0.00   3.6  0.0
3359.08 0.0000 1.00   0.00   3.5  0.0
3359.09 0.0000 0.98   0.00   3.5  0.0
3359.10 0.0000 0.94   0.00   3.5  0.0
3359.11 0.0000 1.00   0.00   3.4  0.0
3359.12 0.0000 1.00   0.00   3.3  0.0
3359.13 0.0000 0.99   0.00   3.3  0.0
3359.14 0.0000 0.96   0.00   3.4  0.0
3359.15 0.0000 0.87   0.00   3.3  0.0
3359.16 0.0000 0.79   0.00   3.2  0.0
3359.17 0.0000 0.76   0.00   3.2  0.0
3359.18 0.0000 0.77   0.00   3.2  0.0
3359.19 0.0000 0.81   0.03   3.2  0.0
3359.20 0.0000 0.84   0.02   3.2  0.0
3359.21 0.0000 0.87   0.01   3.3  0.0
3359.22 0.0000 0.91   0.01   3.3  0.0
3359.23 0.0000 0.87   0.04   3.3  0.0
3359.24 0.0000 0.75   0.02   3.4  0.0
3359.25 0.0000 0.62   0.04   3.4  0.0
3359.26 0.0000 0.62   0.06   3.5  0.0
3359.27 0.0000 0.63   0.08   3.5  0.0
3359.28 0.0000 0.66   0.07   3.5  0.0
3359.29 0.0000 0.74   0.04   3.5  0.0
3359.30 0.0000 0.76   0.03   3.6  0.0
3359.31 0.0000 0.81   0.01   3.7  0.0
3359.32 0.0000 0.78   0.00   3.7  0.0
3359.33 0.0000 0.88   0.00   3.7  0.0
3359.34 0.0000 0.94   0.01   3.7  0.0
3359.35 0.0000 1.05   0.04   3.8  0.0
3359.36 0.0000 1.10   0.02   3.8  0.0
3359.37 0.0000 1.08   0.01   3.7  0.0
3359.38 0.0000 1.00   0.01   3.7  0.0
3359.39 0.0000 1.05   0.00   3.8  0.0
3359.40 0.0000 1.13   0.00   3.8  0.0
3359.41 0.0000 1.12   0.00   3.8  0.0
3359.42 0.0000 1.14   0.00   3.8  0.0
3359.43 0.0000 1.12   0.00   3.7  0.0
3359.44 0.0000 1.15   0.00   3.8  0.0
3359.45 0.0000 1.18   0.00   3.8  0.0
3359.46 0.0000 1.18   0.00   3.8  0.0
3359.47 0.0000 1.09   0.00   3.7  0.0
3359.48 0.0000 0.92   0.00   3.8  0.0
3359.49 0.0000 0.89   0.00   3.7  0.0
3359.50 0.0000 0.91   0.00   3.7  0.0
3359.51 0.0000 0.94   0.00   3.6  0.0
3359.52 0.0000 0.88   0.00   3.6  0.0
3359.53 0.0000 0.78   0.01   3.5  0.0
3359.54 0.0000 0.76   0.03   3.5  0.0
3359.55 0.0000 0.84   0.02   3.5  0.0
3359.56 0.0000 0.77   0.06   3.4  0.0
3359.57 0.0000 0.73   0.05   3.4  0.0
3359.58 0.0000 0.66   0.04   3.4  0.2
3359.59 0.0000 0.59   0.01   3.4  0.5
3359.60 0.0000 0.53   0.01   3.3  0.7
3359.61 0.0000 0.48   0.02   3.2  0.8
3359.62 0.0000 0.48   0.01   3.2  0.8
3359.63 0.0000 0.46   0.02   3.2  0.9
3359.64 0.0000 0.48   0.03   3.1  0.7
3359.65 0.0000 0.45   0.07   3.1  0.8
3359.66 0.0000 0.45   0.07   3.1  0.8
3359.67 0.0000 0.45   0.04   3.1  0.7
3359.68 0.0000 0.43   0.03   3.0  0.8
3359.69 0.0000 0.42   0.02   3.1  0.8
3359.70 0.0000 0.42   0.02   3.1  0.8
3359.71 0.0000 0.42   0.04   3.1  0.9
3359.72 0.0000 0.40   0.03   3.1  0.9
3359.73 0.0000 0.41   0.00   3.1  0.9
3359.74 0.0000 0.41   0.00   3.1  0.9
3359.75 0.0000 0.41   0.00   3.2  1.0
3359.76 0.0000 0.41   0.00   3.3  1.1
3359.77 0.0000 0.43   0.00   3.3  1.0
3359.78 0.0000 0.44   0.00   3.4  1.0
3359.79 0.0000 0.43   0.00   3.3  1.0
3359.80 0.0000 0.40   0.01   3.3  1.1
3359.81 0.0000 0.38   0.00   3.2  1.1
3359.82 0.0000 0.37   0.00   3.1  1.1
3359.83 0.0000 0.36   0.00   3.1  1.2
3359.84 0.0000 0.36   0.00   3.1  1.1
3359.85 0.0000 0.35   0.00   3.1  1.2
3359.86 0.0000 0.35   0.00   3.1  1.1
3359.87 0.0000 0.34   0.00   3.0  1.2
3359.88 0.0000 0.36   0.00   3.1  1.1
3359.89 0.0000 0.35   0.00   3.1  1.2
3359.90 0.0000 0.36   0.00   3.1  1.1
3359.91 0.0000 0.38   0.00   3.2  1.1
3359.92 0.0000 0.39   0.00   3.3  1.2
3359.93 0.0000 0.40   0.00   3.3  1.2
3359.94 0.0000 0.41   0.00   3.3  1.1
3359.95 0.0000 0.42   0.00   3.5  1.2
3359.96 0.0000 0.44   0.00   3.6  1.3
3359.97 0.0000 0.45   0.00   3.6  1.3
3359.98 0.0000 0.45   0.00   3.6  1.3
3359.99 0.0000 0.44   0.00   3.6  1.3
3360.00 0.0000 0.43   0.00   3.5  1.4
3360.01 0.0000 0.42   0.01   3.5  1.4
3360.02 0.0000 0.41   0.01   3.5  1.4
3360.03 0.0000 0.41   0.00   3.5  1.4
3360.04 0.0000 0.42   0.02   3.6  1.5
3360.05 0.0000 0.39   0.05   3.5  1.6
3360.06 0.0000 0.39   0.05   3.5  1.6
3360.07 0.0000 0.39   0.06   3.5  1.5
3360.08 0.0000 0.39   0.05   3.5  1.5
3360.09 0.0000 0.39   0.04   3.5  1.5
3360.10 0.0000 0.39   0.05   3.5  1.5
3360.11 0.0000 0.45   0.01   3.6  1.3
3360.12 0.0000 0.47   0.00   3.6  1.1
3360.13 0.0000 0.49   0.00   3.7  1.0
3360.14 0.0000 0.49   0.00   3.6  0.9
3360.15 0.0000 0.49   0.00   3.6  0.8
3360.16 0.0000 0.50   0.00   3.5  0.7
3360.17 0.0000 0.50   0.00   3.6  0.6
3360.18 0.0000 0.47   0.01   3.5  0.7
3360.19 0.0000 0.44   0.02   3.4  0.8
3360.20 0.0000 0.44   0.01   3.4  0.7
3360.21 0.0000 0.44   0.04   3.4  0.6
3360.22 0.0000 0.44   0.04   3.4  0.6
3360.23 0.0000 0.42   0.02   3.3  0.5
3360.24 0.0000 0.39   0.03   3.2  0.5
3360.25 0.0000 0.35   0.04   3.1  0.6
3360.26 0.0000 0.33   0.05   3.0  0.7
3360.27 0.0000 0.31   0.05   2.9  0.7
3360.28 0.0000 0.28   0.06   2.8  0.8
3360.29 0.0000 0.29   0.05   2.8  0.6
3360.30 0.0000 0.28   0.05   2.7  0.6
3360.31 0.0000 0.28   0.03   2.7  0.5
3360.32 0.0000 0.31   0.02   2.7  0.3
3360.33 0.0000 0.32   0.00   2.8  0.2
3360.34 0.0000 0.32   0.00   2.8  0.2
3360.35 0.0000 0.31   0.00   2.8  0.3
3360.36 0.0000 0.32   0.00   2.8  0.3
3360.37 0.0000 0.32   0.00   2.8  0.3
3360.38 0.0000 0.32   0.00   2.8  0.3
3360.39 0.0000 0.32   0.00   2.9  0.4
3360.40 0.0000 0.32   0.00   2.8  0.4
3360.41 0.0000 0.30   0.00   2.8  0.5
3360.42 0.0000 0.30   0.00   2.8  0.5
3360.43 0.0000 0.31   0.00   2.9  0.6
3360.44 0.0000 0.32   0.00   2.9  0.6
3360.45 0.0000 0.34   0.00   3.0  0.6
3360.46 0.0000 0.35   0.00   3.1  0.6
3360.47 0.0000 0.35   0.00   3.1  0.6
3360.48 0.0000 0.35   0.00   3.1  0.7
3360.49 0.0000 0.37   0.00   3.2  0.7
3360.50 0.0000 0.39   0.00   3.3  0.7
3360.51 0.0000 0.40   0.00   3.3  0.8
3360.52 0.0000 0.40   0.00   3.4  0.9
3360.53 0.0000 0.40   0.00   3.4  0.9
3360.54 0.0000 0.42   0.00   3.4  1.0
3360.55 0.0000 0.44   0.00   3.6  1.1
3360.56 0.0000 0.45   0.00   3.7  1.2
3360.57 0.0000 0.44   0.00   3.7  1.3
3360.58 0.0000 0.43   0.00   3.6  1.3
3360.59 0.0000 0.42   0.00   3.7  1.5
3360.60 0.0000 0.41   0.00   3.7  1.6
3360.61 0.0000 0.42   0.00   3.8  1.7
3360.62 0.0000 0.43   0.00   3.8  1.7
3360.63 0.0000 0.43   0.00   3.8  1.7
3360.64 0.0000 0.42   0.00   3.8  1.7
3360.65 0.0000 0.41   0.00   3.8  1.8
3360.66 0.0000 0.42   0.00   3.8  1.8
3360.67 0.0000 0.42   0.00   3.7  1.7
3360.68 0.0000 0.40   0.00   3.6  1.7
3360.69 0.0000 0.39   0.00   3.6  1.7
3360.70 0.0000 0.38   0.00   3.4  1.6
3360.71 0.0000 0.38   0.00   3.4  1.6
3360.72 0.0000 0.38   0.00   3.4  1.5
3360.73 0.0000 0.38   0.00   3.4  1.5
3360.74 0.0000 0.37   0.00   3.3  1.5
3360.75 0.0000 0.36   0.00   3.3  1.5
3360.76 0.0000 0.35   0.00   3.3  1.5
3360.77 0.0000 0.35   0.00   3.3  1.5
3360.78 0.0000 0.36   0.00   3.3  1.5
3360.79 0.0000 0.36   0.00   3.3  1.5
3360.80 0.0000 0.35   0.00   3.3  1.5
3360.81 0.0000 0.34   0.00   3.2  1.5
3360.82 0.0000 0.35   0.00   3.3  1.5
3360.83 0.0000 0.33   0.02   3.2  1.6
3360.84 0.0000 0.32   0.02   3.2  1.6
3360.85 0.0000 0.32   0.02   3.2  1.6
3360.86 0.0000 0.31   0.02   3.1  1.6
3360.87 0.0000 0.30   0.04   3.1  1.6
3360.88 0.0000 0.30   0.03   3.1  1.5
3360.89 0.0000 0.31   0.03   3.1  1.6
3360.90 0.0000 0.31   0.03   3.1  1.5
3360.91 0.0000 0.32   0.02   3.1  1.5
3360.92 0.0000 0.33   0.02   3.1  1.4
3360.93 0.0000 0.34   0.01   3.1  1.4
3360.94 0.0000 0.35   0.01   3.1  1.3
3360.95 0.0000 0.37   0.00   3.2  1.3
3360.96 0.0000 0.38   0.00   3.2  1.2
3360.97 0.0000 0.37   0.01   3.2  1.3
3360.98 0.0000 0.35   0.02   3.1  1.3
3360.99 0.0000 0.34   0.03   3.2  1.4
3361.00 0.0000 0.33   0.04   3.2  1.5
3361.01 0.0000 0.32   0.05   3.2  1.5
3361.02 0.0000 0.33   0.04   3.2  1.5
3361.03 0.0000 0.33   0.05   3.2  1.5
3361.04 0.0000 0.32   0.05   3.2  1.6
3361.05 0.0000 0.30   0.07   3.2  1.6
3361.06 0.0000 0.29   0.09   3.2  1.7
3361.07 0.0000 0.28   0.09   3.1  1.6
3361.08 0.0000 0.27   0.10   3.1  1.6
3361.09 0.0000 0.27   0.10   3.1  1.7
3361.10 0.0000 0.29   0.08   3.1  1.6
3361.11 0.0000 0.31   0.07   3.1  1.4
3361.12 0.0000 0.33   0.04   3.2  1.3
3361.13 0.0000 0.32   0.05   3.1  1.3
3361.14 0.0000 0.31   0.05   3.0  1.3
3361.15 0.0000 0.33   0.05   3.1  1.2
3361.16 0.0000 0.39   0.02   3.2  1.0
3361.17 0.0000 0.40   0.01   3.2  0.9
3361.18 0.0000 0.39   0.01   3.2  0.9
3361.19 0.0000 0.42   0.00   3.3  0.8
3361.20 0.0000 0.46   0.00   3.4  0.6
3361.21 0.0000 0.47   0.01   3.4  0.6
3361.22 0.0000 0.46   0.05   3.4  0.6
3361.23 0.0000 0.45   0.06   3.4  0.6
3361.24 0.0000 0.42   0.06   3.3  0.7
3361.25 0.0000 0.43   0.06   3.3  0.6
3361.26 0.0000 0.42   0.06   3.3  0.6
3361.27 0.0000 0.41   0.05   3.3  0.6
3361.28 0.0000 0.38   0.06   3.3  0.7
3361.29 0.0000 0.41   0.04   3.3  0.5
3361.30 0.0000 0.40   0.05   3.3  0.5
3361.31 0.0000 0.41   0.05   3.3  0.3
3361.32 0.0000 0.42   0.06   3.3  0.2
3361.33 0.0000 0.44   0.04   3.3  0.0
3361.34 0.0000 0.42   0.06   3.3  0.1
3361.35 0.0000 0.40   0.09   3.2  0.2
3361.36 0.0000 0.44   0.09   3.3  0.0
3361.37 0.0000 0.44   0.07   3.3  0.0
3361.38 0.0000 0.43   0.08   3.3  0.1
3361.39 0.0000 0.44   0.09   3.3  0.0
3361.40 0.0000 0.43   0.10   3.2  0.0
3361.41 0.0000 0.41   0.11   3.2  0.1
3361.42 0.0000 0.34   0.16   3.1  0.5
3361.43 0.0000 0.31   0.20   3.1  0.7
3361.44 0.0000 0.35   0.20   3.2  0.5
3361.45 0.0000 0.36   0.21   3.2  0.4
3361.46 0.0000 0.36   0.24   3.3  0.4
3361.47 0.0000 0.31   0.24   3.1  0.7
3361.48 0.0000 0.27   0.24   3.1  1.0
3361.49 0.0000 0.28   0.23   3.1  0.9
3361.50 0.0000 0.28   0.25   3.0  0.8
3361.51 0.0000 0.28   0.26   3.1  0.8
3361.52 0.0000 0.30   0.19   3.0  0.6
3361.53 0.0000 0.31   0.17   3.0  0.5
3361.54 0.0000 0.32   0.12   3.0  0.4
3361.55 0.0000 0.30   0.11   2.9  0.5
3361.56 0.0000 0.30   0.10   3.0  0.6
3361.57 0.0000 0.31   0.11   3.1  0.6
3361.58 0.0000 0.30   0.12   3.0  0.6
3361.59 0.0000 0.31   0.10   3.0  0.6
3361.60 0.0000 0.30   0.12   3.0  0.7
3361.61 0.0000 0.31   0.13   3.1  0.7
3361.62 0.0000 0.30   0.16   3.1  0.8
3361.63 0.0000 0.30   0.18   3.1  0.8
3361.64 0.0000 0.27   0.19   3.1  1.1
3361.65 0.0000 0.26   0.21   3.0  1.1
3361.66 0.0000 0.24   0.19   3.0  1.2
3361.67 0.0000 0.24   0.18   3.0  1.2
3361.68 0.0000 0.24   0.21   3.0  1.2
3361.69 0.0000 0.24   0.22   3.0  1.3
3361.70 0.0000 0.24   0.21   3.0  1.2
3361.71 0.0000 0.25   0.20   3.0  1.2
3361.72 0.0000 0.27   0.20   3.2  1.2
3361.73 0.0000 0.30   0.19   3.2  1.0
3361.74 0.0000 0.32   0.16   3.3  0.8
3361.75 0.0000 0.29   0.17   3.1  0.9
3361.76 0.0000 0.28   0.15   3.1  1.0
3361.77 0.0000 0.29   0.14   3.1  0.9
3361.78 0.0000 0.31   0.12   3.1  0.7
3361.79 0.0000 0.31   0.14   3.2  0.8
3361.80 0.0000 0.34   0.15   3.3  0.8
