ELM     V003.000SPECTRL V003.000
M0
sng                           
2_Baydin                      
dolb.22                       
12-01-2009
3365.00 0.0000 0.24   0.41   1.5  0.0
3365.01 0.0000 0.13   0.23   1.5  0.0
3365.02 0.0000 0.06   0.14   1.6  0.0
3365.03 0.0000 0.07   0.16   1.6  0.0
3365.04 0.0000 0.08   0.23   1.6  0.0
3365.05 0.0000 0.10   0.29   1.7  0.0
3365.06 0.0000 0.11   0.44   1.8  0.0
3365.07 0.0000 0.13   0.50   2.0  0.0
3365.08 0.0000 0.17   0.46   2.0  0.0
3365.09 0.0000 0.26   0.39   2.1  0.0
3365.10 0.0000 0.32   0.38   2.2  0.0
3365.11 0.0000 0.32   0.26   2.3  0.0
3365.12 0.0000 0.30   0.20   2.4  0.0
3365.13 0.0000 0.28   0.21   2.5  0.0
3365.14 0.0000 0.26   0.23   2.5  0.0
3365.15 0.0000 0.24   0.23   2.5  0.0
3365.16 0.0000 0.26   0.32   2.7  0.0
3365.17 0.0000 0.29   0.33   2.8  0.0
3365.18 0.0000 0.34   0.33   2.9  0.0
3365.19 0.0000 0.38   0.26   3.0  0.0
3365.20 0.0000 0.39   0.24   3.1  0.0
3365.21 0.0000 0.39   0.24   3.1  0.0
3365.22 0.0000 0.51   0.23   3.3  0.0
3365.23 0.0000 0.60   0.22   3.4  0.0
3365.24 0.0000 0.61   0.27   3.5  0.0
3365.25 0.0000 0.68   0.30   3.7  0.0
3365.26 0.0000 0.62   0.39   3.8  0.0
3365.27 0.0000 0.56   0.39   3.9  0.3
3365.28 0.0000 0.54   0.37   4.0  0.6
3365.29 0.0000 0.57   0.31   4.1  0.7
3365.30 0.0000 0.58   0.27   4.1  0.9
3365.31 0.0000 0.60   0.28   4.2  1.0
3365.32 0.0000 0.60   0.30   4.2  1.2
3365.33 0.0000 0.62   0.34   4.3  1.3
3365.34 0.0000 0.59   0.31   4.3  1.4
3365.35 0.0000 0.58   0.29   4.3  1.5
3365.36 0.0000 0.61   0.26   4.3  1.4
3365.37 0.0000 0.62   0.21   4.2  1.3
3365.38 0.0000 0.60   0.21   4.1  1.3
3365.39 0.0000 0.56   0.21   4.1  1.4
3365.40 0.0000 0.54   0.23   4.1  1.5
3365.41 0.0000 0.53   0.26   4.0  1.4
3365.42 0.0000 0.52   0.27   4.1  1.5
3365.43 0.0000 0.53   0.25   4.1  1.4
3365.44 0.0000 0.53   0.21   4.1  1.4
3365.45 0.0000 0.47   0.20   3.9  1.5
3365.46 0.0000 0.43   0.22   3.9  1.7
3365.47 0.0000 0.40   0.22   3.8  1.8
3365.48 0.0000 0.41   0.20   3.8  1.7
3365.49 0.0000 0.43   0.18   3.9  1.7
3365.50 0.0000 0.45   0.18   3.9  1.6
3365.51 0.0000 0.48   0.18   3.9  1.4
3365.52 0.0000 0.54   0.19   3.9  1.2
3365.53 0.0000 0.65   0.13   4.0  0.7
3365.54 0.0000 0.71   0.12   4.0  0.3
3365.55 0.0000 0.91   0.07   4.1  0.0
3365.56 0.0000 1.01   0.05   4.2  0.0
3365.57 0.0000 1.14   0.03   4.2  0.0
3365.58 0.0000 1.17   0.02   4.3  0.0
3365.59 0.0000 1.25   0.01   4.2  0.0
3365.60 0.0000 1.26   0.01   4.3  0.0
3365.61 0.0000 1.20   0.00   4.4  0.0
3365.62 0.0000 1.19   0.00   4.5  0.0
3365.63 0.0000 1.17   0.00   4.6  0.0
3365.64 0.0000 1.14   0.00   4.7  0.0
3365.65 0.0000 1.07   0.00   4.6  0.0
3365.66 0.0000 0.95   0.00   4.6  0.0
3365.67 0.0000 0.85   0.00   4.7  0.3
3365.68 0.0000 0.81   0.00   4.7  0.4
3365.69 0.0000 0.86   0.00   4.7  0.1
3365.70 0.0000 0.92   0.00   4.7  0.0
3365.71 0.0000 0.83   0.00   4.7  0.2
3365.72 0.0000 0.69   0.00   4.6  0.9
3365.73 0.0000 0.54   0.00   4.7  1.7
3365.74 0.0000 0.44   0.00   4.7  2.2
3365.75 0.0000 0.38   0.00   4.6  2.5
3365.76 0.0000 0.31   0.00   4.7  2.9
3365.77 0.0000 0.26   0.00   4.7  3.3
3365.78 0.0000 0.21   0.00   4.7  3.5
3365.79 0.0000 0.22   0.00   4.7  3.4
3365.80 0.0000 0.29   0.00   4.7  3.1
3365.81 0.0000 0.33   0.00   4.7  2.8
3365.82 0.0000 0.34   0.00   4.6  2.7
3365.83 0.0000 0.37   0.00   4.7  2.6
3365.84 0.0000 0.49   0.00   4.7  2.0
3365.85 0.0000 0.56   0.00   4.6  1.5
3365.86 0.0000 0.59   0.00   4.7  1.5
3365.87 0.0000 0.64   0.00   4.7  1.2
3365.88 0.0000 0.57   0.00   4.8  1.6
3365.89 0.0000 0.50   0.00   4.9  2.1
3365.90 0.0000 0.48   0.00   4.8  2.2
3365.91 0.0000 0.47   0.00   4.7  2.1
3365.92 0.0000 0.41   0.00   4.6  2.3
3365.93 0.0000 0.41   0.00   4.6  2.4
3365.94 0.0000 0.42   0.00   4.7  2.4
3365.95 0.0000 0.47   0.00   4.7  2.2
3365.96 0.0000 0.49   0.00   4.7  2.1
3365.97 0.0000 0.58   0.00   4.7  1.6
3365.98 0.0000 0.71   0.00   4.7  1.0
3365.99 0.0000 0.71   0.00   4.7  1.1
3366.00 0.0000 0.66   0.00   4.8  1.5
3366.01 0.0000 0.70   0.00   4.8  1.3
3366.02 0.0000 0.80   0.00   4.9  0.9
3366.03 0.0000 0.86   0.00   4.9  0.6
3366.04 0.0000 0.89   0.00   5.0  0.7
3366.05 0.0000 0.92   0.00   5.1  0.6
3366.06 0.0000 0.98   0.00   5.0  0.3
3366.07 0.0000 0.99   0.00   4.9  0.1
3366.08 0.0000 0.98   0.00   5.0  0.3
3366.09 0.0000 0.90   0.00   5.0  0.7
3366.10 0.0000 0.90   0.00   5.0  0.7
3366.11 0.0000 0.92   0.00   5.0  0.5
3366.12 0.0000 0.99   0.00   5.0  0.2
3366.13 0.0000 1.02   0.00   4.9  0.0
3366.14 0.0000 1.02   0.00   4.9  0.0
3366.15 0.0000 1.04   0.00   4.9  0.0
3366.16 0.0000 1.06   0.00   4.8  0.0
3366.17 0.0000 1.07   0.00   4.8  0.0
3366.18 0.0000 1.10   0.00   4.8  0.0
3366.19 0.0000 1.22   0.00   4.8  0.0
3366.20 0.0000 1.32   0.00   4.9  0.0
3366.21 0.0000 1.43   0.00   4.9  0.0
3366.22 0.0000 1.40   0.00   4.9  0.0
3366.23 0.0000 1.26   0.00   4.8  0.0
3366.24 0.0000 1.27   0.00   4.8  0.0
3366.25 0.0000 1.26   0.00   4.7  0.0
3366.26 0.0000 1.37   0.00   4.7  0.0
3366.27 0.0000 1.46   0.00   4.8  0.0
3366.28 0.0000 1.42   0.00   4.7  0.0
3366.29 0.0000 1.23   0.00   4.6  0.0
3366.30 0.0000 1.03   0.00   4.5  0.0
3366.31 0.0000 0.96   0.00   4.5  0.0
3366.32 0.0000 0.97   0.01   4.5  0.0
3366.33 0.0000 0.91   0.02   4.4  0.0
3366.34 0.0000 0.84   0.01   4.4  0.0
3366.35 0.0000 0.80   0.00   4.4  0.0
3366.36 0.0000 0.84   0.00   4.5  0.0
3366.37 0.0000 0.82   0.00   4.5  0.0
3366.38 0.0000 0.79   0.00   4.4  0.0
3366.39 0.0000 0.82   0.00   4.5  0.0
3366.40 0.0000 0.84   0.00   4.5  0.0
3366.41 0.0000 0.88   0.00   4.5  0.0
3366.42 0.0000 0.86   0.03   4.5  0.0
3366.43 0.0000 0.77   0.06   4.4  0.0
3366.44 0.0000 0.75   0.09   4.4  0.1
3366.45 0.0000 0.78   0.13   4.4  0.0
3366.46 0.0000 0.85   0.13   4.4  0.0
3366.47 0.0000 1.05   0.10   4.4  0.0
3366.48 0.0000 1.14   0.05   4.4  0.0
3366.49 0.0000 1.25   0.04   4.5  0.0
3366.50 0.0000 1.28   0.07   4.3  0.0
3366.51 0.0000 1.27   0.10   4.4  0.0
3366.52 0.0000 1.23   0.14   4.3  0.0
3366.53 0.0000 1.17   0.20   4.3  0.0
3366.54 0.0000 1.11   0.24   4.4  0.0
3366.55 0.0000 1.15   0.25   4.4  0.0
3366.56 0.0000 1.16   0.27   4.4  0.0
3366.57 0.0000 1.15   0.26   4.4  0.0
3366.58 0.0000 1.14   0.28   4.5  0.0
3366.59 0.0000 1.12   0.33   4.5  0.0
3366.60 0.0000 1.17   0.30   4.5  0.0
3366.61 0.0000 1.19   0.25   4.5  0.0
3366.62 0.0000 1.19   0.23   4.5  0.0
3366.63 0.0000 1.07   0.31   4.4  0.0
3366.64 0.0000 0.91   0.41   4.4  0.0
3366.65 0.0000 0.88   0.41   4.5  0.0
3366.66 0.0000 0.89   0.35   4.5  0.0
3366.67 0.0000 0.88   0.32   4.4  0.0
3366.68 0.0000 0.91   0.38   4.3  0.0
3366.69 0.0000 0.86   0.38   4.4  0.0
3366.70 0.0000 0.83   0.33   4.4  0.0
3366.71 0.0000 0.81   0.33   4.4  0.2
3366.72 0.0000 0.74   0.29   4.5  0.6
3366.73 0.0000 0.64   0.22   4.6  1.2
3366.74 0.0000 0.55   0.29   4.5  1.6
3366.75 0.0000 0.51   0.45   4.5  1.8
3366.76 0.0000 0.59   0.54   4.5  1.4
3366.77 0.0000 0.64   0.63   4.5  1.1
3366.78 0.0000 0.66   0.68   4.5  1.0
3366.79 0.0000 0.67   0.78   4.3  0.8
3366.80 0.0000 0.66   0.84   4.4  0.9
3366.81 0.0000 0.71   0.89   4.3  0.6
3366.82 0.0000 0.72   0.84   4.2  0.4
3366.83 0.0000 0.60   0.53   4.1  0.8
3366.84 0.0000 0.55   0.43   4.1  0.9
3366.85 0.0000 0.57   0.45   4.0  0.8
3366.86 0.0000 0.53   0.42   4.0  0.8
3366.87 0.0000 0.46   0.37   3.8  1.0
3366.88 0.0000 0.42   0.34   3.6  1.0
3366.89 0.0000 0.37   0.39   3.6  1.1
3366.90 0.0000 0.31   0.43   3.3  1.1
3366.91 0.0000 0.30   0.42   3.3  1.1
3366.92 0.0000 0.29   0.36   3.2  1.1
3366.93 0.0000 0.30   0.29   3.2  0.9
3366.94 0.0000 0.30   0.24   3.1  0.8
3366.95 0.0000 0.26   0.24   2.9  0.9
3366.96 0.0000 0.23   0.28   2.9  1.1
3366.97 0.0000 0.21   0.27   2.9  1.3
3366.98 0.0000 0.22   0.24   3.0  1.3
3366.99 0.0000 0.21   0.22   2.8  1.2
3367.00 0.0000 0.18   0.23   2.8  1.3
3367.01 0.0000 0.17   0.21   2.7  1.3
3367.02 0.0000 0.17   0.20   2.6  1.2
3367.03 0.0000 0.19   0.16   2.5  1.0
3367.04 0.0000 0.20   0.13   2.5  0.9
3367.05 0.0000 0.19   0.14   2.4  0.9
3367.06 0.0000 0.19   0.14   2.5  1.0
3367.07 0.0000 0.19   0.12   2.4  0.9
3367.08 0.0000 0.21   0.08   2.4  0.7
3367.09 0.0000 0.23   0.05   2.4  0.6
3367.10 0.0000 0.23   0.05   2.4  0.6
3367.11 0.0000 0.24   0.04   2.4  0.5
3367.12 0.0000 0.24   0.03   2.4  0.5
3367.13 0.0000 0.27   0.03   2.5  0.5
3367.14 0.0000 0.29   0.03   2.6  0.4
3367.15 0.0000 0.32   0.01   2.8  0.4
3367.16 0.0000 0.35   0.00   2.9  0.4
3367.17 0.0000 0.40   0.00   3.1  0.5
3367.18 0.0000 0.44   0.00   3.3  0.5
3367.19 0.0000 0.46   0.00   3.4  0.6
3367.20 0.0000 0.55   0.00   3.7  0.4
3367.21 0.0000 0.67   0.00   3.9  0.1
3367.22 0.0000 0.78   0.00   4.0  0.0
3367.23 0.0000 0.95   0.00   4.3  0.0
3367.24 0.0000 1.16   0.00   4.5  0.0
3367.25 0.0000 1.29   0.00   4.6  0.0
3367.26 0.0000 1.29   0.00   4.6  0.0
3367.27 0.0000 1.35   0.00   4.6  0.0
3367.28 0.0000 1.35   0.00   4.7  0.0
3367.29 0.0000 1.34   0.00   4.8  0.0
3367.30 0.0000 1.29   0.00   4.9  0.0
3367.31 0.0000 1.22   0.00   5.0  0.0
3367.32 0.0000 1.15   0.00   5.1  0.0
3367.33 0.0000 1.09   0.00   5.1  0.0
3367.34 0.0000 1.06   0.00   5.3  0.4
3367.35 0.0000 1.01   0.00   5.5  0.8
3367.36 0.0000 1.05   0.00   5.6  0.7
3367.37 0.0000 0.97   0.00   5.7  1.2
3367.38 0.0000 0.77   0.00   5.8  2.3
3367.39 0.0000 0.56   0.00   5.9  3.4
3367.40 0.0000 0.46   0.00   5.9  3.9
3367.41 0.0000 0.28   0.00   6.1  4.8
3367.42 0.0000 0.16   0.00   6.1  5.4
3367.43 0.0000 0.09   0.00   6.1  5.7
3367.44 0.0000 0.05   0.00   6.1  5.9
3367.45 0.0000 0.03   0.00   6.1  5.9
3367.46 0.0000 0.02   0.00   6.1  6.0
3367.47 0.0000 0.01   0.00   6.0  6.0
3367.48 0.0000 0.01   0.00   5.9  5.9
3367.49 0.0000 0.00   0.01   5.9  5.9
3367.50 0.0000 0.00   0.02   5.9  5.9
3367.51 0.0000 0.00   0.02   5.9  5.9
3367.52 0.0000 0.00   0.02   5.9  5.9
3367.53 0.0000 0.00   0.01   5.9  5.9
3367.54 0.0000 0.00   0.03   5.9  5.9
3367.55 0.0000 0.00   0.03   6.0  6.0
3367.56 0.0000 0.00   0.07   5.9  5.9
3367.57 0.0000 0.00   0.06   5.9  5.9
3367.58 0.0000 0.00   0.03   5.9  5.9
3367.59 0.0000 0.00   0.02   5.7  5.7
3367.60 0.0000 0.01   0.01   5.7  5.6
3367.61 0.0000 0.04   0.01   5.7  5.5
3367.62 0.0000 0.10   0.00   5.6  5.1
3367.63 0.0000 0.14   0.00   5.5  4.8
3367.64 0.0000 0.23   0.00   5.5  4.2
3367.65 0.0000 0.35   0.00   5.4  3.4
3367.66 0.0000 0.51   0.00   5.3  2.4
3367.67 0.0000 0.59   0.00   5.3  1.9
3367.68 0.0000 0.74   0.00   5.3  1.0
3367.69 0.0000 0.83   0.00   5.2  0.3
3367.70 0.0000 0.90   0.00   5.0  0.0
3367.71 0.0000 0.94   0.00   5.0  0.0
3367.72 0.0000 0.99   0.00   5.0  0.0
3367.73 0.0000 1.13   0.00   5.0  0.0
3367.74 0.0000 1.20   0.00   5.0  0.0
3367.75 0.0000 1.29   0.00   5.0  0.0
3367.76 0.0000 1.27   0.00   5.0  0.0
3367.77 0.0000 1.29   0.00   5.1  0.0
3367.78 0.0000 1.29   0.00   5.0  0.0
3367.79 0.0000 1.24   0.00   5.0  0.0
3367.80 0.0000 1.14   0.00   5.0  0.0
3367.81 0.0000 1.10   0.00   5.0  0.0
3367.82 0.0000 1.01   0.00   4.9  0.0
3367.83 0.0000 0.91   0.00   5.0  0.0
3367.84 0.0000 0.80   0.00   5.0  0.0
3367.85 0.0000 0.71   0.00   4.9  0.6
3367.86 0.0000 0.60   0.00   5.0  1.3
3367.87 0.0000 0.55   0.00   5.0  1.6
3367.88 0.0000 0.48   0.00   4.9  2.0
3367.89 0.0000 0.56   0.00   5.0  1.5
3367.90 0.0000 0.67   0.00   5.0  0.9
3367.91 0.0000 0.73   0.00   5.0  0.6
3367.92 0.0000 0.72   0.00   5.0  0.7
3367.93 0.0000 0.67   0.00   5.0  0.9
3367.94 0.0000 0.58   0.00   5.0  1.5
3367.95 0.0000 0.37   0.00   5.0  2.8
3367.96 0.0000 0.22   0.00   5.0  3.7
3367.97 0.0000 0.12   0.00   5.0  4.2
3367.98 0.0000 0.07   0.01   5.0  4.6
3367.99 0.0000 0.04   0.01   5.0  4.8
3368.00 0.0000 0.02   0.01   5.1  4.9
