ELM     V003.000SPECTRL V003.000
M0
sng                           
2_Baydin                      
dolb.34                       
11-22-2009
3900.02 0.0023 0.00   0.82   3.9  3.9
3900.03 0.0015 0.00   0.53   3.9  3.9
3900.04 0.0010 0.00   0.32   4.9  4.9
3900.05 0.0015 0.00   0.38   5.6  5.6
3900.06 0.0022 0.00   0.56   6.2  6.2
3900.07 0.0027 0.00   0.64   6.8  6.8
3900.08 0.0029 0.00   0.72   6.4  6.4
3900.09 0.0027 0.00   0.77   6.6  6.6
3900.10 0.0025 0.00   0.73   5.8  5.8
3900.11 0.0018 0.00   0.47   5.1  5.1
3900.12 0.0019 0.00   0.44   6.0  6.0
3900.13 0.0020 0.00   0.41   6.1  6.1
3900.14 0.0019 0.00   0.36   5.7  5.7
3900.15 0.0018 0.00   0.30   5.7  5.7
3900.16 0.0015 0.00   0.25   5.0  5.0
3900.17 0.0013 0.00   0.24   4.8  4.8
3900.18 0.0013 0.01   0.24   5.2  4.9
3900.19 0.0013 0.00   0.23   4.7  4.7
3900.20 0.0012 0.00   0.21   4.7  4.7
3900.21 0.0012 0.00   0.20   4.6  4.6
3900.22 0.0010 0.00   0.16   4.0  4.0
3900.23 0.0010 0.00   0.18   4.2  4.1
3900.24 0.0011 0.01   0.19   4.8  4.7
3900.25 0.0013 0.02   0.21   5.4  5.3
3900.26 0.0014 0.01   0.22   5.6  5.5
3900.27 0.0014 0.03   0.20   5.6  5.3
3900.28 0.0011 0.01   0.16   4.6  4.5
3900.29 0.0011 0.01   0.16   4.5  4.4
3900.30 0.0010 0.02   0.13   4.4  4.3
3900.31 0.0010 0.03   0.13   4.3  4.1
3900.32 0.0009 0.03   0.12   3.9  3.7
3900.33 0.0008 0.03   0.11   3.0  2.8
3900.34 0.0008 0.03   0.12   2.0  1.8
3900.35 0.0008 0.02   0.12   2.3  2.2
3900.36 0.0008 0.02   0.12   2.2  2.1
3900.37 0.0009 0.01   0.13   3.0  3.0
3900.38 0.0009 0.01   0.13   3.0  3.0
3900.39 0.0009 0.01   0.11   3.2  3.2
3900.40 0.0009 0.01   0.11   3.1  3.0
3900.41 0.0009 0.01   0.11   3.9  3.8
3900.42 0.0010 0.00   0.12   4.2  4.2
3900.43 0.0010 0.00   0.12   4.2  4.2
3900.44 0.0010 0.00   0.12   4.3  4.3
3900.45 0.0014 0.00   0.16   5.6  5.6
3900.46 0.0016 0.00   0.17   6.2  6.2
3900.47 0.0018 0.00   0.18   6.6  6.6
3900.48 0.0021 0.00   0.20   7.6  7.6
3900.49 0.0022 0.00   0.22   7.8  7.8
3900.50 0.0023 0.00   0.22   7.9  7.8
3900.51 0.0023 0.00   0.22   7.8  7.8
3900.52 0.0021 0.00   0.21   7.0  7.0
3900.53 0.0016 0.00   0.14   5.5  5.5
3900.54 0.0016 0.00   0.13   5.6  5.6
3900.55 0.0011 0.00   0.10   4.2  4.2
3900.56 0.0011 0.00   0.11   4.3  4.3
3900.57 0.0011 0.00   0.13   4.4  4.4
3900.58 0.0010 0.00   0.12   4.2  4.2
3900.59 0.0011 0.00   0.16   4.7  4.7
3900.60 0.0012 0.00   0.17   5.0  5.0
3900.61 0.0013 0.00   0.18   5.2  5.2
3900.62 0.0010 0.00   0.15   4.2  4.2
3900.63 0.0010 0.00   0.12   4.1  4.1
3900.64 0.0012 0.00   0.13   4.7  4.7
3900.65 0.0010 0.00   0.11   3.9  3.9
3900.66 0.0009 0.00   0.10   3.8  3.8
3900.67 0.0008 0.01   0.08   3.2  3.2
3900.68 0.0008 0.01   0.08   2.4  2.3
3900.69 0.0008 0.02   0.07   2.1  2.0
3900.70 0.0008 0.02   0.07   1.0  0.9
3900.71 0.0008 0.03   0.07   1.1  0.9
3900.72 0.0008 0.03   0.06   1.1  0.9
3900.73 0.0008 0.03   0.06   1.1  0.9
3900.74 0.0008 0.05   0.07   1.1  0.9
3900.75 0.0007 0.06   0.07   1.2  0.8
3900.76 0.0007 0.06   0.08   1.1  0.8
3900.77 0.0007 0.06   0.11   1.2  0.9
3900.78 0.0007 0.06   0.11   1.2  0.9
3900.79 0.0007 0.05   0.11   1.3  1.0
3900.80 0.0007 0.05   0.10   1.4  1.1
3900.81 0.0007 0.05   0.10   1.3  1.0
3900.82 0.0007 0.04   0.12   1.3  1.1
3900.83 0.0007 0.04   0.12   1.3  1.0
3900.84 0.0008 0.03   0.12   1.2  1.1
3900.85 0.0008 0.03   0.13   1.1  0.9
3900.86 0.0008 0.02   0.14   1.2  1.1
3900.87 0.0008 0.02   0.14   1.1  1.0
3900.88 0.0008 0.03   0.13   1.1  1.0
3900.89 0.0009 0.03   0.13   1.1  1.0
3900.90 0.0009 0.02   0.13   1.1  1.0
3900.91 0.0009 0.01   0.12   1.0  0.9
3900.92 0.0009 0.01   0.12   1.0  1.0
3900.93 0.0010 0.00   0.13   1.0  1.0
3900.94 0.0010 0.00   0.13   1.1  1.1
3900.95 0.0010 0.00   0.15   1.0  1.0
3900.96 0.0010 0.00   0.16   1.1  1.1
3900.97 0.0010 0.00   0.17   1.0  1.0
3900.98 0.0010 0.00   0.16   1.1  1.1
3900.99 0.0010 0.00   0.17   1.1  1.1
3901.00 0.0010 0.00   0.16   1.0  1.0
3901.01 0.0010 0.00   0.16   1.3  1.3
3901.02 0.0010 0.00   0.16   1.6  1.6
3901.03 0.0010 0.00   0.16   1.5  1.5
3901.04 0.0010 0.00   0.16   1.1  1.1
3901.05 0.0010 0.00   0.17   1.0  1.0
3901.06 0.0010 0.00   0.17   1.5  1.5
3901.07 0.0010 0.00   0.18   1.2  1.2
3901.08 0.0010 0.00   0.17   1.1  1.1
3901.09 0.0010 0.00   0.17   1.4  1.4
3901.10 0.0010 0.00   0.15   1.3  1.3
3901.11 0.0010 0.00   0.15   1.6  1.6
3901.12 0.0010 0.00   0.15   1.8  1.8
3901.13 0.0010 0.00   0.14   1.0  1.0
3901.14 0.0010 0.00   0.13   1.1  1.1
3901.15 0.0010 0.00   0.13   1.2  1.2
3901.16 0.0010 0.00   0.13   1.2  1.2
3901.17 0.0010 0.00   0.14   1.2  1.2
3901.18 0.0010 0.00   0.13   1.3  1.3
3901.19 0.0010 0.00   0.12   1.3  1.3
3901.20 0.0010 0.00   0.12   1.3  1.3
3901.21 0.0010 0.00   0.13   1.3  1.3
3901.22 0.0010 0.00   0.13   1.2  1.2
3901.23 0.0009 0.00   0.13   1.3  1.3
3901.24 0.0010 0.00   0.13   1.4  1.4
3901.25 0.0010 0.00   0.11   1.3  1.3
3901.26 0.0010 0.00   0.11   1.2  1.2
3901.27 0.0010 0.00   0.11   1.2  1.2
3901.28 0.0010 0.00   0.10   1.2  1.2
3901.29 0.0010 0.00   0.10   1.2  1.2
3901.30 0.0010 0.00   0.10   1.2  1.2
3901.31 0.0010 0.00   0.10   1.2  1.2
3901.32 0.0010 0.00   0.10   1.2  1.2
3901.33 0.0010 0.00   0.10   1.3  1.3
3901.34 0.0010 0.00   0.11   1.3  1.3
3901.35 0.0010 0.00   0.12   1.3  1.3
3901.36 0.0010 0.00   0.12   1.2  1.2
3901.37 0.0010 0.00   0.10   1.2  1.2
3901.38 0.0010 0.00   0.10   1.3  1.3
3901.39 0.0011 0.00   0.10   1.4  1.4
3901.40 0.0010 0.00   0.10   1.3  1.3
3901.41 0.0010 0.00   0.10   1.4  1.4
3901.42 0.0011 0.00   0.11   1.3  1.3
3901.43 0.0011 0.00   0.10   1.3  1.3
3901.44 0.0010 0.00   0.11   1.2  1.2
3901.45 0.0010 0.00   0.12   1.2  1.2
3901.46 0.0010 0.00   0.14   1.1  1.1
3901.47 0.0011 0.00   0.14   1.0  1.0
3901.48 0.0011 0.00   0.13   2.1  2.0
3901.49 0.0011 0.01   0.12   1.8  1.8
3901.50 0.0011 0.01   0.11   1.7  1.7
3901.51 0.0011 0.02   0.12   2.6  2.5
3901.52 0.0011 0.02   0.12   2.9  2.8
3901.53 0.0011 0.02   0.12   2.7  2.6
3901.54 0.0011 0.02   0.12   2.4  2.3
3901.55 0.0012 0.03   0.12   2.5  2.3
3901.56 0.0012 0.03   0.11   3.5  3.3
3901.57 0.0012 0.03   0.11   3.8  3.6
3901.58 0.0012 0.02   0.10   2.7  2.6
3901.59 0.0012 0.01   0.10   2.3  2.2
3901.60 0.0013 0.01   0.10   1.9  1.9
3901.61 0.0013 0.01   0.11   2.8  2.8
3901.62 0.0013 0.01   0.11   3.9  3.9
3901.63 0.0014 0.02   0.10   4.4  4.3
3901.64 0.0014 0.02   0.11   5.0  4.9
3901.65 0.0014 0.02   0.11   5.1  4.9
3901.66 0.0014 0.02   0.11   5.0  4.9
3901.67 0.0014 0.02   0.11   4.6  4.5
3901.68 0.0014 0.01   0.12   5.2  5.1
3901.69 0.0013 0.02   0.12   5.3  5.2
3901.70 0.0014 0.01   0.13   5.7  5.6
3901.71 0.0014 0.01   0.13   5.6  5.6
3901.72 0.0014 0.01   0.13   5.9  5.8
3901.73 0.0015 0.01   0.13   6.1  6.0
3901.74 0.0016 0.00   0.12   6.0  6.0
3901.75 0.0014 0.00   0.11   5.4  5.4
3901.76 0.0013 0.00   0.09   4.7  4.7
3901.77 0.0013 0.00   0.09   3.9  3.9
3901.78 0.0013 0.00   0.07   3.7  3.7
3901.79 0.0013 0.00   0.06   2.4  2.4
3901.80 0.0013 0.00   0.06   2.8  2.8
3901.81 0.0013 0.00   0.06   3.5  3.5
3901.82 0.0013 0.00   0.07   4.0  4.0
3901.83 0.0013 0.00   0.08   3.9  3.9
3901.84 0.0013 0.00   0.09   4.3  4.3
3901.85 0.0013 0.00   0.09   4.7  4.7
3901.86 0.0012 0.00   0.09   4.3  4.3
3901.87 0.0012 0.00   0.07   3.7  3.7
3901.88 0.0012 0.00   0.07   3.2  3.2
3901.89 0.0012 0.00   0.08   3.1  3.1
3901.90 0.0011 0.00   0.09   4.4  4.4
3901.91 0.0013 0.00   0.11   5.3  5.2
3901.92 0.0013 0.00   0.11   5.1  5.0
3901.93 0.0012 0.01   0.09   4.6  4.5
3901.94 0.0010 0.01   0.08   3.7  3.6
3901.95 0.0010 0.00   0.08   2.3  2.3
3901.96 0.0010 0.00   0.08   2.6  2.6
3901.97 0.0010 0.00   0.08   2.9  2.9
3901.98 0.0010 0.00   0.06   2.7  2.7
3901.99 0.0010 0.00   0.06   1.8  1.8
3902.00 0.0010 0.01   0.05   1.5  1.5
3902.01 0.0010 0.01   0.05   1.7  1.6
3902.02 0.0010 0.02   0.05   1.9  1.8
3902.03 0.0009 0.01   0.06   1.7  1.6
3902.04 0.0009 0.01   0.06   1.4  1.3
3902.05 0.0009 0.01   0.06   1.3  1.2
3902.06 0.0009 0.03   0.07   2.0  1.7
3902.07 0.0009 0.03   0.07   2.3  2.0
3902.08 0.0009 0.03   0.08   2.0  1.7
3902.09 0.0009 0.04   0.08   1.2  0.9
3902.10 0.0009 0.05   0.08   1.4  1.0
3902.11 0.0008 0.05   0.08   1.0  0.6
3902.12 0.0008 0.05   0.08   1.1  0.8
3902.13 0.0008 0.05   0.09   1.2  0.8
3902.14 0.0008 0.04   0.08   1.1  0.8
3902.15 0.0007 0.06   0.07   1.3  0.8
3902.16 0.0007 0.07   0.08   1.3  0.8
3902.17 0.0007 0.07   0.08   1.2  0.8
3902.18 0.0007 0.06   0.09   1.3  0.9
3902.19 0.0007 0.04   0.10   1.3  1.1
3902.20 0.0007 0.03   0.10   1.4  1.2
3902.21 0.0007 0.03   0.10   1.5  1.4
3902.22 0.0007 0.02   0.10   1.6  1.4
3902.23 0.0008 0.01   0.10   1.6  1.6
3902.24 0.0008 0.00   0.09   1.6  1.6
3902.25 0.0008 0.00   0.09   1.6  1.6
3902.26 0.0008 0.01   0.12   1.6  1.5
3902.27 0.0008 0.01   0.12   1.6  1.5
3902.28 0.0008 0.01   0.13   1.6  1.5
3902.29 0.0008 0.01   0.13   1.5  1.5
3902.30 0.0008 0.01   0.13   1.5  1.5
3902.31 0.0008 0.01   0.14   1.5  1.4
3902.32 0.0008 0.01   0.14   1.5  1.4
3902.33 0.0009 0.02   0.13   1.6  1.5
3902.34 0.0008 0.03   0.13   1.6  1.4
3902.35 0.0008 0.03   0.13   1.6  1.4
3902.36 0.0008 0.03   0.12   1.6  1.4
3902.37 0.0009 0.02   0.12   1.6  1.5
3902.38 0.0009 0.01   0.12   1.6  1.5
3902.39 0.0009 0.02   0.12   1.5  1.4
3902.40 0.0009 0.01   0.13   1.5  1.4
3902.41 0.0009 0.00   0.13   1.5  1.5
3902.42 0.0009 0.00   0.14   1.6  1.6
3902.43 0.0009 0.00   0.14   1.6  1.6
3902.44 0.0009 0.00   0.14   1.5  1.5
3902.45 0.0009 0.00   0.14   1.6  1.6
3902.46 0.0009 0.00   0.14   1.6  1.6
3902.47 0.0009 0.00   0.15   1.6  1.6
3902.48 0.0009 0.00   0.14   1.7  1.7
3902.49 0.0008 0.00   0.15   1.9  1.9
3902.50 0.0008 0.00   0.14   1.9  1.9
3902.51 0.0008 0.00   0.15   1.9  1.9
3902.52 0.0007 0.00   0.14   1.9  1.9
3902.53 0.0007 0.01   0.13   1.9  1.9
3902.54 0.0007 0.02   0.13   2.0  1.9
3902.55 0.0007 0.02   0.13   2.0  1.9
3902.56 0.0007 0.01   0.13   2.1  2.0
3902.57 0.0007 0.00   0.12   2.1  2.1
3902.58 0.0007 0.00   0.11   2.1  2.1
3902.59 0.0006 0.00   0.11   2.1  2.1
3902.60 0.0006 0.00   0.10   2.3  2.3
3902.61 0.0006 0.00   0.11   2.3  2.3
3902.62 0.0005 0.00   0.11   2.3  2.3
3902.63 0.0005 0.00   0.11   2.3  2.3
3902.64 0.0004 0.00   0.12   2.3  2.3
3902.65 0.0004 0.00   0.11   2.3  2.3
3902.66 0.0004 0.00   0.11   2.2  2.2
3902.67 0.0004 0.00   0.11   2.2  2.2
3902.68 0.0004 0.00   0.11   2.1  2.1
3902.69 0.0004 0.00   0.11   2.1  2.1
3902.70 0.0004 0.00   0.13   2.1  2.1
3902.71 0.0004 0.00   0.15   2.1  2.1
3902.72 0.0003 0.00   0.14   2.0  2.0
3902.73 0.0003 0.01   0.13   2.0  1.9
3902.74 0.0003 0.01   0.13   2.0  1.9
3902.75 0.0003 0.01   0.14   2.1  1.9
3902.76 0.0003 0.02   0.14   2.0  1.9
3902.77 0.0003 0.02   0.16   2.0  1.9
3902.78 0.0003 0.01   0.16   2.0  1.9
3902.79 0.0003 0.00   0.16   2.1  2.1
3902.80 0.0003 0.00   0.16   2.0  2.0
3902.81 0.0003 0.00   0.15   2.0  2.0
3902.82 0.0004 0.00   0.13   2.1  2.1
3902.83 0.0004 0.00   0.13   2.1  2.1
3902.84 0.0004 0.00   0.11   2.0  2.0
3902.85 0.0004 0.00   0.11   2.1  2.1
3902.86 0.0004 0.00   0.10   2.0  2.0
3902.87 0.0004 0.00   0.10   2.0  2.0
3902.88 0.0004 0.00   0.10   2.1  2.0
3902.89 0.0004 0.01   0.09   2.0  1.9
3902.90 0.0004 0.00   0.11   2.1  2.1
3902.91 0.0004 0.00   0.10   2.1  2.1
3902.92 0.0004 0.00   0.11   2.0  2.0
3902.93 0.0004 0.00   0.11   2.0  2.0
3902.94 0.0004 0.01   0.10   1.9  1.9
3902.95 0.0004 0.00   0.11   2.0  2.0
3902.96 0.0004 0.00   0.10   2.0  2.0
3902.97 0.0004 0.00   0.08   1.9  1.9
3902.98 0.0004 0.00   0.09   1.9  1.9
3902.99 0.0004 0.01   0.09   2.0  2.0
3903.00 0.0004 0.01   0.08   2.1  2.0
3903.01 0.0005 0.02   0.07   2.0  1.9
3903.02 0.0005 0.02   0.07   2.0  1.8
3903.03 0.0005 0.02   0.06   2.1  1.9
3903.04 0.0005 0.01   0.06   2.1  2.0
3903.05 0.0005 0.02   0.05   2.2  2.0
3903.06 0.0005 0.03   0.04   2.2  2.0
3903.07 0.0005 0.02   0.04   2.2  2.1
3903.08 0.0006 0.02   0.04   2.2  2.0
3903.09 0.0006 0.02   0.04   2.2  2.0
3903.10 0.0006 0.03   0.04   2.0  1.8
3903.11 0.0006 0.04   0.03   2.0  1.7
3903.12 0.0006 0.04   0.01   1.9  1.6
3903.13 0.0006 0.04   0.01   1.9  1.6
3903.14 0.0006 0.03   0.02   1.8  1.6
3903.15 0.0006 0.03   0.03   1.8  1.7
3903.16 0.0006 0.02   0.03   1.9  1.7
3903.17 0.0006 0.02   0.04   1.8  1.7
3903.18 0.0006 0.02   0.04   1.9  1.7
3903.19 0.0006 0.02   0.06   1.8  1.6
3903.20 0.0006 0.03   0.06   1.7  1.5
3903.21 0.0006 0.04   0.06   1.7  1.5
3903.22 0.0006 0.04   0.05   1.8  1.5
3903.23 0.0006 0.04   0.04   1.8  1.5
3903.24 0.0006 0.05   0.04   1.8  1.5
3903.25 0.0007 0.03   0.03   1.8  1.6
3903.26 0.0007 0.03   0.03   1.7  1.5
3903.27 0.0007 0.02   0.03   1.7  1.5
3903.28 0.0007 0.01   0.05   1.8  1.7
3903.29 0.0008 0.00   0.06   1.9  1.9
3903.30 0.0008 0.01   0.06   1.9  1.8
3903.31 0.0008 0.01   0.06   1.8  1.8
3903.32 0.0008 0.00   0.07   1.9  1.9
3903.33 0.0008 0.00   0.07   1.9  1.9
3903.34 0.0008 0.00   0.07   1.9  1.9
3903.35 0.0008 0.01   0.07   1.9  1.9
3903.36 0.0008 0.00   0.08   1.9  1.9
3903.37 0.0008 0.00   0.07   1.9  1.9
3903.38 0.0008 0.01   0.07   1.9  1.8
3903.39 0.0008 0.01   0.07   1.9  1.8
3903.40 0.0008 0.01   0.07   1.8  1.8
3903.41 0.0008 0.01   0.06   1.9  1.8
3903.42 0.0008 0.01   0.05   1.8  1.8
3903.43 0.0008 0.02   0.05   2.0  1.9
3903.44 0.0008 0.02   0.05   2.1  2.0
3903.45 0.0007 0.02   0.04   2.1  2.0
3903.46 0.0007 0.01   0.05   2.1  2.0
3903.47 0.0007 0.01   0.04   1.9  1.9
3903.48 0.0007 0.02   0.04   1.9  1.8
3903.49 0.0007 0.02   0.04   1.9  1.8
3903.50 0.0008 0.01   0.03   1.9  1.8
3903.51 0.0008 0.01   0.03   1.9  1.9
3903.52 0.0007 0.01   0.05   1.9  1.9
3903.53 0.0008 0.00   0.05   1.9  1.9
3903.54 0.0008 0.00   0.05   1.8  1.8
3903.55 0.0008 0.00   0.06   1.9  1.9
3903.56 0.0008 0.00   0.06   1.9  1.9
3903.57 0.0008 0.00   0.06   2.0  2.0
3903.58 0.0008 0.00   0.05   2.0  2.0
3903.59 0.0008 0.01   0.03   1.9  1.9
3903.60 0.0008 0.02   0.03   1.9  1.8
3903.61 0.0008 0.01   0.04   1.9  1.8
3903.62 0.0008 0.02   0.04   1.8  1.6
3903.63 0.0008 0.03   0.04   1.8  1.7
3903.64 0.0008 0.02   0.04   1.8  1.7
3903.65 0.0009 0.02   0.04   1.8  1.6
3903.66 0.0009 0.02   0.03   1.8  1.7
3903.67 0.0009 0.02   0.03   1.8  1.7
3903.68 0.0009 0.00   0.04   1.8  1.7
3903.69 0.0009 0.00   0.05   1.8  1.8
3903.70 0.0009 0.00   0.05   1.8  1.8
3903.71 0.0009 0.00   0.05   1.8  1.8
3903.72 0.0008 0.00   0.05   1.9  1.9
3903.73 0.0008 0.00   0.07   1.9  1.9
3903.74 0.0008 0.00   0.07   1.9  1.9
3903.75 0.0008 0.00   0.07   1.8  1.8
3903.76 0.0008 0.00   0.07   1.8  1.8
3903.77 0.0009 0.00   0.07   1.8  1.8
3903.78 0.0009 0.00   0.07   1.8  1.8
3903.79 0.0009 0.00   0.08   1.8  1.8
3903.80 0.0009 0.00   0.09   1.8  1.8
3903.81 0.0009 0.00   0.09   1.8  1.8
3903.82 0.0009 0.00   0.09   1.8  1.8
3903.83 0.0009 0.00   0.08   1.7  1.7
3903.84 0.0008 0.00   0.09   1.7  1.7
3903.85 0.0008 0.00   0.08   1.7  1.7
3903.86 0.0008 0.00   0.08   1.7  1.7
3903.87 0.0008 0.00   0.08   1.6  1.6
3903.88 0.0008 0.00   0.09   1.7  1.7
3903.89 0.0008 0.00   0.09   1.7  1.7
3903.90 0.0008 0.01   0.09   1.7  1.6
3903.91 0.0008 0.00   0.10   1.6  1.6
3903.92 0.0008 0.01   0.10   1.6  1.5
3903.93 0.0008 0.01   0.09   1.5  1.5
3903.94 0.0008 0.00   0.09   1.6  1.5
3903.95 0.0008 0.01   0.09   1.5  1.5
3903.96 0.0008 0.01   0.10   1.5  1.5
3903.97 0.0008 0.00   0.11   1.5  1.5
3903.98 0.0008 0.00   0.11   1.5  1.5
3903.99 0.0008 0.02   0.11   1.4  1.4
3904.00 0.0008 0.02   0.11   1.3  1.2
3904.01 0.0008 0.03   0.10   1.2  1.1
3904.02 0.0009 0.03   0.11   1.1  0.9
3904.03 0.0009 0.05   0.11   1.1  0.9
3904.04 0.0009 0.05   0.11   1.1  0.9
3904.05 0.0009 0.05   0.11   1.1  0.9
3904.06 0.0009 0.05   0.11   1.0  0.8
3904.07 0.0009 0.05   0.10   1.1  0.8
3904.08 0.0009 0.04   0.10   1.1  0.9
3904.09 0.0009 0.03   0.11   1.1  0.9
3904.10 0.0009 0.02   0.11   1.1  1.0
3904.11 0.0009 0.02   0.10   1.1  1.0
3904.12 0.0009 0.03   0.09   1.1  0.9
3904.13 0.0010 0.02   0.09   1.1  0.9
3904.14 0.0010 0.02   0.10   1.0  0.9
3904.15 0.0011 0.03   0.10   1.7  1.6
3904.16 0.0011 0.03   0.10   2.6  2.5
3904.17 0.0010 0.02   0.10   1.7  1.6
3904.18 0.0011 0.02   0.09   1.3  1.2
3904.19 0.0011 0.03   0.08   1.3  1.1
3904.20 0.0011 0.03   0.08   1.0  0.9
3904.21 0.0011 0.02   0.08   1.1  1.0
3904.22 0.0011 0.01   0.07   1.2  1.1
3904.23 0.0010 0.01   0.07   1.4  1.4
3904.24 0.0010 0.00   0.08   1.3  1.3
3904.25 0.0010 0.00   0.08   1.4  1.4
3904.26 0.0010 0.00   0.08   1.4  1.4
3904.27 0.0010 0.00   0.07   1.5  1.5
3904.28 0.0010 0.00   0.06   1.5  1.5
3904.29 0.0010 0.00   0.07   1.6  1.6
3904.30 0.0010 0.00   0.07   1.7  1.7
3904.31 0.0010 0.00   0.07   1.7  1.7
3904.32 0.0010 0.00   0.07   1.8  1.8
3904.33 0.0010 0.00   0.07   1.8  1.8
3904.34 0.0010 0.00   0.07   1.8  1.8
3904.35 0.0009 0.00   0.06   1.9  1.9
3904.36 0.0009 0.00   0.06   1.9  1.9
3904.37 0.0009 0.00   0.07   1.8  1.8
3904.38 0.0009 0.00   0.08   1.8  1.8
3904.39 0.0009 0.00   0.08   1.8  1.8
3904.40 0.0008 0.00   0.07   1.9  1.9
3904.41 0.0008 0.00   0.06   2.0  2.0
3904.42 0.0008 0.00   0.07   2.0  2.0
3904.43 0.0008 0.00   0.08   1.9  1.9
3904.44 0.0008 0.00   0.07   1.9  1.9
3904.45 0.0008 0.01   0.06   2.1  2.0
3904.46 0.0007 0.00   0.05   2.3  2.2
3904.47 0.0007 0.00   0.05   2.3  2.3
3904.48 0.0007 0.00   0.06   2.3  2.3
3904.49 0.0007 0.00   0.07   2.1  2.1
3904.50 0.0007 0.00   0.08   2.1  2.1
3904.51 0.0007 0.00   0.08   2.1  2.1
3904.52 0.0007 0.00   0.08   2.1  2.1
3904.53 0.0007 0.00   0.09   2.1  2.1
3904.54 0.0007 0.00   0.08   2.1  2.1
3904.55 0.0007 0.00   0.08   2.2  2.2
3904.56 0.0006 0.00   0.07   2.4  2.4
3904.57 0.0006 0.00   0.06   2.4  2.3
3904.58 0.0006 0.00   0.06   2.4  2.4
3904.59 0.0006 0.00   0.07   2.4  2.4
3904.60 0.0006 0.00   0.07   2.4  2.4
3904.61 0.0006 0.00   0.07   2.4  2.4
3904.62 0.0006 0.00   0.07   2.4  2.4
3904.63 0.0006 0.00   0.08   2.5  2.5
3904.64 0.0006 0.00   0.07   2.5  2.5
3904.65 0.0006 0.00   0.07   2.5  2.5
3904.66 0.0006 0.00   0.06   2.6  2.6
3904.67 0.0006 0.00   0.08   2.5  2.5
3904.68 0.0006 0.00   0.07   2.6  2.6
3904.69 0.0006 0.00   0.07   2.6  2.6
3904.70 0.0006 0.00   0.08   2.6  2.6
3904.71 0.0006 0.00   0.08   2.5  2.5
3904.72 0.0006 0.00   0.08   2.6  2.6
3904.73 0.0006 0.00   0.08   2.7  2.7
3904.74 0.0007 0.00   0.07   2.8  2.8
3904.75 0.0008 0.00   0.07   2.9  2.9
3904.76 0.0008 0.00   0.06   2.9  2.9
3904.77 0.0008 0.00   0.06   2.9  2.9
3904.78 0.0008 0.00   0.06   2.8  2.8
3904.79 0.0008 0.00   0.06   2.9  2.9
3904.80 0.0009 0.00   0.05   3.0  3.0
3904.81 0.0010 0.00   0.04   3.0  3.0
3904.82 0.0010 0.00   0.04   3.1  3.1
3904.83 0.0011 0.00   0.02   3.1  3.1
3904.84 0.0010 0.00   0.03   3.1  3.1
3904.85 0.0010 0.00   0.04   3.1  3.1
3904.86 0.0011 0.00   0.03   3.1  3.1
3904.87 0.0011 0.00   0.03   3.2  3.2
3904.88 0.0011 0.00   0.03   3.2  3.2
3904.89 0.0012 0.00   0.00   3.3  3.3
3904.90 0.0012 0.00   0.00   3.3  3.3
3904.91 0.0012 0.00   0.00   3.3  3.3
3904.92 0.0012 0.00   0.00   3.2  3.2
3904.93 0.0013 0.00   0.00   3.3  3.3
3904.94 0.0014 0.00   0.00   3.3  3.3
3904.95 0.0014 0.00   0.00   3.3  3.3
3904.96 0.0014 0.00   0.00   3.3  3.3
3904.97 0.0013 0.00   0.00   3.3  3.3
3904.98 0.0013 0.00   0.00   3.3  3.3
3904.99 0.0013 0.00   0.00   3.2  3.2
3905.00 0.0013 0.00   0.00   3.3  3.3
3905.01 0.0013 0.00   0.00   3.3  3.3
3905.02 0.0013 0.00   0.00   3.4  3.4
3905.03 0.0013 0.02   0.00   3.4  3.3
3905.04 0.0012 0.05   0.00   3.3  3.0
3905.05 0.0011 0.06   0.00   3.3  2.9
3905.06 0.0011 0.06   0.00   3.3  3.0
3905.07 0.0011 0.06   0.00   3.2  2.9
3905.08 0.0011 0.08   0.00   3.3  2.8
3905.09 0.0011 0.08   0.00   3.2  2.8
3905.10 0.0011 0.07   0.00   3.3  2.9
3905.11 0.0010 0.09   0.00   3.3  2.8
3905.12 0.0010 0.08   0.00   3.3  2.8
3905.13 0.0010 0.08   0.00   3.3  2.8
3905.14 0.0010 0.06   0.00   3.2  2.8
3905.15 0.0010 0.07   0.00   3.2  2.7
3905.16 0.0010 0.06   0.00   3.1  2.8
3905.17 0.0010 0.05   0.00   3.1  2.8
3905.18 0.0011 0.03   0.00   3.1  2.9
3905.19 0.0010 0.02   0.03   3.0  2.9
3905.20 0.0010 0.01   0.04   3.0  2.9
3905.21 0.0010 0.00   0.06   3.0  2.9
3905.22 0.0008 0.01   0.06   2.9  2.8
3905.23 0.0008 0.01   0.08   2.8  2.8
3905.24 0.0008 0.01   0.09   2.9  2.9
3905.25 0.0008 0.00   0.10   2.9  2.9
3905.26 0.0007 0.02   0.09   2.9  2.7
3905.27 0.0007 0.01   0.09   2.9  2.8
3905.28 0.0007 0.01   0.09   2.9  2.8
3905.29 0.0007 0.03   0.10   2.9  2.7
3905.30 0.0006 0.04   0.09   2.9  2.6
3905.31 0.0006 0.04   0.09   2.9  2.7
3905.32 0.0007 0.03   0.10   3.0  2.8
3905.33 0.0007 0.02   0.12   3.0  2.9
3905.34 0.0007 0.02   0.14   3.0  2.9
3905.35 0.0007 0.01   0.14   3.0  3.0
3905.36 0.0007 0.00   0.13   3.0  3.0
3905.37 0.0007 0.00   0.13   3.0  3.0
3905.38 0.0007 0.00   0.13   2.9  2.9
3905.39 0.0006 0.00   0.14   2.9  2.9
3905.40 0.0006 0.00   0.15   2.9  2.9
3905.41 0.0006 0.00   0.14   3.0  3.0
3905.42 0.0006 0.00   0.14   2.9  2.9
3905.43 0.0006 0.00   0.13   2.9  2.9
3905.44 0.0007 0.00   0.13   3.0  3.0
3905.45 0.0007 0.00   0.12   3.0  3.0
3905.46 0.0007 0.00   0.13   3.0  3.0
3905.47 0.0006 0.00   0.13   2.9  2.9
3905.48 0.0007 0.00   0.12   3.0  3.0
3905.49 0.0007 0.00   0.12   2.9  2.9
3905.50 0.0007 0.00   0.11   3.0  3.0
3905.51 0.0007 0.00   0.10   3.0  3.0
3905.52 0.0007 0.01   0.09   3.0  3.0
3905.53 0.0007 0.00   0.09   3.0  3.0
3905.54 0.0007 0.00   0.10   3.0  3.0
3905.55 0.0007 0.00   0.10   3.1  3.1
3905.56 0.0007 0.00   0.10   3.0  3.0
3905.57 0.0007 0.00   0.10   3.0  3.0
3905.58 0.0007 0.00   0.09   3.0  3.0
3905.59 0.0007 0.00   0.09   3.1  3.1
3905.60 0.0007 0.00   0.10   3.1  3.1
3905.61 0.0007 0.00   0.09   3.0  3.0
3905.62 0.0007 0.00   0.09   3.0  3.0
3905.63 0.0007 0.00   0.10   3.0  3.0
3905.64 0.0007 0.00   0.11   3.0  3.0
3905.65 0.0007 0.00   0.11   3.0  3.0
3905.66 0.0007 0.00   0.11   2.9  2.9
3905.67 0.0006 0.00   0.11   2.8  2.8
3905.68 0.0006 0.00   0.11   2.8  2.8
3905.69 0.0007 0.00   0.09   2.8  2.8
3905.70 0.0007 0.00   0.09   2.8  2.8
3905.71 0.0007 0.00   0.08   2.8  2.8
3905.72 0.0007 0.00   0.06   2.8  2.8
3905.73 0.0007 0.00   0.06   2.9  2.9
3905.74 0.0007 0.00   0.07   2.8  2.8
3905.75 0.0007 0.00   0.08   2.8  2.8
3905.76 0.0007 0.00   0.08   2.8  2.8
3905.77 0.0007 0.00   0.10   2.8  2.8
3905.78 0.0007 0.00   0.11   2.9  2.9
3905.79 0.0007 0.00   0.11   3.0  3.0
3905.80 0.0007 0.00   0.11   3.1  3.1
3905.81 0.0007 0.00   0.12   3.1  3.1
3905.82 0.0007 0.00   0.12   3.1  3.1
3905.83 0.0007 0.02   0.09   3.0  3.0
3905.84 0.0007 0.02   0.10   3.1  3.0
3905.85 0.0007 0.03   0.10   3.0  2.8
3905.86 0.0007 0.02   0.11   3.0  2.9
3905.87 0.0007 0.01   0.11   2.9  2.8
3905.88 0.0007 0.03   0.08   2.8  2.7
3905.89 0.0007 0.03   0.07   2.8  2.6
3905.90 0.0006 0.04   0.07   2.7  2.5
3905.91 0.0005 0.06   0.06   2.7  2.4
3905.92 0.0006 0.06   0.04   2.6  2.3
3905.93 0.0006 0.06   0.04   2.6  2.3
3905.94 0.0006 0.05   0.04   2.7  2.4
3905.95 0.0006 0.05   0.03   2.6  2.3
3905.96 0.0005 0.06   0.01   2.4  2.1
3905.97 0.0005 0.07   0.01   2.4  2.0
3905.98 0.0005 0.07   0.00   2.4  1.9
3905.99 0.0005 0.08   0.00   2.4  1.9
3906.00 0.0005 0.08   0.01   2.4  1.9
3906.01 0.0004 0.07   0.02   2.3  1.8
3906.02 0.0004 0.07   0.03   2.3  1.9
3906.03 0.0004 0.08   0.03   2.3  1.8
3906.04 0.0004 0.08   0.04   2.4  1.9
3906.05 0.0004 0.09   0.03   2.5  1.9
3906.06 0.0004 0.08   0.02   2.4  1.9
3906.07 0.0004 0.09   0.02   2.4  1.8
3906.08 0.0004 0.10   0.02   2.4  1.8
3906.09 0.0005 0.10   0.01   2.4  1.8
3906.10 0.0004 0.10   0.00   2.3  1.6
3906.11 0.0005 0.09   0.00   2.2  1.6
3906.12 0.0005 0.08   0.00   2.2  1.6
3906.13 0.0005 0.07   0.01   2.1  1.6
3906.14 0.0005 0.06   0.03   2.0  1.6
3906.15 0.0005 0.05   0.03   2.0  1.6
3906.16 0.0006 0.04   0.03   2.1  1.8
3906.17 0.0006 0.04   0.02   2.0  1.7
3906.18 0.0006 0.06   0.02   2.1  1.6
3906.19 0.0006 0.07   0.02   2.1  1.6
3906.20 0.0006 0.06   0.02   2.1  1.7
3906.21 0.0005 0.06   0.03   2.1  1.7
3906.22 0.0005 0.06   0.04   2.2  1.7
3906.23 0.0005 0.05   0.04   2.1  1.8
3906.24 0.0006 0.05   0.05   2.2  1.8
3906.25 0.0006 0.07   0.05   2.2  1.7
3906.26 0.0006 0.07   0.05   2.2  1.7
3906.27 0.0006 0.07   0.06   2.3  1.8
3906.28 0.0005 0.06   0.06   2.3  2.0
3906.29 0.0006 0.06   0.06   2.3  2.0
3906.30 0.0006 0.05   0.06   2.4  2.1
3906.31 0.0006 0.04   0.07   2.4  2.1
3906.32 0.0006 0.03   0.07   2.4  2.2
3906.33 0.0006 0.03   0.06   2.4  2.2
3906.34 0.0006 0.04   0.07   2.4  2.1
3906.35 0.0006 0.04   0.06   2.4  2.2
3906.36 0.0007 0.04   0.06   2.3  2.1
3906.37 0.0007 0.03   0.06   2.2  2.0
3906.38 0.0006 0.04   0.07   2.1  1.9
3906.39 0.0006 0.04   0.07   2.1  1.8
3906.40 0.0007 0.03   0.07   2.1  1.9
3906.41 0.0006 0.03   0.08   2.0  1.8
3906.42 0.0006 0.04   0.08   2.0  1.8
3906.43 0.0006 0.05   0.08   2.0  1.7
3906.44 0.0006 0.05   0.07   2.0  1.7
3906.45 0.0006 0.05   0.06   2.0  1.7
3906.46 0.0006 0.05   0.06   2.1  1.8
3906.47 0.0006 0.05   0.05   2.2  1.9
3906.48 0.0007 0.05   0.05   2.1  1.8
3906.49 0.0006 0.07   0.06   2.1  1.8
3906.50 0.0006 0.04   0.07   2.2  1.9
3906.51 0.0006 0.04   0.07   2.2  2.0
3906.52 0.0006 0.02   0.07   2.2  2.1
3906.53 0.0006 0.01   0.06   2.3  2.3
3906.54 0.0006 0.00   0.06   2.4  2.4
3906.55 0.0006 0.00   0.06   2.3  2.3
3906.56 0.0006 0.00   0.06   2.3  2.3
3906.57 0.0007 0.00   0.05   2.3  2.3
3906.58 0.0007 0.00   0.04   2.3  2.3
3906.59 0.0007 0.00   0.05   2.2  2.2
3906.60 0.0007 0.01   0.05   2.1  2.1
3906.61 0.0007 0.00   0.04   2.1  2.1
3906.62 0.0007 0.00   0.05   2.1  2.1
3906.63 0.0007 0.00   0.04   2.1  2.1
3906.64 0.0007 0.01   0.04   2.1  2.1
3906.65 0.0007 0.00   0.04   2.2  2.1
3906.66 0.0007 0.01   0.05   2.2  2.1
3906.67 0.0007 0.01   0.05   2.2  2.2
3906.68 0.0006 0.02   0.04   2.3  2.2
3906.69 0.0006 0.01   0.05   2.4  2.3
3906.70 0.0006 0.01   0.06   2.4  2.3
3906.71 0.0006 0.02   0.06   2.4  2.3
3906.72 0.0006 0.02   0.06   2.4  2.3
3906.73 0.0006 0.02   0.05   2.5  2.3
3906.74 0.0006 0.01   0.06   2.6  2.5
3906.75 0.0006 0.01   0.06   2.6  2.6
3906.76 0.0006 0.01   0.07   2.6  2.5
3906.77 0.0006 0.02   0.06   2.6  2.5
3906.78 0.0006 0.01   0.06   2.6  2.5
3906.79 0.0006 0.01   0.06   2.7  2.6
3906.80 0.0007 0.01   0.06   2.7  2.6
3906.81 0.0006 0.01   0.06   2.6  2.6
3906.82 0.0006 0.02   0.05   2.6  2.5
3906.83 0.0005 0.03   0.06   2.5  2.3
3906.84 0.0005 0.04   0.05   2.5  2.2
3906.85 0.0005 0.06   0.05   2.4  2.1
3906.86 0.0005 0.06   0.05   2.4  2.0
3906.87 0.0005 0.06   0.06   2.4  2.0
3906.88 0.0004 0.06   0.07   2.3  2.0
3906.89 0.0004 0.05   0.06   2.4  2.1
3906.90 0.0005 0.04   0.06   2.4  2.2
3906.91 0.0005 0.04   0.06   2.5  2.3
3906.92 0.0006 0.04   0.05   2.6  2.4
3906.93 0.0006 0.03   0.06   2.7  2.5
3906.94 0.0007 0.02   0.06   2.7  2.5
3906.95 0.0006 0.03   0.06   2.7  2.5
3906.96 0.0007 0.03   0.04   2.8  2.6
3906.97 0.0008 0.01   0.03   2.8  2.7
3906.98 0.0008 0.00   0.03   2.8  2.7
3906.99 0.0008 0.00   0.03   2.7  2.7
3907.00 0.0007 0.00   0.04   2.6  2.6
3907.01 0.0008 0.00   0.04   2.6  2.6
3907.02 0.0007 0.00   0.04   2.7  2.7
3907.03 0.0008 0.00   0.04   2.7  2.7
3907.04 0.0007 0.00   0.05   2.7  2.7
3907.05 0.0007 0.00   0.06   2.6  2.6
3907.06 0.0006 0.00   0.06   2.5  2.5
3907.07 0.0006 0.00   0.07   2.5  2.5
3907.08 0.0006 0.00   0.08   2.6  2.6
3907.09 0.0006 0.00   0.08   2.6  2.6
3907.10 0.0006 0.00   0.08   2.6  2.6
3907.11 0.0006 0.00   0.07   2.5  2.5
3907.12 0.0006 0.00   0.07   2.6  2.6
3907.13 0.0006 0.01   0.06   2.6  2.5
3907.14 0.0006 0.00   0.07   2.5  2.5
3907.15 0.0006 0.00   0.08   2.6  2.6
3907.16 0.0006 0.00   0.08   2.7  2.7
3907.17 0.0006 0.00   0.09   2.7  2.7
3907.18 0.0007 0.00   0.10   2.7  2.7
3907.19 0.0007 0.00   0.09   2.8  2.8
3907.20 0.0007 0.00   0.10   2.8  2.8
3907.21 0.0007 0.00   0.11   2.7  2.7
3907.22 0.0007 0.00   0.12   2.7  2.7
3907.23 0.0007 0.00   0.11   2.7  2.7
3907.24 0.0007 0.00   0.10   2.6  2.6
3907.25 0.0007 0.00   0.10   2.6  2.6
3907.26 0.0007 0.01   0.10   2.6  2.6
3907.27 0.0007 0.00   0.11   2.6  2.5
3907.28 0.0007 0.00   0.12   2.6  2.6
3907.29 0.0007 0.00   0.12   2.6  2.6
3907.30 0.0007 0.00   0.12   2.7  2.7
3907.31 0.0007 0.01   0.11   2.7  2.7
3907.32 0.0007 0.01   0.10   2.8  2.7
3907.33 0.0007 0.01   0.09   2.8  2.7
3907.34 0.0007 0.01   0.09   2.8  2.7
3907.35 0.0007 0.02   0.08   2.8  2.7
3907.36 0.0007 0.02   0.08   2.8  2.7
3907.37 0.0006 0.01   0.08   2.9  2.8
3907.38 0.0007 0.01   0.08   2.9  2.8
3907.39 0.0007 0.01   0.08   2.9  2.8
3907.40 0.0007 0.02   0.07   2.9  2.8
3907.41 0.0006 0.02   0.08   2.8  2.7
3907.42 0.0006 0.03   0.08   2.8  2.6
3907.43 0.0006 0.03   0.08   2.8  2.6
3907.44 0.0006 0.02   0.09   2.8  2.7
3907.45 0.0006 0.02   0.08   2.8  2.7
3907.46 0.0006 0.02   0.08   2.8  2.6
3907.47 0.0006 0.03   0.08   2.8  2.6
3907.48 0.0006 0.04   0.07   2.8  2.6
3907.49 0.0006 0.04   0.07   2.9  2.6
3907.50 0.0006 0.04   0.08   2.9  2.7
3907.51 0.0007 0.04   0.09   3.0  2.7
3907.52 0.0007 0.04   0.08   3.0  2.8
3907.53 0.0007 0.05   0.08   3.1  2.7
3907.54 0.0007 0.05   0.09   3.1  2.8
3907.55 0.0006 0.06   0.13   3.1  2.8
3907.56 0.0006 0.07   0.12   3.2  2.8
3907.57 0.0006 0.07   0.12   3.2  2.7
3907.58 0.0007 0.07   0.11   3.3  2.9
3907.59 0.0007 0.09   0.10   3.3  2.8
3907.60 0.0006 0.07   0.12   3.2  2.8
3907.61 0.0006 0.07   0.12   3.2  2.8
3907.62 0.0007 0.04   0.12   3.1  2.9
3907.63 0.0007 0.03   0.13   3.1  3.0
3907.64 0.0007 0.03   0.14   3.1  3.0
3907.65 0.0007 0.02   0.15   3.2  3.1
3907.66 0.0007 0.02   0.17   3.2  3.1
3907.67 0.0007 0.01   0.16   3.2  3.1
3907.68 0.0007 0.01   0.16   3.2  3.1
3907.69 0.0006 0.05   0.13   3.1  2.8
3907.70 0.0006 0.05   0.15   3.1  2.8
3907.71 0.0007 0.01   0.15   3.1  3.0
3907.72 0.0007 0.01   0.14   3.1  3.0
3907.73 0.0007 0.02   0.12   3.0  2.9
3907.74 0.0006 0.03   0.11   3.0  2.8
3907.75 0.0006 0.04   0.11   3.0  2.8
3907.76 0.0006 0.03   0.12   3.0  2.9
3907.77 0.0006 0.03   0.12   3.0  2.8
3907.78 0.0006 0.02   0.12   2.9  2.8
3907.79 0.0006 0.02   0.12   2.8  2.7
3907.80 0.0006 0.02   0.11   2.8  2.7
3907.81 0.0005 0.02   0.09   2.7  2.5
3907.82 0.0005 0.02   0.09   2.6  2.5
3907.83 0.0006 0.02   0.09   2.5  2.4
3907.84 0.0006 0.03   0.08   2.6  2.4
3907.85 0.0006 0.03   0.07   2.6  2.4
3907.86 0.0006 0.03   0.09   2.5  2.3
3907.87 0.0006 0.03   0.09   2.4  2.2
3907.88 0.0006 0.02   0.10   2.3  2.2
3907.89 0.0007 0.02   0.09   2.3  2.2
3907.90 0.0007 0.02   0.07   2.3  2.2
3907.91 0.0007 0.01   0.06   2.3  2.3
3907.92 0.0007 0.02   0.05   2.4  2.3
3907.93 0.0006 0.03   0.05   2.4  2.2
3907.94 0.0007 0.03   0.05   2.3  2.1
3907.95 0.0007 0.03   0.05   2.3  2.1
3907.96 0.0007 0.02   0.05   2.3  2.2
3907.97 0.0007 0.02   0.06   2.3  2.2
3907.98 0.0007 0.02   0.05   2.4  2.3
3907.99 0.0007 0.03   0.03   2.5  2.3
3908.00 0.0007 0.02   0.03   2.6  2.4
3908.01 0.0007 0.02   0.03   2.6  2.5
3908.02 0.0007 0.01   0.03   2.6  2.5
3908.03 0.0007 0.01   0.03   2.6  2.6
3908.04 0.0007 0.01   0.03   2.7  2.6
3908.05 0.0008 0.00   0.05   2.9  2.9
3908.06 0.0008 0.00   0.05   2.9  2.9
3908.07 0.0008 0.00   0.05   3.0  3.0
3908.08 0.0008 0.00   0.05   3.0  3.0
3908.09 0.0008 0.00   0.06   3.1  3.1
3908.10 0.0008 0.00   0.06   3.0  3.0
3908.11 0.0009 0.00   0.04   3.1  3.1
3908.12 0.0010 0.00   0.03   3.2  3.2
3908.13 0.0010 0.01   0.03   3.3  3.2
3908.14 0.0011 0.00   0.05   3.4  3.4
3908.15 0.0011 0.00   0.05   3.4  3.4
3908.16 0.0011 0.00   0.06   3.5  3.5
3908.17 0.0010 0.00   0.10   3.5  3.5
3908.18 0.0010 0.00   0.12   3.6  3.6
3908.19 0.0011 0.00   0.12   3.6  3.6
3908.20 0.0011 0.00   0.12   3.7  3.7
3908.21 0.0010 0.00   0.16   3.6  3.6
3908.22 0.0010 0.00   0.20   3.7  3.7
3908.23 0.0010 0.00   0.21   3.7  3.7
3908.24 0.0010 0.00   0.22   3.7  3.7
3908.25 0.0010 0.00   0.26   3.7  3.7
3908.26 0.0010 0.00   0.29   3.7  3.7
3908.27 0.0010 0.00   0.32   3.7  3.7
3908.28 0.0011 0.00   0.34   3.7  3.7
3908.29 0.0011 0.00   0.36   3.8  3.8
3908.30 0.0012 0.00   0.38   3.8  3.8
3908.31 0.0011 0.00   0.41   3.7  3.7
3908.32 0.0010 0.00   0.41   3.7  3.7
3908.33 0.0011 0.00   0.39   3.7  3.7
3908.34 0.0011 0.00   0.35   3.7  3.7
3908.35 0.0011 0.00   0.33   3.7  3.7
3908.36 0.0011 0.00   0.29   3.7  3.7
3908.37 0.0011 0.00   0.28   3.7  3.7
3908.38 0.0011 0.00   0.27   3.8  3.8
3908.39 0.0011 0.00   0.25   3.8  3.8
3908.40 0.0013 0.00   0.25   3.8  3.8
3908.41 0.0014 0.00   0.23   3.9  3.9
3908.42 0.0014 0.00   0.21   3.9  3.9
3908.43 0.0012 0.00   0.23   3.9  3.9
3908.44 0.0011 0.00   0.24   3.8  3.8
3908.45 0.0011 0.00   0.23   3.8  3.8
3908.46 0.0011 0.00   0.22   3.8  3.8
3908.47 0.0011 0.00   0.20   3.8  3.8
3908.48 0.0011 0.00   0.17   3.8  3.8
3908.49 0.0012 0.00   0.14   3.8  3.8
3908.50 0.0012 0.00   0.14   3.8  3.8
3908.51 0.0013 0.00   0.14   3.8  3.8
3908.52 0.0013 0.00   0.14   3.8  3.8
3908.53 0.0014 0.00   0.13   3.9  3.9
3908.54 0.0014 0.00   0.12   3.9  3.9
3908.55 0.0013 0.02   0.11   3.9  3.7
3908.56 0.0011 0.05   0.10   3.9  3.6
3908.57 0.0012 0.03   0.10   3.8  3.7
3908.58 0.0012 0.02   0.09   3.9  3.7
3908.59 0.0012 0.02   0.09   3.8  3.7
3908.60 0.0011 0.01   0.12   3.8  3.7
3908.61 0.0010 0.00   0.13   3.7  3.6
3908.62 0.0010 0.01   0.12   3.6  3.5
3908.63 0.0009 0.02   0.12   3.6  3.5
3908.64 0.0008 0.04   0.13   3.5  3.3
3908.65 0.0007 0.06   0.13   3.5  3.2
3908.66 0.0007 0.07   0.12   3.4  3.1
3908.67 0.0007 0.07   0.10   3.4  3.1
3908.68 0.0008 0.05   0.09   3.3  3.1
3908.69 0.0007 0.05   0.09   3.3  3.0
3908.70 0.0007 0.07   0.08   3.3  2.9
3908.71 0.0007 0.06   0.08   3.1  2.8
3908.72 0.0007 0.05   0.06   3.2  2.9
3908.73 0.0007 0.06   0.06   3.1  2.8
3908.74 0.0007 0.06   0.06   3.1  2.7
3908.75 0.0006 0.07   0.05   3.0  2.6
3908.76 0.0006 0.07   0.05   3.0  2.6
3908.77 0.0006 0.06   0.06   3.0  2.6
3908.78 0.0006 0.06   0.07   3.0  2.6
3908.79 0.0006 0.06   0.07   2.9  2.6
3908.80 0.0007 0.05   0.07   3.0  2.7
3908.81 0.0007 0.04   0.07   2.9  2.7
3908.82 0.0007 0.03   0.07   2.9  2.7
3908.83 0.0007 0.03   0.07   2.8  2.6
3908.84 0.0007 0.02   0.07   2.8  2.6
3908.85 0.0006 0.03   0.06   2.7  2.5
3908.86 0.0007 0.03   0.05   2.7  2.5
3908.87 0.0006 0.03   0.05   2.6  2.5
3908.88 0.0007 0.02   0.05   2.6  2.5
3908.89 0.0007 0.03   0.04   2.7  2.5
3908.90 0.0006 0.03   0.04   2.6  2.4
3908.91 0.0006 0.03   0.05   2.6  2.5
3908.92 0.0006 0.02   0.05   2.6  2.5
3908.93 0.0006 0.03   0.04   2.7  2.5
3908.94 0.0007 0.04   0.03   2.7  2.5
3908.95 0.0007 0.03   0.03   2.8  2.6
3908.96 0.0008 0.00   0.03   2.8  2.7
3908.97 0.0008 0.00   0.03   2.7  2.7
3908.98 0.0008 0.00   0.03   2.8  2.8
