ELM     V003.000SPECTRL V003.000
M0
sng                           
2_Baydin                      
dolb.27                       
11-23-2009
3441.90 0.0000 0.00   0.00   3.1  3.1
3441.91 0.0000 0.00   0.00   3.1  3.1
3441.92 0.0000 0.00   0.00   3.4  3.3
3441.93 0.0000 0.04   0.00   3.4  2.9
3441.94 0.0000 0.07   0.00   3.6  2.7
3441.95 0.0000 0.11   0.00   3.9  2.6
3441.96 0.0000 0.11   0.00   4.0  2.8
3441.97 0.0000 0.14   0.00   4.1  2.7
3441.98 0.0000 0.17   0.00   4.2  2.7
3441.99 0.0000 0.23   0.00   4.3  2.3
3442.00 0.0000 0.26   0.00   4.4  2.3
3442.01 0.0000 0.23   0.00   4.6  2.9
3442.02 0.0000 0.24   0.00   4.8  3.1
3442.03 0.0000 0.29   0.00   4.9  3.0
3442.04 0.0000 0.33   0.00   5.1  3.0
3442.05 0.0000 0.44   0.00   5.2  2.6
3442.06 0.0000 0.49   0.00   5.3  2.5
3442.07 0.0000 0.39   0.00   5.5  3.3
3442.08 0.0000 0.36   0.00   5.5  3.5
3442.09 0.0000 0.36   0.00   5.5  3.5
3442.10 0.0000 0.34   0.00   5.4  3.6
3442.11 0.0000 0.32   0.00   5.4  3.7
3442.12 0.0000 0.27   0.00   5.4  4.0
3442.13 0.0000 0.16   0.00   5.5  4.7
3442.14 0.0000 0.10   0.00   5.5  4.9
3442.15 0.0000 0.07   0.00   5.5  5.1
3442.16 0.0000 0.04   0.00   5.5  5.3
3442.17 0.0000 0.02   0.00   5.4  5.3
3442.18 0.0000 0.01   0.00   5.5  5.5
3442.19 0.0000 0.01   0.00   5.6  5.6
3442.20 0.0000 0.00   0.00   5.5  5.5
3442.21 0.0000 0.01   0.00   5.5  5.5
3442.22 0.0000 0.02   0.00   5.5  5.4
3442.23 0.0000 0.01   0.04   5.6  5.5
3442.24 0.0000 0.01   0.15   5.6  5.5
3442.25 0.0000 0.01   0.22   5.5  5.5
3442.26 0.0000 0.00   0.24   5.5  5.5
3442.27 0.0000 0.00   0.28   5.5  5.5
3442.28 0.0000 0.00   0.27   5.5  5.5
3442.29 0.0000 0.00   0.27   5.5  5.5
3442.30 0.0000 0.00   0.19   5.3  5.3
3442.31 0.0000 0.00   0.16   5.2  5.2
3442.32 0.0000 0.00   0.15   5.1  5.1
3442.33 0.0000 0.00   0.13   5.0  5.0
3442.34 0.0000 0.00   0.11   4.9  4.9
3442.35 0.0000 0.00   0.16   5.0  5.0
3442.36 0.0000 0.00   0.13   5.0  5.0
3442.37 0.0000 0.00   0.08   5.1  5.1
3442.38 0.0000 0.03   0.05   5.1  5.0
3442.39 0.0000 0.08   0.03   5.1  4.6
3442.40 0.0000 0.18   0.02   5.1  4.0
3442.41 0.0000 0.32   0.01   5.1  3.3
3442.42 0.0000 0.42   0.00   5.1  2.7
3442.43 0.0000 0.50   0.00   5.0  2.2
3442.44 0.0000 0.54   0.00   5.0  2.0
3442.45 0.0000 0.66   0.00   5.0  1.2
3442.46 0.0000 0.80   0.00   4.9  0.4
3442.47 0.0000 0.87   0.00   4.9  0.1
3442.48 0.0000 0.86   0.00   4.9  0.2
3442.49 0.0000 0.89   0.00   4.9  0.0
3442.50 0.0000 0.92   0.00   4.8  0.0
3442.51 0.0000 0.89   0.00   4.8  0.0
3442.52 0.0000 0.84   0.00   4.8  0.3
3442.53 0.0000 0.91   0.00   4.7  0.0
3442.54 0.0000 0.96   0.00   4.7  0.0
3442.55 0.0000 1.04   0.00   4.7  0.0
3442.56 0.0000 1.10   0.00   4.7  0.0
3442.57 0.0000 1.19   0.00   4.8  0.0
3442.58 0.0000 1.24   0.00   4.8  0.0
3442.59 0.0000 1.25   0.00   4.9  0.0
3442.60 0.0000 1.18   0.00   5.1  0.0
3442.61 0.0000 1.11   0.00   5.0  0.0
3442.62 0.0000 1.02   0.00   4.9  0.0
3442.63 0.0000 0.98   0.00   4.9  0.0
3442.64 0.0000 0.90   0.00   4.9  0.3
3442.65 0.0000 0.79   0.00   4.9  0.9
3442.66 0.0000 0.66   0.00   5.0  1.5
3442.67 0.0000 0.55   0.00   5.0  2.0
3442.68 0.0000 0.49   0.00   4.9  2.3
3442.69 0.0000 0.47   0.00   4.9  2.3
3442.70 0.0000 0.52   0.00   4.8  1.9
3442.71 0.0000 0.46   0.00   4.8  2.3
3442.72 0.0000 0.36   0.00   4.9  2.9
3442.73 0.0000 0.28   0.02   4.9  3.3
3442.74 0.0000 0.30   0.03   4.8  3.2
3442.75 0.0000 0.28   0.03   4.8  3.3
3442.76 0.0000 0.22   0.02   4.9  3.7
3442.77 0.0000 0.17   0.08   4.8  3.9
3442.78 0.0000 0.21   0.12   4.8  3.6
3442.79 0.0000 0.27   0.22   4.8  3.3
3442.80 0.0000 0.19   0.30   4.9  3.9
3442.81 0.0000 0.15   0.41   4.8  4.0
3442.82 0.0000 0.11   0.47   4.8  4.2
3442.83 0.0000 0.09   0.40   4.8  4.3
3442.84 0.0000 0.05   0.46   4.8  4.6
3442.85 0.0000 0.03   0.51   4.9  4.7
3442.86 0.0000 0.02   0.53   4.8  4.7
3442.87 0.0000 0.01   0.60   4.7  4.7
3442.88 0.0000 0.00   0.68   4.8  4.7
3442.89 0.0000 0.00   0.74   4.8  4.8
3442.90 0.0000 0.00   0.75   4.8  4.8
3442.91 0.0000 0.00   0.75   4.8  4.8
3442.92 0.0000 0.01   0.71   4.7  4.7
3442.93 0.0000 0.00   0.75   4.6  4.6
3442.94 0.0000 0.00   0.79   4.6  4.6
3442.95 0.0000 0.00   0.82   4.6  4.6
3442.96 0.0000 0.00   0.85   4.6  4.6
3442.97 0.0000 0.02   0.84   4.6  4.5
3442.98 0.0000 0.04   0.85   4.7  4.5
3442.99 0.0000 0.07   0.87   4.7  4.3
3443.00 0.0000 0.12   0.92   4.5  3.9
3443.01 0.0000 0.18   0.88   4.4  3.5
3443.02 0.0000 0.15   0.81   4.4  3.6
3443.03 0.0000 0.12   0.69   4.4  3.7
3443.04 0.0000 0.15   0.58   4.4  3.5
3443.05 0.0000 0.18   0.46   4.5  3.4
3443.06 0.0000 0.19   0.36   4.5  3.5
3443.07 0.0000 0.17   0.24   4.6  3.6
3443.08 0.0000 0.24   0.17   4.6  3.2
3443.09 0.0000 0.24   0.13   4.6  3.2
3443.10 0.0000 0.29   0.08   4.6  2.9
3443.11 0.0000 0.34   0.04   4.6  2.6
3443.12 0.0000 0.41   0.02   4.6  2.1
3443.13 0.0000 0.47   0.01   4.5  1.7
3443.14 0.0000 0.58   0.01   4.5  1.0
3443.15 0.0000 0.62   0.00   4.5  0.7
3443.16 0.0000 0.64   0.00   4.5  0.6
3443.17 0.0000 0.70   0.00   4.5  0.3
3443.18 0.0000 0.79   0.00   4.5  0.0
3443.19 0.0000 0.87   0.00   4.6  0.0
3443.20 0.0000 0.81   0.00   4.6  0.0
3443.21 0.0000 0.79   0.00   4.7  0.0
3443.22 0.0000 0.88   0.00   4.8  0.0
3443.23 0.0000 0.88   0.00   4.8  0.0
3443.24 0.0000 0.89   0.00   4.7  0.0
3443.25 0.0000 0.77   0.00   4.7  0.0
3443.26 0.0000 0.66   0.00   4.6  0.5
3443.27 0.0000 0.65   0.00   4.6  0.5
3443.28 0.0000 0.74   0.00   4.6  0.0
3443.29 0.0000 0.79   0.00   4.7  0.0
3443.30 0.0000 0.88   0.00   4.7  0.0
3443.31 0.0000 1.00   0.00   4.6  0.0
3443.32 0.0000 1.04   0.00   4.5  0.0
3443.33 0.0000 1.08   0.00   4.5  0.0
3443.34 0.0000 1.08   0.00   4.5  0.0
3443.35 0.0000 1.10   0.00   4.4  0.0
3443.36 0.0000 1.06   0.00   4.4  0.0
3443.37 0.0000 0.98   0.00   4.5  0.0
3443.38 0.0000 0.96   0.00   4.5  0.0
3443.39 0.0000 0.96   0.00   4.5  0.0
3443.40 0.0000 0.95   0.00   4.6  0.0
3443.41 0.0000 0.89   0.00   4.6  0.0
3443.42 0.0000 0.87   0.00   4.8  0.0
3443.43 0.0000 0.85   0.00   4.7  0.0
3443.44 0.0000 0.79   0.00   4.7  0.0
3443.45 0.0000 0.72   0.00   4.7  0.2
3443.46 0.0000 0.66   0.00   4.7  0.6
3443.47 0.0000 0.58   0.00   4.7  1.1
3443.48 0.0000 0.52   0.00   4.7  1.5
3443.49 0.0000 0.41   0.00   4.8  2.3
3443.50 0.0000 0.30   0.00   4.7  2.9
3443.51 0.0000 0.27   0.00   4.8  3.2
3443.52 0.0000 0.31   0.00   4.9  3.1
3443.53 0.0000 0.32   0.00   5.0  3.1
3443.54 0.0000 0.34   0.00   5.0  3.0
3443.55 0.0000 0.31   0.00   5.0  3.2
3443.56 0.0000 0.27   0.00   5.0  3.4
3443.57 0.0000 0.22   0.00   5.0  3.7
3443.58 0.0000 0.13   0.00   5.0  4.3
3443.59 0.0000 0.07   0.00   5.0  4.6
3443.60 0.0000 0.04   0.00   5.1  4.8
3443.61 0.0000 0.02   0.00   5.1  5.0
3443.62 0.0000 0.02   0.00   5.2  5.0
3443.63 0.0000 0.11   0.00   5.1  4.5
3443.64 0.0000 0.27   0.00   5.1  3.5
3443.65 0.0000 0.34   0.00   5.1  3.2
3443.66 0.0000 0.35   0.00   5.1  3.1
3443.67 0.0000 0.30   0.00   5.2  3.4
3443.68 0.0000 0.27   0.00   5.1  3.5
3443.69 0.0000 0.29   0.00   5.1  3.4
3443.70 0.0000 0.33   0.00   5.0  3.1
3443.71 0.0000 0.36   0.00   5.0  2.8
3443.72 0.0000 0.37   0.00   5.0  2.8
3443.73 0.0000 0.39   0.00   4.9  2.6
3443.74 0.0000 0.41   0.05   4.8  2.3
3443.75 0.0000 0.54   0.12   4.7  1.4
3443.76 0.0000 0.60   0.22   4.6  1.0
3443.77 0.0000 0.62   0.28   4.6  0.9
3443.78 0.0000 0.52   0.40   4.6  1.4
3443.79 0.0000 0.39   0.52   4.5  2.2
3443.80 0.0000 0.29   0.56   4.5  2.7
3443.81 0.0000 0.22   0.56   4.5  3.2
3443.82 0.0000 0.19   0.55   4.6  3.4
3443.83 0.0000 0.18   0.48   4.6  3.5
3443.84 0.0000 0.12   0.38   4.6  3.9
3443.85 0.0000 0.17   0.25   4.6  3.5
3443.86 0.0000 0.29   0.14   4.6  2.8
3443.87 0.0000 0.38   0.09   4.5  2.3
3443.88 0.0000 0.40   0.05   4.5  2.1
3443.89 0.0000 0.35   0.03   4.5  2.4
3443.90 0.0000 0.29   0.02   4.4  2.7
3443.91 0.0002 0.19   0.01   4.4  3.3
3443.92 0.0004 0.11   0.01   4.4  3.8
3443.93 0.0007 0.06   0.00   4.3  3.9
3443.94 0.0010 0.04   0.06   4.3  4.0
3443.95 0.0011 0.04   0.16   4.2  4.0
3443.96 0.0013 0.02   0.30   4.2  4.0
3443.97 0.0015 0.01   0.44   4.1  4.0
3443.98 0.0017 0.01   0.48   4.0  4.0
3443.99 0.0017 0.00   0.45   4.0  4.0
3444.00 0.0017 0.00   0.48   4.0  3.9
3444.01 0.0016 0.00   0.56   3.9  3.9
3444.02 0.0015 0.00   0.66   3.9  3.9
3444.03 0.0016 0.01   0.65   3.9  3.8
3444.04 0.0018 0.09   0.56   4.0  3.4
3444.05 0.0018 0.27   0.39   4.0  2.3
3444.06 0.0018 0.38   0.31   4.0  1.7
3444.07 0.0017 0.44   0.30   4.0  1.4
3444.08 0.0013 0.40   0.25   3.9  1.5
3444.09 0.0011 0.36   0.24   3.9  1.8
3444.10 0.0008 0.29   0.21   3.8  2.0
3444.11 0.0005 0.33   0.17   3.8  1.9
3444.12 0.0004 0.37   0.20   3.8  1.7
3444.13 0.0004 0.40   0.19   3.8  1.4
3444.14 0.0002 0.45   0.14   3.8  1.1
3444.15 0.0001 0.49   0.20   3.9  0.9
3444.16 0.0001 0.52   0.27   3.9  0.8
3444.17 0.0000 0.60   0.36   3.9  0.4
3444.18 0.0001 0.58   0.48   3.9  0.5
3444.19 0.0001 0.48   0.47   3.9  1.0
3444.20 0.0000 0.52   0.45   4.0  1.0
3444.21 0.0000 0.54   0.45   4.0  0.9
3444.22 0.0001 0.67   0.47   4.1  0.4
3444.23 0.0001 0.72   0.31   4.2  0.2
3444.24 0.0001 0.81   0.21   4.3  0.0
3444.25 0.0003 0.85   0.17   4.3  0.0
3444.26 0.0004 0.78   0.12   4.3  0.1
3444.27 0.0007 0.76   0.07   4.4  0.3
3444.28 0.0009 0.79   0.03   4.5  0.2
3444.29 0.0011 0.87   0.02   4.6  0.0
3444.30 0.0012 0.88   0.01   4.5  0.0
3444.31 0.0014 0.82   0.01   4.5  0.0
3444.32 0.0013 0.69   0.00   4.6  0.7
3444.33 0.0013 0.57   0.00   4.6  1.3
3444.34 0.0013 0.49   0.00   4.5  1.7
3444.35 0.0010 0.43   0.00   4.5  2.1
3444.36 0.0008 0.33   0.00   4.6  2.7
3444.37 0.0006 0.25   0.00   4.7  3.3
3444.38 0.0006 0.15   0.04   4.7  3.9
3444.39 0.0005 0.08   0.13   4.7  4.2
3444.40 0.0003 0.05   0.24   4.7  4.5
3444.41 0.0003 0.03   0.29   4.7  4.6
3444.42 0.0004 0.01   0.26   4.6  4.5
3444.43 0.0005 0.01   0.26   4.6  4.5
3444.44 0.0003 0.01   0.28   4.6  4.6
3444.45 0.0002 0.01   0.26   4.7  4.6
3444.46 0.0001 0.04   0.17   4.6  4.4
3444.47 0.0001 0.10   0.14   4.6  4.0
3444.48 0.0000 0.16   0.10   4.5  3.6
3444.49 0.0000 0.19   0.09   4.5  3.4
3444.50 0.0000 0.19   0.07   4.6  3.5
3444.51 0.0000 0.14   0.08   4.6  3.8
3444.52 0.0000 0.13   0.17   4.6  3.9
3444.53 0.0000 0.13   0.21   4.6  3.9
3444.54 0.0000 0.19   0.24   4.6  3.5
3444.55 0.0000 0.30   0.26   4.5  2.9
3444.56 0.0000 0.40   0.26   4.5  2.3
3444.57 0.0000 0.54   0.39   4.5  1.6
3444.58 0.0000 0.65   0.45   4.5  1.1
3444.59 0.0000 0.77   0.51   4.5  0.4
3444.60 0.0000 0.88   0.56   4.5  0.0
3444.61 0.0000 0.89   0.56   4.5  0.0
3444.62 0.0000 0.88   0.51   4.6  0.0
3444.63 0.0000 0.95   0.39   4.6  0.0
3444.64 0.0000 1.00   0.29   4.6  0.0
3444.65 0.0000 1.09   0.24   4.6  0.0
3444.66 0.0000 1.21   0.16   4.6  0.0
3444.67 0.0000 1.09   0.14   4.6  0.0
3444.68 0.0000 0.90   0.12   4.5  0.0
3444.69 0.0000 0.73   0.13   4.4  0.7
3444.70 0.0000 0.70   0.11   4.4  0.9
3444.71 0.0000 0.62   0.12   4.4  1.3
3444.72 0.0000 0.58   0.11   4.4  1.4
3444.73 0.0000 0.54   0.13   4.3  1.6
3444.74 0.0000 0.54   0.16   4.3  1.5
3444.75 0.0000 0.56   0.14   4.3  1.4
3444.76 0.0000 0.57   0.12   4.2  1.3
3444.77 0.0000 0.58   0.12   4.2  1.2
3444.78 0.0000 0.62   0.11   4.3  1.1
3444.79 0.0000 0.60   0.12   4.2  1.1
3444.80 0.0000 0.55   0.13   4.2  1.3
3444.81 0.0000 0.56   0.09   4.1  1.3
3444.82 0.0000 0.59   0.08   4.1  1.1
3444.83 0.0000 0.59   0.09   4.1  1.1
3444.84 0.0000 0.66   0.10   4.2  0.8
3444.85 0.0000 0.72   0.05   4.2  0.5
3444.86 0.0000 0.74   0.02   4.2  0.4
3444.87 0.0000 0.70   0.00   4.1  0.5
3444.88 0.0000 0.70   0.01   4.0  0.4
3444.89 0.0000 0.66   0.04   3.9  0.5
3444.90 0.0000 0.57   0.07   3.8  0.9
3444.91 0.0000 0.53   0.09   3.8  1.1
3444.92 0.0000 0.53   0.07   3.8  1.1
3444.93 0.0000 0.53   0.05   3.8  1.0
3444.94 0.0000 0.54   0.03   3.8  1.0
3444.95 0.0000 0.55   0.01   3.7  0.9
3444.96 0.0000 0.59   0.00   3.7  0.7
3444.97 0.0000 0.67   0.00   3.9  0.4
3444.98 0.0000 0.78   0.00   3.9  0.0
3444.99 0.0000 0.83   0.00   3.9  0.0
3445.00 0.0000 0.88   0.00   4.0  0.0
3445.01 0.0001 0.81   0.00   4.0  0.0
3445.02 0.0000 0.71   0.00   4.0  0.4
3445.03 0.0001 0.66   0.00   4.0  0.7
3445.04 0.0001 0.60   0.00   3.9  0.9
3445.05 0.0002 0.52   0.00   3.8  1.2
3445.06 0.0002 0.50   0.00   3.9  1.4
3445.07 0.0003 0.47   0.00   3.9  1.5
3445.08 0.0004 0.43   0.00   3.8  1.6
3445.09 0.0004 0.42   0.00   3.7  1.4
3445.10 0.0003 0.48   0.00   3.8  1.2
3445.11 0.0002 0.57   0.00   3.8  0.6
3445.12 0.0001 0.63   0.00   3.8  0.2
3445.13 0.0001 0.65   0.00   3.7  0.0
3445.14 0.0002 0.71   0.00   3.8  0.0
3445.15 0.0001 0.86   0.00   3.8  0.0
3445.16 0.0000 0.91   0.00   3.8  0.0
3445.17 0.0000 1.03   0.00   3.8  0.0
3445.18 0.0002 0.99   0.00   3.8  0.0
3445.19 0.0005 0.94   0.00   3.9  0.0
3445.20 0.0008 0.91   0.00   3.9  0.0
3445.21 0.0007 0.95   0.00   3.9  0.0
3445.22 0.0006 0.98   0.00   3.9  0.0
3445.23 0.0006 0.97   0.00   3.9  0.0
3445.24 0.0005 0.99   0.00   4.0  0.0
3445.25 0.0005 1.02   0.00   4.0  0.0
3445.26 0.0006 1.03   0.00   3.9  0.0
3445.27 0.0005 1.06   0.01   4.0  0.0
3445.28 0.0005 1.01   0.00   4.1  0.0
3445.29 0.0005 0.96   0.00   4.1  0.0
3445.30 0.0005 0.94   0.00   4.1  0.0
3445.31 0.0005 0.93   0.03   4.1  0.0
3445.32 0.0003 0.95   0.09   4.1  0.0
3445.33 0.0002 0.96   0.11   4.2  0.0
3445.34 0.0001 0.99   0.14   4.3  0.0
3445.35 0.0001 0.91   0.21   4.3  0.0
3445.36 0.0003 0.88   0.22   4.3  0.0
3445.37 0.0005 0.86   0.26   4.2  0.0
3445.38 0.0007 0.70   0.20   4.1  0.3
3445.39 0.0007 0.55   0.12   4.1  1.1
3445.40 0.0005 0.51   0.05   4.0  1.2
3445.41 0.0005 0.47   0.06   4.0  1.3
3445.42 0.0006 0.46   0.05   4.0  1.4
3445.43 0.0005 0.42   0.01   3.9  1.5
3445.44 0.0004 0.40   0.00   3.8  1.5
3445.45 0.0003 0.45   0.00   3.8  1.2
3445.46 0.0002 0.49   0.00   3.8  0.9
3445.47 0.0002 0.52   0.00   3.8  0.8
3445.48 0.0003 0.52   0.00   3.9  0.8
3445.49 0.0003 0.48   0.00   3.9  1.1
3445.50 0.0003 0.44   0.01   3.8  1.2
3445.51 0.0003 0.46   0.01   3.9  1.2
3445.52 0.0003 0.45   0.00   3.9  1.2
3445.53 0.0003 0.45   0.01   3.9  1.3
3445.54 0.0004 0.42   0.02   3.9  1.5
3445.55 0.0005 0.40   0.01   4.0  1.7
3445.56 0.0006 0.37   0.00   4.0  1.9
3445.57 0.0006 0.34   0.00   4.0  2.0
3445.58 0.0006 0.35   0.00   4.0  2.0
3445.59 0.0007 0.33   0.00   4.0  2.1
3445.60 0.0007 0.31   0.00   4.0  2.2
3445.61 0.0005 0.37   0.00   4.1  1.9
3445.62 0.0006 0.37   0.00   4.1  2.0
3445.63 0.0005 0.43   0.00   4.2  1.8
3445.64 0.0005 0.49   0.00   4.2  1.5
3445.65 0.0006 0.52   0.00   4.3  1.5
3445.66 0.0005 0.60   0.00   4.4  1.2
3445.67 0.0008 0.73   0.00   4.5  0.6
3445.68 0.0011 0.79   0.00   4.6  0.6
3445.69 0.0012 0.84   0.00   4.6  0.3
3445.70 0.0013 0.93   0.00   4.7  0.1
3445.71 0.0013 0.94   0.00   4.8  0.1
3445.72 0.0013 0.91   0.00   4.9  0.3
3445.73 0.0011 0.96   0.00   4.9  0.1
3445.74 0.0009 0.95   0.00   4.9  0.1
3445.75 0.0006 0.94   0.00   4.9  0.1
3445.76 0.0004 0.93   0.00   5.0  0.3
3445.77 0.0002 0.84   0.00   5.0  0.7
3445.78 0.0001 0.79   0.00   5.0  0.9
3445.79 0.0001 0.83   0.00   4.9  0.7
3445.80 0.0000 0.76   0.00   4.9  1.0
3445.81 0.0000 0.70   0.00   4.9  1.3
3445.82 0.0000 0.62   0.00   4.9  1.7
3445.83 0.0000 0.61   0.00   4.9  1.7
3445.84 0.0000 0.66   0.00   4.8  1.4
3445.85 0.0000 0.70   0.00   4.9  1.2
3445.86 0.0000 0.73   0.00   4.9  1.1
3445.87 0.0000 0.66   0.00   4.9  1.5
3445.88 0.0000 0.60   0.00   4.9  1.7
3445.89 0.0000 0.56   0.00   4.7  1.8
3445.90 0.0000 0.48   0.00   4.6  2.1
3445.91 0.0000 0.39   0.00   4.6  2.6
3445.92 0.0000 0.35   0.00   4.6  2.7
3445.93 0.0000 0.38   0.00   4.6  2.5
3445.94 0.0000 0.47   0.00   4.7  2.1
3445.95 0.0000 0.66   0.00   4.6  0.9
3445.96 0.0000 0.87   0.00   4.6  0.0
3445.97 0.0000 0.94   0.00   4.6  0.0
3445.98 0.0000 0.94   0.07   4.7  0.0
3445.99 0.0000 0.90   0.17   4.7  0.0
3446.00 0.0000 0.84   0.23   4.6  0.0
3446.01 0.0000 0.88   0.39   4.5  0.0
3446.02 0.0000 0.89   0.50   4.5  0.0
3446.03 0.0000 0.73   0.47   4.5  0.0
3446.04 0.0000 0.59   0.42   4.4  0.8
3446.05 0.0000 0.50   0.38   4.4  1.3
3446.06 0.0000 0.46   0.32   4.3  1.5
3446.07 0.0000 0.49   0.31   4.4  1.4
3446.08 0.0000 0.51   0.30   4.4  1.3
3446.09 0.0000 0.48   0.29   4.4  1.4
3446.10 0.0000 0.46   0.26   4.2  1.5
3446.11 0.0000 0.42   0.23   4.1  1.6
3446.12 0.0000 0.43   0.24   4.2  1.5
3446.13 0.0000 0.46   0.25   4.2  1.4
3446.14 0.0000 0.48   0.24   4.2  1.3
3446.15 0.0000 0.43   0.24   4.1  1.4
3446.16 0.0000 0.42   0.23   4.1  1.5
3446.17 0.0000 0.41   0.19   4.0  1.4
3446.18 0.0000 0.43   0.14   4.0  1.2
3446.19 0.0000 0.41   0.13   3.8  1.2
3446.20 0.0000 0.41   0.13   3.8  1.1
3446.21 0.0000 0.39   0.15   3.8  1.2
3446.22 0.0000 0.40   0.18   3.8  1.1
3446.23 0.0000 0.42   0.19   3.8  0.9
3446.24 0.0000 0.40   0.21   3.7  1.0
3446.25 0.0000 0.38   0.20   3.7  1.1
3446.26 0.0000 0.41   0.20   3.7  1.0
3446.27 0.0000 0.43   0.16   3.7  0.9
3446.28 0.0000 0.48   0.13   3.8  0.6
3446.29 0.0000 0.61   0.12   3.9  0.0
3446.30 0.0000 0.84   0.09   3.9  0.0
3446.31 0.0000 0.99   0.07   3.8  0.0
3446.32 0.0000 1.04   0.04   3.9  0.0
3446.33 0.0000 1.06   0.02   3.9  0.0
3446.34 0.0000 0.97   0.01   3.9  0.0
3446.35 0.0000 0.91   0.01   3.8  0.0
3446.36 0.0000 0.86   0.00   3.9  0.0
3446.37 0.0000 0.82   0.00   3.9  0.0
3446.38 0.0000 0.74   0.00   3.9  0.0
3446.39 0.0000 0.74   0.00   3.8  0.0
3446.40 0.0000 0.87   0.01   3.7  0.0
3446.41 0.0000 0.97   0.04   3.6  0.0
3446.42 0.0000 0.99   0.06   3.6  0.0
3446.43 0.0000 1.03   0.05   3.6  0.0
3446.44 0.0000 1.04   0.05   3.6  0.0
3446.45 0.0000 1.03   0.06   3.7  0.0
3446.46 0.0000 0.99   0.12   3.8  0.0
3446.47 0.0000 1.03   0.08   3.8  0.0
3446.48 0.0000 1.12   0.04   3.9  0.0
3446.49 0.0000 1.13   0.02   3.9  0.0
3446.50 0.0000 1.18   0.01   3.9  0.0
3446.51 0.0000 1.19   0.01   4.0  0.0
3446.52 0.0000 1.16   0.00   4.1  0.0
3446.53 0.0000 1.17   0.00   4.0  0.0
3446.54 0.0000 1.14   0.00   4.0  0.0
3446.55 0.0000 1.19   0.00   3.9  0.0
3446.56 0.0000 0.95   0.01   3.9  0.0
3446.57 0.0000 0.89   0.01   3.9  0.0
3446.58 0.0000 0.88   0.00   3.9  0.0
3446.59 0.0000 0.83   0.03   3.9  0.0
3446.60 0.0000 0.75   0.04   3.9  0.0
3446.61 0.0000 0.65   0.03   3.9  0.2
3446.62 0.0000 0.65   0.03   3.9  0.2
3446.63 0.0000 0.64   0.07   4.0  0.2
3446.64 0.0000 0.61   0.10   3.9  0.3
3446.65 0.0000 0.64   0.08   3.9  0.2
3446.66 0.0000 0.66   0.06   3.9  0.0
3446.67 0.0000 0.68   0.05   4.0  0.0
3446.68 0.0000 0.74   0.03   4.0  0.0
3446.69 0.0000 0.83   0.01   4.0  0.0
3446.70 0.0000 0.92   0.02   4.0  0.0
3446.71 0.0000 0.98   0.04   3.9  0.0
3446.72 0.0000 1.04   0.08   4.0  0.0
3446.73 0.0000 1.15   0.05   4.0  0.0
3446.74 0.0000 1.17   0.03   4.0  0.0
3446.75 0.0000 1.01   0.08   3.9  0.0
3446.76 0.0000 0.81   0.12   3.8  0.0
3446.77 0.0000 0.69   0.09   3.8  0.0
3446.78 0.0000 0.62   0.11   3.8  0.0
3446.79 0.0000 0.60   0.12   3.7  0.1
3446.80 0.0000 0.62   0.12   3.7  0.0
3446.81 0.0000 0.66   0.10   3.7  0.0
3446.82 0.0000 0.68   0.08   3.7  0.0
3446.83 0.0000 0.74   0.07   3.6  0.0
3446.84 0.0000 0.70   0.07   3.5  0.0
3446.85 0.0000 0.60   0.08   3.3  0.0
3446.86 0.0000 0.52   0.07   3.3  0.2
3446.87 0.0000 0.49   0.06   3.3  0.3
3446.88 0.0000 0.42   0.10   3.1  0.6
3446.89 0.0000 0.38   0.12   3.1  0.9
3446.90 0.0000 0.36   0.10   3.1  1.0
3446.91 0.0000 0.34   0.08   3.1  1.1
3446.92 0.0000 0.33   0.07   3.0  1.1
3446.93 0.0000 0.37   0.04   3.1  1.0
3446.94 0.0000 0.34   0.03   3.0  1.1
3446.95 0.0000 0.35   0.04   3.1  1.2
3446.96 0.0000 0.34   0.02   3.1  1.2
3446.97 0.0000 0.35   0.01   3.1  1.2
3446.98 0.0000 0.35   0.00   3.1  1.2
3446.99 0.0000 0.34   0.00   3.1  1.4
3447.00 0.0001 0.29   0.00   3.0  1.5
3447.01 0.0001 0.27   0.01   3.0  1.6
3447.02 0.0001 0.28   0.00   3.0  1.5
3447.03 0.0002 0.26   0.00   3.1  1.7
3447.04 0.0002 0.25   0.00   2.9  1.6
3447.05 0.0002 0.25   0.00   2.9  1.6
3447.06 0.0002 0.24   0.00   2.9  1.7
3447.07 0.0002 0.24   0.00   2.8  1.6
3447.08 0.0001 0.24   0.00   2.7  1.5
3447.09 0.0001 0.26   0.00   2.7  1.4
3447.10 0.0000 0.28   0.00   2.7  1.3
3447.11 0.0000 0.29   0.00   2.7  1.3
3447.12 0.0000 0.29   0.01   2.8  1.3
3447.13 0.0000 0.31   0.00   2.9  1.4
3447.14 0.0000 0.29   0.01   2.9  1.4
3447.15 0.0000 0.32   0.00   3.0  1.3
3447.16 0.0000 0.33   0.00   3.0  1.2
3447.17 0.0000 0.32   0.00   2.9  1.2
3447.18 0.0000 0.31   0.00   2.8  1.1
3447.19 0.0000 0.30   0.01   2.8  1.2
3447.20 0.0000 0.26   0.04   2.8  1.3
3447.21 0.0000 0.24   0.06   2.7  1.4
3447.22 0.0000 0.23   0.07   2.7  1.4
3447.23 0.0000 0.22   0.07   2.6  1.4
3447.24 0.0000 0.21   0.08   2.5  1.4
3447.25 0.0000 0.20   0.07   2.4  1.3
3447.26 0.0000 0.20   0.05   2.4  1.2
3447.27 0.0000 0.21   0.05   2.3  1.1
3447.28 0.0000 0.21   0.05   2.2  1.0
3447.29 0.0000 0.21   0.05   2.1  0.9
3447.30 0.0000 0.20   0.05   2.1  0.9
3447.31 0.0000 0.19   0.06   2.1  0.9
3447.32 0.0000 0.19   0.08   2.0  0.9
3447.33 0.0000 0.18   0.08   2.0  0.9
3447.34 0.0000 0.19   0.07   2.1  0.9
3447.35 0.0000 0.19   0.06   2.1  0.9
3447.36 0.0000 0.18   0.07   2.0  0.9
3447.37 0.0000 0.18   0.07   1.9  0.7
3447.38 0.0001 0.19   0.06   1.9  0.6
3447.39 0.0001 0.20   0.06   1.8  0.5
3447.40 0.0000 0.22   0.05   1.8  0.4
3447.41 0.0000 0.23   0.04   1.8  0.3
3447.42 0.0000 0.23   0.03   1.9  0.4
3447.43 0.0000 0.23   0.03   1.9  0.4
3447.44 0.0001 0.22   0.03   1.9  0.4
3447.45 0.0000 0.23   0.03   1.9  0.4
3447.46 0.0000 0.22   0.03   1.9  0.5
3447.47 0.0000 0.22   0.02   1.9  0.5
3447.48 0.0000 0.21   0.01   2.0  0.7
3447.49 0.0000 0.21   0.02   2.1  0.7
3447.50 0.0000 0.20   0.02   2.2  0.9
3447.51 0.0000 0.20   0.04   2.3  1.0
3447.52 0.0000 0.21   0.05   2.3  1.0
3447.53 0.0000 0.21   0.05   2.3  1.0
3447.54 0.0000 0.23   0.05   2.4  1.0
3447.55 0.0000 0.23   0.06   2.5  1.1
3447.56 0.0000 0.26   0.06   2.7  1.1
3447.57 0.0000 0.26   0.05   2.7  1.1
3447.58 0.0000 0.28   0.03   2.8  1.1
3447.59 0.0000 0.30   0.02   2.8  1.0
3447.60 0.0000 0.31   0.02   2.9  1.0
3447.61 0.0000 0.30   0.03   2.9  1.0
3447.62 0.0000 0.30   0.05   3.0  1.0
3447.63 0.0000 0.32   0.06   3.1  1.0
3447.64 0.0000 0.34   0.06   3.2  0.9
3447.65 0.0000 0.37   0.09   3.2  0.7
3447.66 0.0000 0.41   0.12   3.3  0.5
3447.67 0.0000 0.48   0.13   3.3  0.1
3447.68 0.0000 0.49   0.17   3.2  0.0
3447.69 0.0000 0.51   0.20   3.2  0.0
3447.70 0.0000 0.54   0.21   3.2  0.0
3447.71 0.0000 0.67   0.24   3.3  0.0
3447.72 0.0000 0.66   0.31   3.3  0.0
3447.73 0.0000 0.70   0.25   3.3  0.0
3447.74 0.0000 0.79   0.19   3.4  0.0
3447.75 0.0000 0.88   0.18   3.4  0.0
3447.76 0.0000 0.94   0.16   3.4  0.0
3447.77 0.0000 0.88   0.13   3.3  0.0
3447.78 0.0000 0.85   0.08   3.4  0.0
3447.79 0.0000 0.92   0.04   3.4  0.0
3447.80 0.0000 0.96   0.04   3.4  0.0
3447.81 0.0000 0.93   0.08   3.5  0.0
3447.82 0.0000 0.87   0.08   3.5  0.0
3447.83 0.0000 0.84   0.12   3.6  0.0
3447.84 0.0000 0.67   0.15   3.7  0.0
3447.85 0.0000 0.60   0.13   3.7  0.0
3447.86 0.0000 0.51   0.15   3.8  0.0
3447.87 0.0000 0.47   0.15   3.9  0.0
3447.88 0.0000 0.40   0.09   4.1  0.7
3447.89 0.0000 0.32   0.05   4.2  1.5
3447.90 0.0000 0.19   0.08   4.2  2.7
3447.91 0.0000 0.11   0.14   4.3  3.4
3447.92 0.0000 0.06   0.24   4.4  3.9
3447.93 0.0000 0.04   0.37   4.4  4.1
3447.94 0.0000 0.02   0.46   4.4  4.3
3447.95 0.0000 0.08   0.45   4.6  4.0
3447.96 0.0000 0.10   0.42   4.6  3.9
3447.97 0.0000 0.17   0.36   4.7  3.5
3447.98 0.0000 0.21   0.37   4.8  3.4
3447.99 0.0000 0.20   0.35   4.8  3.5
3448.00 0.0000 0.22   0.31   4.9  3.6
3448.01 0.0000 0.24   0.31   5.0  3.5
3448.02 0.0000 0.21   0.27   5.1  3.8
3448.03 0.0000 0.13   0.28   5.2  4.4
3448.04 0.0000 0.07   0.37   5.2  4.8
3448.05 0.0000 0.04   0.47   5.2  5.0
3448.06 0.0000 0.02   0.49   5.3  5.2
3448.07 0.0000 0.01   0.45   5.3  5.2
3448.08 0.0000 0.01   0.45   5.4  5.3
3448.09 0.0000 0.03   0.42   5.3  5.1
3448.10 0.0000 0.06   0.42   5.3  4.9
3448.11 0.0000 0.09   0.42   5.2  4.7
3448.12 0.0000 0.06   0.48   5.2  4.9
3448.13 0.0000 0.04   0.53   5.3  5.1
3448.14 0.0000 0.04   0.53   5.3  5.0
3448.15 0.0000 0.07   0.57   5.2  4.8
3448.16 0.0000 0.21   0.60   5.0  3.8
3448.17 0.0000 0.33   0.61   5.0  3.1
3448.18 0.0000 0.48   0.55   5.0  2.2
3448.19 0.0000 0.56   0.46   5.0  1.7
3448.20 0.0000 0.54   0.34   5.0  1.7
3448.21 0.0000 0.54   0.23   5.0  1.7
3448.22 0.0000 0.49   0.17   5.0  1.9
3448.23 0.0000 0.51   0.15   4.9  1.7
3448.24 0.0000 0.50   0.13   4.9  1.7
3448.25 0.0000 0.43   0.11   4.9  2.1
3448.26 0.0000 0.35   0.12   4.9  2.6
3448.27 0.0000 0.35   0.19   4.8  2.5
3448.28 0.0000 0.36   0.24   4.8  2.3
3448.29 0.0000 0.42   0.36   4.8  1.8
3448.30 0.0000 0.47   0.47   4.7  1.4
3448.31 0.0000 0.42   0.51   4.6  1.6
3448.32 0.0000 0.34   0.49   4.6  2.2
3448.33 0.0000 0.31   0.45   4.6  2.4
3448.34 0.0000 0.30   0.37   4.6  2.4
3448.35 0.0000 0.21   0.34   4.6  3.1
3448.36 0.0000 0.12   0.27   4.6  3.8
3448.37 0.0000 0.11   0.18   4.6  3.8
3448.38 0.0000 0.14   0.17   4.6  3.6
3448.39 0.0000 0.15   0.10   4.7  3.6
3448.40 0.0000 0.17   0.06   4.7  3.4
3448.41 0.0000 0.11   0.03   4.7  3.9
3448.42 0.0000 0.07   0.02   4.8  4.2
3448.43 0.0000 0.04   0.01   4.8  4.5
3448.44 0.0000 0.02   0.01   4.8  4.7
3448.45 0.0000 0.01   0.00   4.8  4.7
3448.46 0.0000 0.01   0.00   4.9  4.8
3448.47 0.0000 0.01   0.00   4.8  4.8
3448.48 0.0000 0.11   0.00   4.8  4.0
3448.49 0.0000 0.25   0.00   4.7  3.1
3448.50 0.0000 0.27   0.00   4.8  3.0
3448.51 0.0000 0.29   0.01   4.9  3.0
3448.52 0.0000 0.27   0.00   4.9  3.2
3448.53 0.0000 0.26   0.00   5.0  3.4
3448.54 0.0000 0.20   0.00   5.1  3.9
3448.55 0.0000 0.19   0.00   5.2  4.0
3448.56 0.0000 0.21   0.00   5.3  4.0
3448.57 0.0000 0.25   0.00   5.3  3.9
3448.58 0.0000 0.27   0.00   5.4  3.8
3448.59 0.0000 0.32   0.00   5.4  3.6
3448.60 0.0000 0.34   0.00   5.5  3.6
3448.61 0.0000 0.39   0.00   5.5  3.3
3448.62 0.0000 0.52   0.00   5.5  2.6
3448.63 0.0000 0.64   0.00   5.6  2.0
3448.64 0.0000 0.65   0.00   5.6  2.0
3448.65 0.0000 0.62   0.00   5.6  2.1
3448.66 0.0000 0.65   0.00   5.5  2.0
3448.67 0.0000 0.59   0.05   5.5  2.3
3448.68 0.0000 0.54   0.12   5.5  2.5
3448.69 0.0000 0.50   0.15   5.6  2.8
3448.70 0.0000 0.43   0.12   5.6  3.2
3448.71 0.0000 0.36   0.15   5.6  3.6
3448.72 0.0000 0.28   0.18   5.6  4.0
3448.73 0.0000 0.29   0.21   5.5  3.9
3448.74 0.0000 0.26   0.18   5.6  4.1
3448.75 0.0000 0.17   0.14   5.5  4.6
3448.76 0.0000 0.09   0.12   5.6  5.1
3448.77 0.0000 0.05   0.19   5.6  5.2
3448.78 0.0000 0.03   0.20   5.5  5.3
3448.79 0.0000 0.02   0.16   5.4  5.3
3448.80 0.0000 0.01   0.09   5.4  5.3
3448.81 0.0000 0.01   0.05   5.4  5.3
3448.82 0.0000 0.00   0.03   5.4  5.4
3448.83 0.0000 0.00   0.02   5.4  5.4
3448.84 0.0000 0.00   0.05   5.3  5.3
3448.85 0.0000 0.00   0.04   5.2  5.2
3448.86 0.0000 0.00   0.03   5.2  5.2
3448.87 0.0000 0.00   0.01   5.2  5.2
3448.88 0.0000 0.00   0.01   5.2  5.2
3448.89 0.0000 0.00   0.00   5.1  5.1
3448.90 0.0000 0.00   0.00   5.2  5.2
3448.91 0.0000 0.00   0.00   5.1  5.1
3448.92 0.0000 0.00   0.00   5.2  5.2
3448.93 0.0000 0.00   0.00   5.1  5.1
3448.94 0.0000 0.00   0.01   5.2  5.2
3448.95 0.0000 0.00   0.00   5.2  5.2
3448.96 0.0000 0.02   0.03   5.2  5.1
3448.97 0.0000 0.03   0.04   5.2  5.1
3448.98 0.0000 0.09   0.05   5.1  4.7
3448.99 0.0000 0.15   0.05   5.1  4.3
3449.00 0.0000 0.22   0.04   5.0  3.8
3449.01 0.0000 0.31   0.02   5.1  3.3
3449.02 0.0000 0.48   0.01   5.1  2.4
3449.03 0.0000 0.60   0.06   5.0  1.7
3449.04 0.0000 0.70   0.08   5.0  1.1
3449.05 0.0000 0.84   0.05   5.1  0.4
3449.06 0.0000 0.96   0.09   5.0  0.0
3449.07 0.0000 1.01   0.24   4.9  0.0
3449.08 0.0000 1.01   0.45   4.7  0.0
3449.09 0.0000 1.00   0.54   4.5  0.0
3449.10 0.0000 1.05   0.52   4.5  0.0
3449.11 0.0000 0.98   0.58   4.4  0.0
3449.12 0.0000 0.77   0.52   4.3  0.0
3449.13 0.0000 0.69   0.43   4.1  0.0
3449.14 0.0000 0.58   0.33   4.1  0.5
3449.15 0.0000 0.50   0.23   4.0  0.9
3449.16 0.0000 0.51   0.19   4.0  0.8
3449.17 0.0000 0.50   0.19   4.0  0.7
3449.18 0.0000 0.52   0.19   4.0  0.6
3449.19 0.0000 0.53   0.18   3.9  0.5
3449.20 0.0000 0.60   0.12   4.0  0.1
3449.21 0.0000 0.66   0.06   4.0  0.0
3449.22 0.0000 0.72   0.03   3.8  0.0
3449.23 0.0000 0.72   0.01   3.8  0.0
3449.24 0.0000 0.67   0.00   3.6  0.0
3449.25 0.0000 0.65   0.00   3.6  0.0
3449.26 0.0000 0.59   0.00   3.5  0.0
3449.27 0.0000 0.57   0.00   3.5  0.0
3449.28 0.0000 0.51   0.00   3.4  0.2
3449.29 0.0000 0.47   0.00   3.3  0.3
3449.30 0.0000 0.43   0.00   3.2  0.5
3449.31 0.0000 0.42   0.00   3.2  0.5
3449.32 0.0000 0.41   0.00   3.1  0.5
3449.33 0.0000 0.40   0.00   3.1  0.6
3449.34 0.0000 0.41   0.00   3.2  0.7
3449.35 0.0000 0.42   0.00   3.3  0.8
3449.36 0.0000 0.43   0.00   3.4  0.8
3449.37 0.0000 0.43   0.00   3.5  0.9
3449.38 0.0000 0.46   0.00   3.6  0.9
3449.39 0.0000 0.50   0.00   3.7  0.8
3449.40 0.0000 0.55   0.00   3.9  0.8
3449.41 0.0000 0.58   0.00   4.0  0.8
3449.42 0.0000 0.63   0.00   4.1  0.7
3449.43 0.0000 0.73   0.00   4.1  0.2
3449.44 0.0000 0.83   0.00   4.1  0.0
3449.45 0.0000 0.80   0.00   4.0  0.0
