ELM     V003.000SPECTRL V003.000
M0
sng                           
2_Baydin                      
dolb.25                       
12-01-2009
3381.70 0.0000 0.00   0.71   1.4  1.4
3381.71 0.0000 0.00   0.71   1.4  1.4
3381.72 0.0000 0.00   0.69   1.4  1.4
3381.73 0.0000 0.02   0.60   1.4  0.7
3381.74 0.0000 0.08   0.27   1.4  0.0
3381.75 0.0000 0.12   0.15   1.6  0.0
3381.76 0.0000 0.14   0.11   1.7  0.0
3381.77 0.0000 0.14   0.10   1.7  0.0
3381.78 0.0000 0.17   0.12   1.8  0.0
3381.79 0.0000 0.22   0.10   2.0  0.0
3381.80 0.0000 0.23   0.10   2.2  0.0
3381.81 0.0000 0.24   0.11   2.2  0.0
3381.82 0.0000 0.25   0.08   2.3  0.0
3381.83 0.0000 0.27   0.07   2.3  0.0
3381.84 0.0000 0.27   0.07   2.3  0.0
3381.85 0.0000 0.25   0.05   2.3  0.0
3381.86 0.0000 0.25   0.05   2.4  0.0
3381.87 0.0000 0.28   0.03   2.6  0.0
3381.88 0.0000 0.26   0.05   2.6  0.3
3381.89 0.0000 0.25   0.05   2.6  0.4
3381.90 0.0000 0.28   0.04   2.7  0.5
3381.91 0.0000 0.28   0.04   2.8  0.6
3381.92 0.0000 0.29   0.03   2.8  0.6
3381.93 0.0000 0.35   0.01   3.1  0.5
3381.94 0.0000 0.39   0.01   3.2  0.6
3381.95 0.0000 0.40   0.01   3.2  0.6
3381.96 0.0000 0.40   0.01   3.3  0.7
3381.97 0.0000 0.38   0.01   3.3  0.9
3381.98 0.0000 0.38   0.00   3.3  1.0
3381.99 0.0000 0.39   0.00   3.3  1.0
3382.00 0.0000 0.38   0.00   3.3  1.0
3382.01 0.0000 0.38   0.00   3.3  1.0
3382.02 0.0000 0.37   0.00   3.2  1.0
3382.03 0.0000 0.36   0.00   3.2  1.0
3382.04 0.0000 0.35   0.00   3.1  1.0
3382.05 0.0000 0.36   0.00   3.1  1.0
3382.06 0.0000 0.35   0.00   3.1  1.0
3382.07 0.0000 0.35   0.00   3.1  1.0
3382.08 0.0000 0.31   0.00   2.9  1.0
3382.09 0.0000 0.29   0.00   2.8  1.1
3382.10 0.0000 0.28   0.00   2.7  1.1
3382.11 0.0000 0.26   0.00   2.6  1.0
3382.12 0.0000 0.25   0.01   2.6  1.0
3382.13 0.0000 0.25   0.00   2.5  1.0
3382.14 0.0000 0.24   0.01   2.5  1.0
3382.15 0.0000 0.24   0.01   2.4  0.9
3382.16 0.0000 0.23   0.01   2.3  0.9
3382.17 0.0000 0.23   0.00   2.4  0.9
3382.18 0.0000 0.23   0.00   2.3  0.9
3382.19 0.0000 0.24   0.00   2.4  0.9
3382.20 0.0000 0.25   0.00   2.5  0.9
3382.21 0.0000 0.25   0.00   2.5  0.9
3382.22 0.0000 0.25   0.00   2.5  0.9
3382.23 0.0000 0.25   0.00   2.5  0.9
3382.24 0.0000 0.24   0.00   2.4  0.9
3382.25 0.0000 0.23   0.00   2.3  0.9
3382.26 0.0000 0.23   0.00   2.3  0.9
3382.27 0.0000 0.22   0.00   2.2  0.8
3382.28 0.0000 0.22   0.00   2.3  0.8
3382.29 0.0000 0.22   0.00   2.2  0.7
3382.30 0.0000 0.22   0.00   2.2  0.7
3382.31 0.0000 0.22   0.00   2.2  0.7
3382.32 0.0000 0.21   0.01   2.2  0.7
3382.33 0.0000 0.22   0.01   2.2  0.7
3382.34 0.0000 0.21   0.01   2.2  0.6
3382.35 0.0000 0.20   0.02   2.1  0.6
3382.36 0.0000 0.20   0.02   2.1  0.6
3382.37 0.0000 0.20   0.01   2.1  0.5
3382.38 0.0000 0.20   0.03   2.1  0.6
3382.39 0.0000 0.22   0.02   2.2  0.5
3382.40 0.0000 0.24   0.00   2.2  0.4
3382.41 0.0000 0.24   0.01   2.3  0.4
3382.42 0.0000 0.25   0.01   2.4  0.4
3382.43 0.0000 0.25   0.03   2.4  0.4
3382.44 0.0000 0.27   0.04   2.5  0.4
3382.45 0.0000 0.29   0.05   2.6  0.3
3382.46 0.0000 0.30   0.05   2.7  0.3
3382.47 0.0000 0.29   0.08   2.7  0.5
3382.48 0.0000 0.30   0.09   2.8  0.5
3382.49 0.0000 0.32   0.09   2.9  0.5
3382.50 0.0000 0.33   0.07   3.0  0.4
3382.51 0.0000 0.30   0.11   3.0  0.6
3382.52 0.0000 0.26   0.14   2.9  0.9
3382.53 0.0000 0.25   0.14   2.9  1.0
3382.54 0.0000 0.25   0.17   3.0  1.1
3382.55 0.0000 0.27   0.16   3.1  1.0
3382.56 0.0000 0.33   0.13   3.1  0.6
3382.57 0.0000 0.40   0.09   3.3  0.3
3382.58 0.0000 0.41   0.08   3.3  0.2
3382.59 0.0000 0.43   0.07   3.4  0.2
3382.60 0.0000 0.46   0.05   3.5  0.0
3382.61 0.0000 0.43   0.06   3.5  0.3
3382.62 0.0000 0.44   0.06   3.5  0.4
3382.63 0.0000 0.44   0.08   3.5  0.4
3382.64 0.0000 0.44   0.10   3.6  0.5
3382.65 0.0000 0.45   0.10   3.6  0.5
3382.66 0.0000 0.45   0.08   3.6  0.5
3382.67 0.0000 0.50   0.06   3.7  0.3
3382.68 0.0000 0.55   0.03   3.7  0.0
3382.69 0.0000 0.58   0.02   3.7  0.0
3382.70 0.0000 0.62   0.04   3.7  0.0
