ELM     V003.000SPECTRL V003.000
M0
sng                           
2_Baydin                      
dolb.36                       
11-20-2009
3918.10 0.0050 0.28   0.37   6.6  2.8
3918.11 0.0026 0.13   0.19   6.5  4.7
3918.12 0.0009 0.04   0.07   6.3  5.7
3918.13 0.0013 0.06   0.13   6.0  5.3
3918.14 0.0013 0.05   0.15   5.3  4.7
3918.15 0.0011 0.03   0.11   4.3  4.0
3918.16 0.0009 0.03   0.10   3.9  3.6
3918.17 0.0009 0.03   0.08   3.8  3.5
3918.18 0.0008 0.03   0.08   3.3  3.0
3918.19 0.0008 0.03   0.08   2.9  2.6
3918.20 0.0008 0.03   0.08   2.2  2.0
3918.21 0.0008 0.03   0.09   2.0  1.8
3918.22 0.0008 0.01   0.11   1.0  0.9
3918.23 0.0008 0.00   0.10   1.0  1.0
3918.24 0.0008 0.01   0.10   1.4  1.4
3918.25 0.0008 0.01   0.11   2.3  2.2
3918.26 0.0008 0.01   0.11   3.1  3.1
3918.27 0.0008 0.01   0.11   2.5  2.4
3918.28 0.0008 0.01   0.10   2.1  2.0
3918.29 0.0008 0.02   0.10   1.4  1.3
3918.30 0.0008 0.01   0.11   1.1  0.9
3918.31 0.0008 0.01   0.10   1.0  1.0
3918.32 0.0008 0.00   0.11   1.0  1.0
3918.33 0.0008 0.01   0.10   1.1  1.1
3918.34 0.0008 0.01   0.08   1.2  1.1
3918.35 0.0009 0.01   0.08   1.2  1.1
3918.36 0.0008 0.01   0.09   1.3  1.2
3918.37 0.0008 0.01   0.08   1.2  1.1
3918.38 0.0009 0.00   0.08   1.2  1.2
3918.39 0.0009 0.01   0.07   1.2  1.1
3918.40 0.0008 0.01   0.07   1.1  1.1
3918.41 0.0008 0.01   0.07   1.1  1.0
3918.42 0.0008 0.01   0.07   1.1  1.1
3918.43 0.0008 0.01   0.07   1.1  1.1
3918.44 0.0008 0.01   0.07   1.2  1.0
3918.45 0.0008 0.02   0.06   1.2  1.0
3918.46 0.0008 0.02   0.07   1.2  1.0
3918.47 0.0008 0.02   0.07   1.1  1.0
3918.48 0.0008 0.02   0.08   1.0  0.8
3918.49 0.0008 0.01   0.08   1.0  0.9
3918.50 0.0008 0.01   0.08   1.0  0.9
3918.51 0.0008 0.01   0.09   1.2  1.1
3918.52 0.0008 0.01   0.09   1.3  1.2
3918.53 0.0008 0.01   0.09   2.1  2.0
3918.54 0.0007 0.01   0.10   1.8  1.7
3918.55 0.0008 0.01   0.11   2.3  2.2
3918.56 0.0008 0.01   0.09   3.3  3.2
3918.57 0.0008 0.01   0.09   2.6  2.5
3918.58 0.0008 0.01   0.08   2.2  2.1
3918.59 0.0008 0.01   0.09   1.3  1.2
3918.60 0.0008 0.01   0.07   1.1  1.0
3918.61 0.0008 0.01   0.08   1.0  0.9
3918.62 0.0008 0.01   0.08   1.0  1.0
3918.63 0.0009 0.00   0.08   1.0  1.0
3918.64 0.0009 0.00   0.08   1.0  1.0
3918.65 0.0009 0.00   0.08   1.0  1.0
3918.66 0.0009 0.00   0.07   1.4  1.4
3918.67 0.0009 0.00   0.08   1.6  1.6
3918.68 0.0009 0.00   0.08   1.9  1.9
3918.69 0.0009 0.00   0.09   1.6  1.6
3918.70 0.0010 0.00   0.09   1.7  1.7
3918.71 0.0009 0.00   0.09   1.1  1.1
3918.72 0.0009 0.00   0.09   1.0  1.0
3918.73 0.0009 0.00   0.09   1.1  1.1
3918.74 0.0010 0.00   0.08   1.1  1.1
3918.75 0.0010 0.00   0.08   1.1  1.1
3918.76 0.0010 0.00   0.08   1.2  1.2
3918.77 0.0010 0.00   0.08   1.2  1.2
3918.78 0.0011 0.00   0.08   1.2  1.2
3918.79 0.0011 0.00   0.09   1.2  1.2
3918.80 0.0011 0.00   0.08   1.2  1.2
3918.81 0.0011 0.00   0.06   1.3  1.3
3918.82 0.0011 0.00   0.06   1.3  1.3
3918.83 0.0012 0.01   0.06   1.2  1.2
3918.84 0.0012 0.00   0.07   1.1  1.1
3918.85 0.0012 0.00   0.07   1.0  1.0
3918.86 0.0012 0.01   0.09   1.0  1.0
3918.87 0.0012 0.01   0.08   1.5  1.5
3918.88 0.0012 0.01   0.07   1.6  1.6
3918.89 0.0012 0.02   0.08   1.7  1.6
3918.90 0.0012 0.03   0.10   2.5  2.3
3918.91 0.0012 0.04   0.10   3.0  2.9
3918.92 0.0012 0.04   0.10   3.5  3.3
3918.93 0.0012 0.04   0.11   2.9  2.7
3918.94 0.0012 0.05   0.11   4.2  4.0
3918.95 0.0012 0.05   0.11   4.1  3.9
3918.96 0.0012 0.05   0.10   3.9  3.6
3918.97 0.0012 0.05   0.11   4.8  4.6
3918.98 0.0012 0.04   0.12   4.9  4.6
3918.99 0.0012 0.06   0.12   4.5  4.2
3919.00 0.0012 0.06   0.11   4.3  3.9
3919.01 0.0012 0.07   0.10   4.1  3.7
3919.02 0.0012 0.08   0.10   4.1  3.7
3919.03 0.0011 0.08   0.10   4.4  4.0
3919.04 0.0011 0.08   0.10   3.6  3.2
3919.05 0.0011 0.08   0.10   3.6  3.1
3919.06 0.0011 0.08   0.11   4.2  3.7
3919.07 0.0014 0.08   0.14   6.5  6.0
3919.08 0.0014 0.08   0.15   6.3  5.8
3919.09 0.0016 0.09   0.16   7.2  6.6
3919.10 0.0017 0.11   0.18   7.7  7.1
3919.11 0.0017 0.10   0.19   7.6  7.1
3919.12 0.0017 0.07   0.19   7.3  6.9
3919.13 0.0017 0.07   0.18   7.1  6.7
3919.14 0.0016 0.06   0.20   7.1  6.8
3919.15 0.0017 0.05   0.22   7.4  7.1
3919.16 0.0017 0.05   0.24   7.3  7.0
3919.17 0.0014 0.04   0.20   6.3  6.0
3919.18 0.0014 0.05   0.19   6.3  6.0
3919.19 0.0012 0.03   0.15   4.1  3.9
3919.20 0.0012 0.03   0.15   4.0  3.9
3919.21 0.0012 0.02   0.18   3.8  3.7
3919.22 0.0012 0.02   0.17   3.5  3.4
3919.23 0.0012 0.02   0.16   3.6  3.5
3919.24 0.0012 0.00   0.16   2.5  2.5
3919.25 0.0012 0.00   0.17   2.5  2.5
3919.26 0.0012 0.00   0.17   3.1  3.1
3919.27 0.0012 0.00   0.17   1.1  1.1
3919.28 0.0012 0.00   0.17   1.0  1.0
3919.29 0.0012 0.00   0.17   1.1  1.1
3919.30 0.0012 0.00   0.17   1.1  1.1
3919.31 0.0012 0.00   0.16   1.1  1.1
3919.32 0.0012 0.00   0.16   1.1  1.1
3919.33 0.0011 0.00   0.16   1.1  1.1
3919.34 0.0011 0.00   0.18   1.2  1.2
3919.35 0.0011 0.00   0.18   1.3  1.3
3919.36 0.0011 0.00   0.18   1.4  1.4
3919.37 0.0011 0.00   0.17   1.4  1.4
3919.38 0.0011 0.00   0.17   1.4  1.4
3919.39 0.0011 0.00   0.16   1.5  1.5
3919.40 0.0010 0.00   0.16   1.5  1.5
3919.41 0.0010 0.00   0.16   1.5  1.5
3919.42 0.0010 0.00   0.16   1.6  1.6
3919.43 0.0010 0.00   0.15   1.6  1.6
3919.44 0.0010 0.00   0.14   1.7  1.7
3919.45 0.0009 0.00   0.14   1.8  1.8
3919.46 0.0009 0.00   0.14   1.8  1.8
3919.47 0.0009 0.00   0.12   1.8  1.8
3919.48 0.0009 0.00   0.11   1.8  1.8
3919.49 0.0009 0.01   0.10   1.9  1.8
3919.50 0.0008 0.00   0.09   2.1  2.1
3919.51 0.0008 0.00   0.09   2.1  2.1
3919.52 0.0008 0.00   0.09   2.2  2.2
3919.53 0.0008 0.01   0.07   2.3  2.2
3919.54 0.0007 0.01   0.06   2.4  2.4
3919.55 0.0007 0.00   0.05   2.6  2.6
3919.56 0.0007 0.00   0.06   2.6  2.6
3919.57 0.0007 0.00   0.06   2.6  2.6
3919.58 0.0007 0.00   0.06   2.7  2.7
3919.59 0.0008 0.00   0.06   2.9  2.9
3919.60 0.0008 0.00   0.07   2.9  2.9
3919.61 0.0008 0.00   0.07   2.9  2.9
3919.62 0.0008 0.00   0.08   3.0  3.0
3919.63 0.0008 0.00   0.09   3.0  3.0
3919.64 0.0008 0.00   0.10   3.1  3.1
3919.65 0.0008 0.00   0.12   3.2  3.2
3919.66 0.0008 0.00   0.12   3.2  3.2
3919.67 0.0009 0.00   0.12   3.3  3.3
3919.68 0.0009 0.00   0.11   3.3  3.3
3919.69 0.0009 0.00   0.11   3.2  3.2
3919.70 0.0009 0.00   0.11   3.2  3.2
3919.71 0.0008 0.00   0.11   3.2  3.2
3919.72 0.0009 0.01   0.12   3.3  3.2
3919.73 0.0009 0.01   0.13   3.4  3.4
3919.74 0.0009 0.01   0.14   3.4  3.4
3919.75 0.0009 0.01   0.15   3.5  3.4
3919.76 0.0009 0.02   0.13   3.5  3.3
3919.77 0.0008 0.04   0.12   3.4  3.2
3919.78 0.0008 0.02   0.13   3.3  3.2
3919.79 0.0009 0.01   0.14   3.3  3.3
3919.80 0.0008 0.00   0.17   3.3  3.3
3919.81 0.0008 0.00   0.17   3.3  3.3
3919.82 0.0008 0.00   0.16   3.2  3.2
3919.83 0.0008 0.00   0.14   3.1  3.1
3919.84 0.0007 0.00   0.13   3.0  3.0
3919.85 0.0007 0.01   0.13   3.1  3.1
3919.86 0.0007 0.00   0.13   3.1  3.1
3919.87 0.0007 0.00   0.14   3.0  3.0
3919.88 0.0007 0.00   0.12   3.0  3.0
3919.89 0.0007 0.00   0.10   3.0  3.0
3919.90 0.0006 0.01   0.09   2.9  2.8
3919.91 0.0006 0.02   0.08   2.8  2.7
3919.92 0.0006 0.02   0.07   2.7  2.6
3919.93 0.0006 0.02   0.07   2.6  2.5
3919.94 0.0006 0.02   0.08   2.6  2.5
3919.95 0.0007 0.02   0.07   2.6  2.5
3919.96 0.0007 0.02   0.09   2.6  2.5
3919.97 0.0007 0.02   0.09   2.5  2.4
3919.98 0.0008 0.02   0.08   2.4  2.3
3919.99 0.0007 0.02   0.09   2.4  2.3
3920.00 0.0008 0.01   0.07   2.4  2.3
3920.01 0.0008 0.01   0.06   2.3  2.3
3920.02 0.0008 0.02   0.06   2.4  2.3
3920.03 0.0008 0.02   0.06   2.4  2.3
3920.04 0.0008 0.02   0.06   2.4  2.3
3920.05 0.0007 0.02   0.05   2.4  2.3
3920.06 0.0007 0.01   0.05   2.4  2.4
3920.07 0.0008 0.01   0.04   2.4  2.4
3920.08 0.0008 0.00   0.04   2.4  2.4
3920.09 0.0008 0.00   0.04   2.5  2.5
3920.10 0.0007 0.00   0.04   2.6  2.6
3920.11 0.0007 0.00   0.04   2.6  2.6
3920.12 0.0007 0.00   0.04   2.6  2.6
3920.13 0.0007 0.01   0.03   2.7  2.6
3920.14 0.0007 0.02   0.02   2.8  2.7
3920.15 0.0007 0.02   0.01   2.7  2.6
3920.16 0.0008 0.01   0.01   2.7  2.6
3920.17 0.0007 0.02   0.02   2.7  2.6
3920.18 0.0007 0.01   0.03   2.7  2.7
3920.19 0.0008 0.01   0.03   2.7  2.6
3920.20 0.0008 0.02   0.03   2.7  2.6
3920.21 0.0008 0.02   0.03   2.6  2.5
3920.22 0.0008 0.03   0.03   2.6  2.4
3920.23 0.0008 0.03   0.04   2.5  2.3
3920.24 0.0008 0.02   0.04   2.5  2.4
3920.25 0.0008 0.03   0.03   2.6  2.4
3920.26 0.0008 0.02   0.03   2.7  2.6
3920.27 0.0008 0.02   0.03   2.7  2.6
3920.28 0.0008 0.04   0.03   2.6  2.4
3920.29 0.0008 0.05   0.02   2.6  2.4
3920.30 0.0007 0.06   0.02   2.6  2.3
3920.31 0.0007 0.06   0.01   2.5  2.2
3920.32 0.0007 0.06   0.01   2.6  2.3
3920.33 0.0008 0.06   0.01   2.7  2.4
3920.34 0.0008 0.06   0.02   2.8  2.4
3920.35 0.0008 0.05   0.02   2.7  2.5
3920.36 0.0008 0.04   0.03   2.8  2.6
3920.37 0.0008 0.05   0.03   2.8  2.6
3920.38 0.0008 0.05   0.03   2.9  2.6
3920.39 0.0008 0.03   0.04   2.8  2.6
3920.40 0.0008 0.03   0.04   2.7  2.6
3920.41 0.0008 0.04   0.05   2.8  2.6
3920.42 0.0008 0.04   0.06   2.8  2.6
3920.43 0.0008 0.03   0.06   2.8  2.6
3920.44 0.0008 0.02   0.06   2.7  2.6
3920.45 0.0008 0.02   0.06   2.7  2.6
3920.46 0.0008 0.01   0.06   2.8  2.7
3920.47 0.0008 0.01   0.06   2.9  2.8
3920.48 0.0008 0.00   0.07   2.8  2.8
3920.49 0.0008 0.00   0.08   2.8  2.8
3920.50 0.0008 0.00   0.09   2.8  2.8
3920.51 0.0008 0.00   0.08   2.7  2.7
3920.52 0.0008 0.00   0.07   2.7  2.7
3920.53 0.0008 0.00   0.06   2.6  2.6
3920.54 0.0008 0.00   0.06   2.7  2.7
3920.55 0.0008 0.00   0.06   2.7  2.7
3920.56 0.0007 0.00   0.06   2.7  2.7
3920.57 0.0007 0.00   0.06   2.7  2.7
3920.58 0.0007 0.00   0.06   2.7  2.7
3920.59 0.0007 0.00   0.06   2.7  2.7
3920.60 0.0007 0.00   0.07   2.6  2.6
3920.61 0.0007 0.00   0.07   2.5  2.5
3920.62 0.0007 0.00   0.08   2.5  2.5
3920.63 0.0007 0.00   0.08   2.5  2.5
3920.64 0.0007 0.00   0.08   2.5  2.5
3920.65 0.0007 0.00   0.08   2.5  2.5
3920.66 0.0008 0.00   0.08   2.4  2.4
3920.67 0.0008 0.00   0.09   2.3  2.3
3920.68 0.0008 0.00   0.09   2.4  2.4
3920.69 0.0007 0.00   0.09   2.3  2.3
3920.70 0.0007 0.00   0.09   2.4  2.4
3920.71 0.0007 0.00   0.10   2.3  2.3
3920.72 0.0007 0.00   0.10   2.2  2.2
3920.73 0.0007 0.00   0.10   2.2  2.2
3920.74 0.0008 0.00   0.10   2.1  2.1
3920.75 0.0008 0.00   0.09   2.1  2.1
3920.76 0.0008 0.00   0.09   2.0  2.0
3920.77 0.0009 0.00   0.09   2.0  2.0
3920.78 0.0009 0.00   0.08   2.0  2.0
3920.79 0.0009 0.00   0.08   1.9  1.9
3920.80 0.0009 0.00   0.07   1.8  1.8
3920.81 0.0009 0.00   0.07   1.9  1.9
3920.82 0.0009 0.00   0.06   1.9  1.9
3920.83 0.0009 0.00   0.07   1.9  1.9
3920.84 0.0009 0.00   0.07   1.9  1.9
3920.85 0.0009 0.00   0.07   1.9  1.9
3920.86 0.0009 0.00   0.06   1.9  1.9
3920.87 0.0009 0.00   0.06   1.7  1.7
3920.88 0.0009 0.00   0.06   1.7  1.7
3920.89 0.0009 0.00   0.06   1.7  1.7
3920.90 0.0009 0.00   0.07   1.7  1.7
3920.91 0.0009 0.00   0.07   1.7  1.7
3920.92 0.0009 0.01   0.06   1.7  1.7
3920.93 0.0009 0.01   0.05   1.8  1.7
3920.94 0.0009 0.02   0.05   1.8  1.7
3920.95 0.0009 0.01   0.05   1.9  1.8
3920.96 0.0009 0.01   0.05   1.9  1.9
3920.97 0.0009 0.01   0.04   2.0  1.9
3920.98 0.0009 0.01   0.05   1.9  1.9
3920.99 0.0009 0.01   0.04   2.0  1.9
3921.00 0.0009 0.03   0.03   1.9  1.8
3921.01 0.0009 0.04   0.02   1.9  1.7
3921.02 0.0009 0.05   0.02   1.9  1.7
3921.03 0.0009 0.05   0.02   1.9  1.7
3921.04 0.0009 0.03   0.01   2.0  1.8
3921.05 0.0009 0.03   0.01   2.0  1.8
3921.06 0.0009 0.04   0.01   2.0  1.7
3921.07 0.0009 0.04   0.02   2.0  1.8
3921.08 0.0008 0.04   0.02   2.0  1.8
3921.09 0.0008 0.04   0.02   1.9  1.7
3921.10 0.0008 0.05   0.02   2.0  1.7
3921.11 0.0008 0.05   0.02   2.0  1.7
3921.12 0.0008 0.03   0.03   2.0  1.8
3921.13 0.0008 0.02   0.02   2.0  1.9
3921.14 0.0008 0.03   0.03   2.0  1.9
3921.15 0.0009 0.02   0.03   1.9  1.8
3921.16 0.0009 0.02   0.03   1.9  1.8
3921.17 0.0009 0.01   0.04   1.9  1.8
3921.18 0.0009 0.01   0.05   2.0  1.9
3921.19 0.0008 0.01   0.05   1.9  1.9
3921.20 0.0009 0.00   0.05   2.0  2.0
3921.21 0.0009 0.00   0.05   2.0  2.0
3921.22 0.0009 0.00   0.06   1.9  1.9
3921.23 0.0009 0.00   0.08   1.8  1.8
3921.24 0.0009 0.00   0.08   1.8  1.8
3921.25 0.0009 0.00   0.10   1.7  1.7
3921.26 0.0009 0.00   0.10   1.6  1.6
3921.27 0.0009 0.00   0.10   1.4  1.4
3921.28 0.0010 0.00   0.09   1.3  1.3
3921.29 0.0010 0.00   0.09   1.3  1.3
3921.30 0.0009 0.00   0.09   1.1  1.1
3921.31 0.0009 0.00   0.10   1.1  1.1
3921.32 0.0009 0.00   0.10   1.0  1.0
3921.33 0.0009 0.00   0.10   1.1  1.1
3921.34 0.0009 0.00   0.11   1.0  1.0
3921.35 0.0009 0.00   0.11   1.8  1.8
3921.36 0.0010 0.00   0.10   2.2  2.2
3921.37 0.0010 0.00   0.10   3.4  3.4
3921.38 0.0011 0.00   0.11   4.3  4.3
3921.39 0.0011 0.00   0.11   4.4  4.4
3921.40 0.0013 0.00   0.14   5.3  5.3
3921.41 0.0015 0.00   0.16   6.0  6.0
3921.42 0.0018 0.00   0.19   6.9  6.9
3921.43 0.0021 0.00   0.22   7.8  7.8
3921.44 0.0024 0.01   0.25   8.7  8.7
3921.45 0.0028 0.02   0.30   9.9  9.7
3921.46 0.0031 0.04   0.37   11.0  10.7
3921.47 0.0034 0.04   0.43   11.9  11.7
3921.48 0.0037 0.06   0.52   12.6  12.2
3921.49 0.0039 0.07   0.56   13.4  12.9
3921.50 0.0044 0.12   0.62   14.4  13.6
3921.51 0.0046 0.14   0.62   15.1  14.2
3921.52 0.0049 0.15   0.66   15.7  14.8
3921.53 0.0053 0.17   0.72   16.8  15.7
3921.54 0.0054 0.15   0.75   16.7  15.8
3921.55 0.0058 0.17   0.82   17.9  16.9
3921.56 0.0059 0.21   0.81   18.2  16.9
3921.57 0.0059 0.21   0.78   17.8  16.5
3921.58 0.0058 0.20   0.67   17.4  16.2
3921.59 0.0059 0.20   0.63   17.4  16.2
3921.60 0.0059 0.26   0.58   18.1  16.6
3921.61 0.0059 0.31   0.58   18.3  16.5
3921.62 0.0060 0.33   0.58   18.6  16.7
3921.63 0.0062 0.34   0.63   19.3  17.4
3921.64 0.0062 0.31   0.67   19.0  17.3
3921.65 0.0062 0.30   0.65   19.4  17.7
3921.66 0.0064 0.29   0.63   19.6  18.0
3921.67 0.0066 0.28   0.63   20.1  18.5
3921.68 0.0070 0.23   0.66   20.1  18.8
3921.69 0.0069 0.24   0.65   20.3  19.0
3921.70 0.0072 0.27   0.71   21.4  19.9
3921.71 0.0075 0.26   0.76   21.8  20.3
3921.72 0.0075 0.25   0.78   21.5  20.1
3921.73 0.0076 0.19   0.86   21.9  20.8
3921.74 0.0078 0.12   0.89   21.7  21.0
3921.75 0.0081 0.12   0.93   22.6  21.9
3921.76 0.0087 0.07   1.00   23.2  22.8
3921.77 0.0087 0.04   0.98   22.8  22.6
3921.78 0.0088 0.02   0.97   22.7  22.5
3921.79 0.0093 0.04   0.95   23.7  23.5
3921.80 0.0095 0.07   0.96   24.3  23.9
3921.81 0.0099 0.05   0.98   24.3  24.1
3921.82 0.0101 0.03   0.95   24.5  24.3
3921.83 0.0102 0.01   0.95   24.7  24.6
3921.84 0.0103 0.02   0.94   24.6  24.5
3921.85 0.0102 0.03   0.91   24.4  24.3
3921.86 0.0104 0.01   0.88   24.2  24.2
3921.87 0.0105 0.01   0.88   24.8  24.7
3921.88 0.0108 0.01   0.90   24.9  24.9
3921.89 0.0108 0.05   0.91   25.6  25.3
3921.90 0.0112 0.06   0.98   26.3  26.0
3921.91 0.0116 0.06   1.08   26.8  26.5
3921.92 0.0122 0.05   1.15   27.5  27.3
3921.93 0.0121 0.02   1.23   26.4  26.3
3921.94 0.0116 0.00   1.21   25.9  25.9
3921.95 0.0116 0.00   1.22   25.9  25.9
3921.96 0.0113 0.00   1.19   25.5  25.5
3921.97 0.0114 0.00   1.15   25.4  25.4
3921.98 0.0110 0.00   1.07   24.0  24.0
3921.99 0.0106 0.00   1.06   24.1  24.1
3922.00 0.0106 0.00   1.12   24.3  24.3
3922.01 0.0108 0.00   1.19   24.7  24.7
3922.02 0.0110 0.00   1.20   25.0  25.0
3922.03 0.0112 0.00   1.23   24.4  24.4
3922.04 0.0106 0.00   1.13   23.7  23.7
3922.05 0.0108 0.00   1.15   24.4  24.4
3922.06 0.0112 0.05   1.18   25.1  24.7
3922.07 0.0114 0.11   1.18   25.9  25.1
3922.08 0.0116 0.16   1.18   26.2  25.1
3922.09 0.0119 0.22   1.21   26.0  24.5
3922.10 0.0117 0.24   1.22   25.8  24.2
3922.11 0.0119 0.23   1.32   26.4  24.8
3922.12 0.0125 0.14   1.45   26.2  25.2
3922.13 0.0124 0.14   1.49   26.2  25.2
3922.14 0.0123 0.17   1.56   26.5  25.4
3922.15 0.0124 0.19   1.60   26.6  25.3
3922.16 0.0123 0.17   1.74   26.5  25.4
3922.17 0.0119 0.18   1.80   26.2  24.9
3922.18 0.0119 0.19   1.84   26.4  25.0
3922.19 0.0117 0.26   1.90   27.0  25.2
3922.20 0.0119 0.30   1.94   27.6  25.5
3922.21 0.0123 0.33   2.01   27.5  25.2
3922.22 0.0125 0.29   2.05   27.3  25.2
3922.23 0.0126 0.27   2.10   27.0  25.1
3922.24 0.0121 0.27   2.03   26.3  24.4
3922.25 0.0119 0.26   2.00   26.2  24.4
3922.26 0.0114 0.23   1.84   25.9  24.3
3922.27 0.0115 0.23   1.77   26.5  24.8
3922.28 0.0116 0.23   1.78   26.6  24.9
3922.29 0.0117 0.23   1.80   26.8  25.2
3922.30 0.0116 0.25   1.78   26.9  25.2
3922.31 0.0116 0.34   1.81   27.9  25.5
3922.32 0.0114 0.42   1.79   27.4  24.5
3922.33 0.0112 0.45   1.72   27.2  24.0
3922.34 0.0109 0.50   1.71   27.3  23.7
3922.35 0.0104 0.56   1.62   26.5  22.6
3922.36 0.0101 0.58   1.57   26.4  22.4
3922.37 0.0108 0.66   1.61   28.0  23.5
3922.38 0.0108 0.67   1.64   27.6  23.1
3922.39 0.0112 0.63   1.67   27.5  23.3
3922.40 0.0106 0.60   1.53   26.2  22.3
3922.41 0.0105 0.58   1.51   26.2  22.5
3922.42 0.0100 0.54   1.43   25.6  22.3
3922.43 0.0097 0.51   1.42   25.4  22.3
3922.44 0.0092 0.49   1.30   24.6  21.6
3922.45 0.0087 0.50   1.17   24.1  21.2
3922.46 0.0085 0.47   1.12   23.8  21.0
3922.47 0.0080 0.40   0.99   22.5  20.2
3922.48 0.0079 0.36   0.97   22.3  20.2
3922.49 0.0076 0.33   0.86   21.5  19.6
3922.50 0.0074 0.32   0.79   21.3  19.4
3922.51 0.0074 0.29   0.79   21.0  19.4
3922.52 0.0073 0.22   0.80   20.5  19.2
3922.53 0.0071 0.19   0.76   19.7  18.6
3922.54 0.0065 0.17   0.73   18.8  17.8
3922.55 0.0063 0.18   0.69   18.5  17.5
3922.56 0.0061 0.17   0.65   17.9  16.9
3922.57 0.0060 0.19   0.67   18.3  17.2
3922.58 0.0060 0.19   0.68   18.3  17.1
3922.59 0.0059 0.21   0.75   18.2  17.0
3922.60 0.0059 0.17   0.75   17.9  16.9
3922.61 0.0059 0.15   0.73   17.7  16.8
3922.62 0.0059 0.16   0.71   17.7  16.8
3922.63 0.0060 0.11   0.74   17.7  17.1
3922.64 0.0061 0.07   0.76   17.7  17.4
3922.65 0.0061 0.01   0.76   17.8  17.7
3922.66 0.0062 0.00   0.80   18.3  18.3
3922.67 0.0060 0.00   0.80   17.5  17.5
3922.68 0.0063 0.00   0.84   18.7  18.7
3922.69 0.0062 0.00   0.85   18.4  18.4
3922.70 0.0061 0.00   0.87   18.2  18.2
3922.71 0.0059 0.00   0.84   17.7  17.7
3922.72 0.0056 0.00   0.76   17.1  17.1
3922.73 0.0060 0.00   0.81   18.5  18.5
3922.74 0.0063 0.00   0.85   19.0  19.0
3922.75 0.0068 0.00   0.91   19.8  19.8
3922.76 0.0071 0.00   0.92   20.2  20.2
3922.77 0.0077 0.00   0.94   20.9  20.9
3922.78 0.0083 0.02   1.03   22.6  22.5
3922.79 0.0087 0.03   1.09   23.0  22.8
3922.80 0.0095 0.10   1.18   24.9  24.3
3922.81 0.0098 0.16   1.22   25.4  24.4
3922.82 0.0104 0.23   1.30   26.5  25.1
3922.83 0.0108 0.30   1.30   27.3  25.5
3922.84 0.0114 0.35   1.36   28.9  26.7
3922.85 0.0121 0.39   1.41   29.3  26.9
3922.86 0.0124 0.41   1.39   29.5  27.0
3922.87 0.0127 0.41   1.37   29.8  27.3
3922.88 0.0134 0.41   1.41   30.6  28.1
3922.89 0.0137 0.40   1.40   31.1  28.7
3922.90 0.0142 0.38   1.43   31.6  29.4
3922.91 0.0144 0.37   1.41   31.5  29.3
3922.92 0.0149 0.38   1.40   32.6  30.3
3922.93 0.0150 0.44   1.42   32.8  30.2
3922.94 0.0150 0.47   1.42   32.9  30.1
3922.95 0.0154 0.45   1.49   33.3  30.6
3922.96 0.0153 0.48   1.46   33.1  30.2
3922.97 0.0155 0.51   1.46   33.6  30.6
3922.98 0.0152 0.53   1.47   32.8  29.7
3922.99 0.0153 0.54   1.50   33.6  30.5
3923.00 0.0157 0.56   1.53   34.1  30.9
3923.01 0.0161 0.48   1.59   33.7  31.0
3923.02 0.0163 0.45   1.64   33.8  31.2
3923.03 0.0163 0.41   1.68   33.5  31.3
3923.04 0.0163 0.39   1.72   33.5  31.4
3923.05 0.0156 0.42   1.69   33.4  31.1
3923.06 0.0148 0.47   1.61   32.7  30.0
3923.07 0.0143 0.49   1.53   32.3  29.6
3923.08 0.0137 0.54   1.44   32.0  29.1
3923.09 0.0135 0.55   1.42   31.4  28.4
3923.10 0.0128 0.53   1.37   30.3  27.4
3923.11 0.0122 0.49   1.32   29.3  26.6
3923.12 0.0118 0.47   1.28   28.5  25.9
3923.13 0.0109 0.47   1.16   27.5  24.9
3923.14 0.0106 0.46   1.11   27.0  24.4
3923.15 0.0101 0.41   1.09   26.6  24.3
3923.16 0.0100 0.37   1.15   26.6  24.5
3923.17 0.0099 0.35   1.20   26.3  24.3
3923.18 0.0092 0.35   1.21   24.8  22.9
3923.19 0.0089 0.34   1.19   24.5  22.6
3923.20 0.0085 0.36   1.18   23.9  21.8
3923.21 0.0079 0.37   1.11   22.7  20.6
3923.22 0.0074 0.37   1.08   22.0  19.9
3923.23 0.0072 0.36   1.06   21.4  19.4
3923.24 0.0064 0.34   0.97   20.0  18.1
3923.25 0.0062 0.34   0.96   19.8  17.8
3923.26 0.0057 0.34   0.87   18.4  16.4
3923.27 0.0057 0.34   0.86   18.7  16.7
3923.28 0.0057 0.29   0.87   18.3  16.6
3923.29 0.0050 0.25   0.75   16.1  14.6
3923.30 0.0047 0.21   0.73   15.6  14.3
3923.31 0.0043 0.18   0.71   14.8  13.6
3923.32 0.0043 0.19   0.71   15.0  13.8
3923.33 0.0041 0.24   0.67   14.4  12.8
3923.34 0.0037 0.26   0.64   13.6  11.8
3923.35 0.0035 0.26   0.61   12.9  11.0
3923.36 0.0028 0.25   0.52   11.4  9.5
3923.37 0.0027 0.25   0.49   11.1  9.2
3923.38 0.0024 0.24   0.45   10.2  8.2
3923.39 0.0022 0.21   0.44   9.2  7.4
3923.40 0.0022 0.20   0.44   9.3  7.5
3923.41 0.0018 0.14   0.39   7.7  6.3
3923.42 0.0017 0.12   0.41   7.5  6.3
3923.43 0.0016 0.12   0.45   7.7  6.4
3923.44 0.0015 0.12   0.52   7.6  6.3
3923.45 0.0016 0.11   0.55   7.8  6.6
3923.46 0.0017 0.10   0.61   7.9  6.7
3923.47 0.0016 0.09   0.60   7.6  6.4
3923.48 0.0015 0.06   0.62   7.2  6.3
3923.49 0.0013 0.05   0.55   6.3  5.5
3923.50 0.0013 0.05   0.53   6.1  5.3
3923.51 0.0012 0.04   0.47   5.3  4.7
3923.52 0.0011 0.03   0.39   4.7  4.2
3923.53 0.0010 0.02   0.34   4.4  4.1
3923.54 0.0010 0.00   0.35   4.4  4.4
3923.55 0.0011 0.00   0.38   4.8  4.8
3923.56 0.0013 0.00   0.43   5.2  5.2
3923.57 0.0014 0.00   0.53   5.8  5.8
3923.58 0.0015 0.00   0.56   5.7  5.7
3923.59 0.0013 0.00   0.52   5.3  5.3
3923.60 0.0012 0.00   0.50   5.1  5.1
3923.61 0.0011 0.00   0.51   5.0  5.0
3923.62 0.0012 0.00   0.55   5.2  5.2
3923.63 0.0013 0.00   0.60   5.8  5.8
3923.64 0.0018 0.00   0.75   7.0  7.0
3923.65 0.0021 0.00   0.80   7.3  7.3
3923.66 0.0027 0.00   0.91   7.8  7.8
3923.67 0.0029 0.00   0.93   7.9  7.9
3923.68 0.0029 0.00   0.88   7.9  7.9
3923.69 0.0030 0.00   0.77   8.3  8.3
3923.70 0.0034 0.00   0.81   9.3  9.3
3923.71 0.0041 0.00   0.96   10.1  10.1
3923.72 0.0051 0.00   1.14   11.5  11.5
3923.73 0.0055 0.00   1.22   11.7  11.7
3923.74 0.0060 0.00   1.36   12.2  12.2
3923.75 0.0061 0.00   1.37   12.1  12.1
3923.76 0.0069 0.00   1.41   13.4  13.4
3923.77 0.0080 0.00   1.36   14.3  14.3
3923.78 0.0082 0.00   1.28   14.4  14.4
3923.79 0.0091 0.00   1.21   15.0  15.0
3923.80 0.0092 0.00   1.21   14.9  14.9
3923.81 0.0098 0.00   1.20   15.6  15.6
3923.82 0.0109 0.00   1.32   17.0  17.0
3923.83 0.0115 0.00   1.40   17.7  17.7
3923.84 0.0126 0.00   1.57   19.4  19.4
3923.85 0.0131 0.00   1.68   20.0  20.0
3923.86 0.0133 0.00   1.72   20.6  20.6
3923.87 0.0140 0.00   1.79   22.3  22.3
3923.88 0.0140 0.00   1.75   22.0  22.0
3923.89 0.0134 0.00   1.64   21.9  21.9
3923.90 0.0126 0.00   1.48   21.7  21.7
3923.91 0.0124 0.00   1.45   22.2  22.2
3923.92 0.0123 0.00   1.40   22.6  22.6
3923.93 0.0122 0.00   1.40   22.7  22.7
3923.94 0.0124 0.00   1.41   23.2  23.2
3923.95 0.0128 0.00   1.37   24.2  24.2
3923.96 0.0129 0.00   1.33   24.0  24.0
3923.97 0.0131 0.00   1.27   24.8  24.8
3923.98 0.0131 0.00   1.27   24.7  24.7
3923.99 0.0124 0.00   1.22   24.3  24.3
3924.00 0.0116 0.00   1.24   24.1  24.1
3924.01 0.0113 0.00   1.23   24.4  24.4
3924.02 0.0116 0.00   1.31   25.3  25.3
3924.03 0.0119 0.00   1.34   25.8  25.8
3924.04 0.0134 0.00   1.47   27.8  27.8
3924.05 0.0134 0.00   1.42   26.6  26.6
3924.06 0.0128 0.00   1.35   25.6  25.6
3924.07 0.0117 0.00   1.20   25.3  25.3
3924.08 0.0113 0.00   1.11   24.8  24.8
3924.09 0.0106 0.00   1.04   24.0  24.0
3924.10 0.0101 0.00   0.99   23.2  23.2
3924.11 0.0098 0.00   0.96   23.1  23.1
3924.12 0.0096 0.00   0.93   23.2  23.2
3924.13 0.0097 0.00   0.90   23.6  23.6
3924.14 0.0097 0.00   0.88   23.4  23.4
3924.15 0.0093 0.00   0.83   22.4  22.4
3924.16 0.0088 0.00   0.76   21.4  21.4
3924.17 0.0080 0.00   0.65   20.0  20.0
3924.18 0.0078 0.00   0.62   19.9  19.9
3924.19 0.0076 0.00   0.60   19.5  19.5
3924.20 0.0074 0.00   0.61   19.6  19.6
3924.21 0.0071 0.00   0.58   18.6  18.6
3924.22 0.0071 0.00   0.60   19.2  19.2
3924.23 0.0072 0.00   0.64   19.4  19.4
3924.24 0.0072 0.00   0.67   19.5  19.5
3924.25 0.0074 0.00   0.66   19.8  19.8
3924.26 0.0077 0.00   0.66   20.0  20.0
3924.27 0.0081 0.00   0.66   20.2  20.2
3924.28 0.0084 0.00   0.73   20.4  20.4
3924.29 0.0085 0.00   0.77   20.5  20.5
3924.30 0.0081 0.00   0.77   19.9  19.9
3924.31 0.0080 0.00   0.76   19.6  19.6
3924.32 0.0078 0.00   0.70   19.2  19.2
3924.33 0.0077 0.00   0.69   18.8  18.7
3924.34 0.0071 0.02   0.64   17.6  17.5
3924.35 0.0061 0.02   0.55   16.1  16.0
3924.36 0.0055 0.04   0.51   15.4  15.2
3924.37 0.0052 0.09   0.46   15.7  15.2
3924.38 0.0054 0.10   0.47   16.3  15.7
3924.39 0.0054 0.10   0.46   16.2  15.6
3924.40 0.0054 0.13   0.49   16.2  15.4
3924.41 0.0054 0.13   0.49   16.2  15.4
3924.42 0.0057 0.14   0.51   17.1  16.3
3924.43 0.0057 0.14   0.51   16.9  16.1
3924.44 0.0056 0.16   0.51   16.7  15.8
3924.45 0.0056 0.16   0.51   16.7  15.8
3924.46 0.0054 0.16   0.47   16.3  15.4
3924.47 0.0054 0.15   0.47   16.4  15.6
3924.48 0.0057 0.13   0.48   16.9  16.1
3924.49 0.0058 0.11   0.48   16.7  16.1
3924.50 0.0058 0.11   0.50   16.9  16.2
3924.51 0.0057 0.12   0.50   17.0  16.3
3924.52 0.0058 0.15   0.49   17.2  16.3
3924.53 0.0059 0.17   0.52   17.4  16.4
3924.54 0.0060 0.17   0.53   17.5  16.5
3924.55 0.0060 0.13   0.52   17.1  16.4
3924.56 0.0060 0.14   0.52   17.5  16.7
3924.57 0.0062 0.15   0.52   17.9  17.0
3924.58 0.0060 0.16   0.51   17.4  16.5
3924.59 0.0057 0.16   0.50   16.9  16.0
3924.60 0.0056 0.16   0.50   17.3  16.4
3924.61 0.0059 0.15   0.55   17.8  17.0
3924.62 0.0057 0.14   0.53   17.2  16.4
3924.63 0.0054 0.17   0.46   16.7  15.8
3924.64 0.0053 0.17   0.46   16.5  15.6
3924.65 0.0055 0.18   0.47   17.1  16.1
3924.66 0.0055 0.21   0.46   17.0  15.9
3924.67 0.0054 0.22   0.46   17.0  15.8
3924.68 0.0056 0.22   0.43   17.4  16.2
3924.69 0.0060 0.21   0.48   18.3  17.1
3924.70 0.0066 0.20   0.55   19.2  18.1
3924.71 0.0073 0.16   0.60   19.8  18.9
3924.72 0.0075 0.14   0.62   19.9  19.1
3924.73 0.0079 0.11   0.67   20.4  19.7
3924.74 0.0081 0.15   0.66   20.5  19.6
3924.75 0.0080 0.16   0.64   20.3  19.3
3924.76 0.0077 0.24   0.58   20.3  18.8
3924.77 0.0075 0.26   0.55   19.9  18.3
3924.78 0.0076 0.25   0.56   20.3  18.7
3924.79 0.0082 0.25   0.60   21.1  19.5
3924.80 0.0083 0.24   0.63   21.0  19.4
3924.81 0.0084 0.24   0.67   21.0  19.4
3924.82 0.0083 0.25   0.67   20.6  19.0
3924.83 0.0083 0.28   0.65   20.7  18.9
3924.84 0.0081 0.23   0.62   20.1  18.6
3924.85 0.0082 0.21   0.65   20.4  19.0
3924.86 0.0082 0.17   0.67   20.1  19.1
3924.87 0.0080 0.14   0.66   19.6  18.7
3924.88 0.0073 0.15   0.61   18.8  17.9
3924.89 0.0071 0.17   0.57   18.8  17.7
3924.90 0.0072 0.17   0.60   18.9  17.8
3924.91 0.0073 0.16   0.64   19.1  18.0
3924.92 0.0073 0.14   0.67   18.8  17.9
3924.93 0.0077 0.05   0.73   18.7  18.4
3924.94 0.0077 0.01   0.69   18.2  18.1
3924.95 0.0075 0.01   0.66   17.7  17.6
3924.96 0.0069 0.00   0.56   17.1  17.1
3924.97 0.0070 0.00   0.56   17.4  17.4
3924.98 0.0071 0.00   0.51   17.4  17.4
3924.99 0.0069 0.01   0.48   16.9  16.8
3925.00 0.0069 0.01   0.48   16.9  16.8
3925.01 0.0064 0.01   0.46   15.7  15.7
3925.02 0.0059 0.02   0.43   15.3  15.1
3925.03 0.0053 0.07   0.34   14.6  14.2
3925.04 0.0048 0.11   0.32   14.2  13.6
3925.05 0.0045 0.12   0.29   13.4  12.7
3925.06 0.0040 0.14   0.23   12.7  11.8
3925.07 0.0040 0.12   0.25   12.7  12.0
3925.08 0.0040 0.12   0.26   13.0  12.3
3925.09 0.0040 0.12   0.28   12.9  12.3
3925.10 0.0039 0.11   0.29   12.6  11.9
3925.11 0.0036 0.12   0.28   12.0  11.3
3925.12 0.0035 0.12   0.28   11.8  11.1
3925.13 0.0032 0.10   0.26   10.9  10.3
3925.14 0.0027 0.08   0.23   9.7  9.3
3925.15 0.0025 0.07   0.21   9.1  8.7
3925.16 0.0025 0.09   0.23   9.5  9.0
3925.17 0.0024 0.09   0.24   9.4  8.9
3925.18 0.0025 0.10   0.25   9.9  9.3
3925.19 0.0023 0.10   0.23   9.1  8.5
3925.20 0.0023 0.10   0.22   9.1  8.5
3925.21 0.0025 0.13   0.22   9.7  9.0
3925.22 0.0027 0.16   0.24   10.6  9.7
3925.23 0.0029 0.17   0.26   11.2  10.2
3925.24 0.0030 0.18   0.27   11.3  10.3
3925.25 0.0030 0.18   0.25   11.2  10.2
3925.26 0.0030 0.20   0.21   11.4  10.2
3925.27 0.0034 0.24   0.22   12.5  11.0
3925.28 0.0034 0.27   0.22   12.8  11.2
3925.29 0.0035 0.32   0.21   13.0  11.0
3925.30 0.0037 0.32   0.22   13.4  11.5
3925.31 0.0036 0.30   0.21   12.7  11.0
3925.32 0.0037 0.29   0.27   13.6  11.9
3925.33 0.0038 0.27   0.30   13.6  12.0
3925.34 0.0040 0.25   0.36   14.3  12.8
3925.35 0.0044 0.28   0.40   15.6  14.0
3925.36 0.0045 0.29   0.40   15.8  14.0
3925.37 0.0046 0.29   0.43   15.7  14.0
3925.38 0.0050 0.29   0.46   16.8  15.0
3925.39 0.0056 0.27   0.53   17.6  16.0
3925.40 0.0062 0.33   0.58   18.8  16.8
3925.41 0.0062 0.36   0.57   18.6  16.4
3925.42 0.0062 0.34   0.59   18.6  16.5
3925.43 0.0065 0.31   0.63   19.2  17.2
3925.44 0.0070 0.30   0.69   19.9  18.0
3925.45 0.0077 0.29   0.77   20.9  19.1
3925.46 0.0079 0.28   0.78   21.0  19.2
3925.47 0.0090 0.34   0.83   23.1  21.0
3925.48 0.0097 0.34   0.90   23.9  21.8
3925.49 0.0104 0.31   0.98   24.1  22.1
3925.50 0.0108 0.33   1.00   24.9  22.9
3925.51 0.0111 0.33   1.02   25.3  23.2
3925.52 0.0115 0.30   1.03   25.4  23.6
3925.53 0.0118 0.29   1.04   25.8  24.1
3925.54 0.0121 0.30   1.08   26.5  24.7
3925.55 0.0124 0.29   1.12   26.9  25.2
3925.56 0.0126 0.28   1.13   26.9  25.2
3925.57 0.0130 0.21   1.19   26.7  25.4
3925.58 0.0130 0.17   1.25   26.6  25.6
3925.59 0.0128 0.15   1.26   26.5  25.6
3925.60 0.0124 0.18   1.22   26.2  25.1
3925.61 0.0126 0.20   1.26   26.7  25.6
3925.62 0.0126 0.25   1.30   26.9  25.4
3925.63 0.0131 0.23   1.39   27.4  26.0
3925.64 0.0130 0.22   1.39   27.2  25.9
3925.65 0.0128 0.21   1.36   27.4  26.2
3925.66 0.0130 0.22   1.40   28.1  26.8
3925.67 0.0134 0.27   1.38   28.1  26.5
3925.68 0.0133 0.33   1.33   28.2  26.3
3925.69 0.0135 0.36   1.31   28.8  26.7
3925.70 0.0136 0.40   1.24   28.1  25.8
3925.71 0.0138 0.36   1.27   28.6  26.6
3925.72 0.0145 0.28   1.31   28.6  27.0
3925.73 0.0137 0.30   1.18   27.5  25.8
3925.74 0.0132 0.32   1.14   27.4  25.6
3925.75 0.0124 0.35   1.09   27.4  25.4
3925.76 0.0124 0.36   1.08   27.5  25.5
3925.77 0.0126 0.37   1.14   28.0  25.9
3925.78 0.0121 0.36   1.14   27.0  25.1
3925.79 0.0119 0.35   1.12   27.0  25.1
3925.80 0.0120 0.36   1.08   27.8  25.8
3925.81 0.0119 0.38   1.09   27.7  25.6
3925.82 0.0115 0.41   1.15   27.2  25.0
3925.83 0.0109 0.47   1.13   26.8  24.3
3925.84 0.0106 0.47   1.12   26.5  24.0
3925.85 0.0107 0.46   1.18   27.0  24.6
3925.86 0.0110 0.45   1.22   27.4  25.0
3925.87 0.0113 0.47   1.28   27.3  24.8
3925.88 0.0114 0.44   1.27   27.4  25.1
3925.89 0.0115 0.45   1.27   27.7  25.3
3925.90 0.0112 0.46   1.22   27.6  25.2
3925.91 0.0112 0.46   1.16   27.4  25.0
3925.92 0.0108 0.47   1.08   26.6  24.1
3925.93 0.0103 0.45   1.06   26.3  23.9
3925.94 0.0102 0.45   1.05   26.2  23.8
3925.95 0.0095 0.44   0.96   24.9  22.5
3925.96 0.0086 0.43   0.89   23.8  21.5
3925.97 0.0084 0.43   0.89   23.8  21.5
3925.98 0.0085 0.42   0.92   24.1  21.8
3925.99 0.0086 0.44   0.93   24.1  21.7
3926.00 0.0083 0.43   0.90   23.0  20.7
3926.01 0.0078 0.39   0.83   21.8  19.7
3926.02 0.0076 0.39   0.80   21.9  19.7
3926.03 0.0075 0.41   0.78   21.4  19.2
3926.04 0.0074 0.40   0.78   21.4  19.2
3926.05 0.0072 0.44   0.82   21.7  19.3
3926.06 0.0075 0.46   0.90   22.3  19.8
3926.07 0.0077 0.46   0.94   22.3  19.8
3926.08 0.0075 0.44   0.96   21.3  18.9
3926.09 0.0075 0.41   0.98   21.4  19.2
3926.10 0.0075 0.35   0.96   21.1  19.1
3926.11 0.0071 0.31   0.85   19.4  17.6
3926.12 0.0068 0.32   0.78   19.2  17.4
3926.13 0.0065 0.36   0.72   18.9  16.9
3926.14 0.0063 0.37   0.71   18.3  16.3
3926.15 0.0057 0.35   0.67   17.1  15.1
3926.16 0.0055 0.33   0.63   17.0  15.1
3926.17 0.0053 0.34   0.60   16.5  14.6
3926.18 0.0050 0.29   0.55   15.9  14.2
3926.19 0.0050 0.29   0.53   15.8  14.2
3926.20 0.0043 0.25   0.43   13.8  12.4
3926.21 0.0039 0.25   0.36   13.2  11.7
3926.22 0.0037 0.24   0.36   12.7  11.3
3926.23 0.0033 0.21   0.34   11.6  10.4
3926.24 0.0029 0.17   0.31   10.5  9.5
3926.25 0.0027 0.17   0.31   10.0  9.0
3926.26 0.0023 0.16   0.30   9.2  8.2
3926.27 0.0021 0.14   0.28   8.6  7.7
3926.28 0.0020 0.16   0.28   8.6  7.7
3926.29 0.0016 0.12   0.21   6.9  6.1
3926.30 0.0015 0.11   0.20   6.9  6.2
3926.31 0.0015 0.08   0.18   6.2  5.8
3926.32 0.0013 0.06   0.15   5.5  5.2
3926.33 0.0011 0.06   0.15   5.2  4.9
3926.34 0.0009 0.04   0.12   3.9  3.7
3926.35 0.0009 0.04   0.12   4.3  4.1
3926.36 0.0009 0.04   0.11   3.1  2.9
3926.37 0.0008 0.03   0.11   1.9  1.7
3926.38 0.0008 0.04   0.11   1.2  1.0
3926.39 0.0008 0.03   0.10   1.2  1.0
3926.40 0.0008 0.02   0.10   1.2  1.1
3926.41 0.0008 0.02   0.10   1.3  1.2
3926.42 0.0008 0.02   0.09   1.4  1.3
3926.43 0.0007 0.02   0.10   1.4  1.2
3926.44 0.0007 0.02   0.12   1.4  1.3
3926.45 0.0007 0.02   0.12   1.4  1.3
3926.46 0.0007 0.02   0.12   1.4  1.3
3926.47 0.0007 0.02   0.13   1.5  1.4
3926.48 0.0007 0.01   0.13   1.6  1.5
3926.49 0.0008 0.00   0.13   1.5  1.5
3926.50 0.0008 0.00   0.13   1.5  1.5
3926.51 0.0008 0.00   0.13   1.5  1.5
3926.52 0.0008 0.00   0.13   1.5  1.5
3926.53 0.0008 0.00   0.12   1.5  1.5
3926.54 0.0008 0.00   0.14   1.5  1.5
3926.55 0.0008 0.00   0.14   1.5  1.5
3926.56 0.0009 0.00   0.14   1.4  1.4
3926.57 0.0009 0.00   0.14   1.4  1.4
3926.58 0.0009 0.00   0.15   1.4  1.4
3926.59 0.0009 0.00   0.14   1.4  1.4
3926.60 0.0009 0.00   0.13   1.4  1.4
3926.61 0.0010 0.00   0.13   1.4  1.4
3926.62 0.0010 0.00   0.13   1.5  1.4
3926.63 0.0010 0.00   0.13   1.4  1.4
3926.64 0.0009 0.00   0.13   1.5  1.5
3926.65 0.0009 0.00   0.13   1.5  1.5
3926.66 0.0009 0.00   0.14   1.5  1.5
3926.67 0.0009 0.00   0.13   1.6  1.6
3926.68 0.0009 0.00   0.13   1.6  1.6
3926.69 0.0009 0.00   0.14   1.7  1.7
3926.70 0.0009 0.00   0.14   1.7  1.7
3926.71 0.0009 0.00   0.14   1.6  1.6
3926.72 0.0009 0.00   0.15   1.7  1.6
3926.73 0.0009 0.00   0.15   1.6  1.6
3926.74 0.0009 0.01   0.14   1.6  1.5
3926.75 0.0009 0.01   0.14   1.6  1.6
3926.76 0.0009 0.01   0.13   1.7  1.6
3926.77 0.0010 0.02   0.11   1.8  1.8
3926.78 0.0009 0.01   0.11   1.8  1.7
3926.79 0.0009 0.01   0.12   1.9  1.8
3926.80 0.0009 0.00   0.11   1.9  1.9
3926.81 0.0009 0.00   0.11   1.9  1.9
3926.82 0.0009 0.00   0.11   1.9  1.9
3926.83 0.0009 0.00   0.09   2.0  1.9
3926.84 0.0008 0.00   0.08   2.1  2.0
3926.85 0.0008 0.01   0.08   2.2  2.1
3926.86 0.0008 0.01   0.08   2.2  2.2
3926.87 0.0008 0.01   0.09   2.2  2.1
3926.88 0.0008 0.01   0.09   2.2  2.1
3926.89 0.0008 0.02   0.08   2.2  2.1
3926.90 0.0007 0.01   0.08   2.3  2.2
3926.91 0.0007 0.01   0.10   2.3  2.3
3926.92 0.0007 0.01   0.10   2.3  2.3
3926.93 0.0007 0.01   0.09   2.3  2.2
3926.94 0.0007 0.00   0.08   2.3  2.3
3926.95 0.0006 0.00   0.08   2.4  2.4
3926.96 0.0006 0.00   0.08   2.4  2.4
3926.97 0.0006 0.00   0.09   2.4  2.4
3926.98 0.0007 0.00   0.08   2.3  2.3
3926.99 0.0007 0.00   0.08   2.3  2.3
3927.00 0.0006 0.00   0.08   2.3  2.3
3927.01 0.0006 0.00   0.08   2.3  2.3
3927.02 0.0006 0.00   0.07   2.3  2.3
3927.03 0.0006 0.00   0.07   2.3  2.3
3927.04 0.0006 0.00   0.07   2.3  2.3
3927.05 0.0006 0.00   0.08   2.2  2.2
3927.06 0.0006 0.00   0.08   2.2  2.2
3927.07 0.0005 0.00   0.08   2.3  2.3
3927.08 0.0005 0.00   0.09   2.4  2.4
3927.09 0.0005 0.00   0.09   2.4  2.4
3927.10 0.0005 0.00   0.11   2.5  2.5
