ELM     V003.000SPECTRL V003.000
M0
sng                           
2_Baydin                      
dolb.38                       
11-20-2009
3964.30 0.0005 0.00   0.76   2.0  2.0
3964.31 0.0003 0.00   0.45   2.0  2.0
3964.32 0.0001 0.00   0.19   2.0  2.0
3964.33 0.0002 0.00   0.26   2.1  2.1
3964.34 0.0002 0.00   0.36   2.3  2.3
3964.35 0.0002 0.00   0.37   2.3  2.3
3964.36 0.0003 0.00   0.35   2.4  2.4
3964.37 0.0003 0.00   0.33   2.4  2.4
3964.38 0.0003 0.00   0.38   2.5  2.5
3964.39 0.0003 0.00   0.41   2.5  2.5
3964.40 0.0003 0.00   0.41   2.6  2.6
3964.41 0.0004 0.00   0.39   2.7  2.7
3964.42 0.0004 0.00   0.42   2.8  2.8
3964.43 0.0004 0.00   0.46   3.0  3.0
3964.44 0.0005 0.00   0.57   3.1  3.1
3964.45 0.0007 0.00   0.66   3.3  3.3
3964.46 0.0010 0.00   0.71   3.4  3.4
3964.47 0.0011 0.00   0.70   3.5  3.5
3964.48 0.0013 0.00   0.62   3.7  3.7
3964.49 0.0013 0.00   0.55   3.8  3.8
3964.50 0.0013 0.00   0.56   4.0  4.0
3964.51 0.0013 0.00   0.58   4.1  4.1
3964.52 0.0010 0.00   0.58   4.2  4.2
3964.53 0.0006 0.00   0.50   4.4  4.4
3964.54 0.0004 0.00   0.44   4.5  4.5
3964.55 0.0003 0.00   0.38   4.6  4.6
3964.56 0.0002 0.00   0.34   4.7  4.7
3964.57 0.0001 0.00   0.36   4.7  4.7
3964.58 0.0000 0.00   0.51   4.7  4.7
3964.59 0.0000 0.00   0.59   4.7  4.7
3964.60 0.0000 0.00   0.73   4.7  4.7
3964.61 0.0000 0.00   0.80   4.7  4.7
3964.62 0.0000 0.00   0.72   4.6  4.6
3964.63 0.0000 0.00   0.71   4.6  4.6
3964.64 0.0000 0.00   0.73   4.6  4.6
3964.65 0.0000 0.00   0.67   4.6  4.6
3964.66 0.0000 0.00   0.66   4.5  4.5
3964.67 0.0000 0.00   0.68   4.5  4.5
3964.68 0.0000 0.00   0.70   4.5  4.5
3964.69 0.0000 0.00   0.79   4.6  4.6
3964.70 0.0000 0.00   0.81   4.7  4.7
3964.71 0.0000 0.00   0.79   4.7  4.7
3964.72 0.0000 0.00   0.72   4.7  4.7
3964.73 0.0000 0.00   0.60   4.7  4.7
3964.74 0.0000 0.00   0.51   4.7  4.7
3964.75 0.0000 0.00   0.49   4.6  4.6
3964.76 0.0000 0.00   0.50   4.6  4.6
3964.77 0.0000 0.00   0.62   4.6  4.6
3964.78 0.0000 0.00   0.75   4.5  4.5
3964.79 0.0001 0.00   0.83   4.5  4.5
3964.80 0.0002 0.00   1.02   4.4  4.4
3964.81 0.0002 0.00   1.14   4.5  4.5
3964.82 0.0003 0.00   1.14   4.5  4.5
3964.83 0.0004 0.00   1.10   4.5  4.5
3964.84 0.0007 0.00   1.07   4.4  4.4
3964.85 0.0011 0.00   1.06   4.4  4.4
3964.86 0.0013 0.00   1.07   4.4  4.4
3964.87 0.0015 0.00   1.10   4.5  4.5
3964.88 0.0016 0.00   1.11   4.4  4.4
3964.89 0.0017 0.00   1.12   4.4  4.4
3964.90 0.0017 0.00   0.98   4.4  4.4
3964.91 0.0018 0.00   0.84   4.4  4.4
3964.92 0.0019 0.00   0.79   4.4  4.4
3964.93 0.0020 0.00   0.69   4.5  4.5
3964.94 0.0022 0.00   0.57   4.6  4.6
3964.95 0.0023 0.00   0.50   4.6  4.6
3964.96 0.0024 0.00   0.46   4.7  4.7
3964.97 0.0026 0.00   0.42   4.6  4.6
3964.98 0.0029 0.00   0.39   4.6  4.6
3964.99 0.0031 0.00   0.38   4.6  4.6
3965.00 0.0033 0.00   0.37   4.5  4.5
3965.01 0.0036 0.02   0.26   4.5  4.4
3965.02 0.0032 0.05   0.12   4.4  4.1
3965.03 0.0034 0.05   0.06   4.5  4.2
3965.04 0.0034 0.05   0.05   4.5  4.2
3965.05 0.0028 0.05   0.06   4.4  4.1
3965.06 0.0029 0.04   0.07   4.4  4.2
3965.07 0.0034 0.03   0.09   4.4  4.3
3965.08 0.0032 0.05   0.09   4.4  4.1
3965.09 0.0026 0.09   0.06   4.3  3.8
3965.10 0.0022 0.11   0.05   4.3  3.7
3965.11 0.0019 0.15   0.04   4.3  3.5
3965.12 0.0018 0.17   0.02   4.3  3.3
3965.13 0.0017 0.17   0.01   4.3  3.3
3965.14 0.0018 0.16   0.03   4.2  3.3
3965.15 0.0016 0.18   0.05   4.1  3.1
3965.16 0.0017 0.20   0.03   4.1  3.0
3965.17 0.0018 0.28   0.01   4.2  2.6
3965.18 0.0017 0.31   0.00   4.1  2.3
3965.19 0.0016 0.36   0.01   4.1  2.0
3965.20 0.0016 0.40   0.01   4.1  1.8
3965.21 0.0015 0.37   0.00   4.0  1.9
3965.22 0.0013 0.36   0.00   4.1  1.9
3965.23 0.0013 0.33   0.00   4.0  2.0
3965.24 0.0014 0.32   0.02   4.0  2.1
3965.25 0.0015 0.27   0.02   4.0  2.4
3965.26 0.0016 0.28   0.01   3.9  2.2
3965.27 0.0017 0.27   0.01   3.9  2.2
3965.28 0.0017 0.26   0.03   3.8  2.2
3965.29 0.0021 0.25   0.09   3.9  2.4
3965.30 0.0022 0.18   0.21   3.9  2.9
3965.31 0.0025 0.10   0.25   4.0  3.4
3965.32 0.0026 0.08   0.26   4.0  3.5
3965.33 0.0023 0.04   0.35   4.1  3.8
3965.34 0.0022 0.02   0.44   4.0  3.8
3965.35 0.0020 0.01   0.48   4.0  3.9
3965.36 0.0020 0.01   0.51   4.1  4.0
3965.37 0.0018 0.01   0.58   4.0  4.0
3965.38 0.0017 0.00   0.66   4.0  4.0
3965.39 0.0016 0.00   0.69   4.1  4.0
3965.40 0.0015 0.00   0.75   4.1  4.0
3965.41 0.0012 0.00   0.84   4.1  4.1
3965.42 0.0009 0.00   0.94   4.1  4.1
3965.43 0.0007 0.00   0.99   4.1  4.1
3965.44 0.0005 0.00   1.01   4.1  4.1
3965.45 0.0003 0.00   0.95   4.2  4.2
3965.46 0.0002 0.00   0.86   4.3  4.3
3965.47 0.0001 0.00   0.82   4.3  4.3
3965.48 0.0001 0.00   0.84   4.4  4.4
3965.49 0.0001 0.00   0.82   4.5  4.5
3965.50 0.0000 0.00   0.73   4.5  4.5
3965.51 0.0000 0.00   0.65   4.6  4.6
3965.52 0.0000 0.00   0.63   4.7  4.7
3965.53 0.0000 0.00   0.57   4.6  4.6
3965.54 0.0000 0.00   0.64   4.7  4.7
3965.55 0.0000 0.00   0.66   4.8  4.8
3965.56 0.0000 0.00   0.67   4.7  4.7
3965.57 0.0000 0.00   0.65   4.7  4.7
3965.58 0.0000 0.00   0.71   4.7  4.7
3965.59 0.0000 0.00   0.77   4.5  4.5
3965.60 0.0000 0.00   0.77   4.4  4.4
3965.61 0.0002 0.00   0.72   4.3  4.3
3965.62 0.0003 0.00   0.68   4.1  4.1
3965.63 0.0002 0.00   0.64   4.1  4.1
3965.64 0.0002 0.00   0.61   4.0  4.0
3965.65 0.0001 0.00   0.58   3.9  3.9
3965.66 0.0000 0.00   0.60   3.9  3.9
3965.67 0.0000 0.00   0.60   3.8  3.8
3965.68 0.0000 0.00   0.57   3.7  3.7
3965.69 0.0000 0.00   0.49   3.7  3.7
3965.70 0.0000 0.00   0.51   3.7  3.7
3965.71 0.0000 0.00   0.37   3.7  3.7
3965.72 0.0000 0.00   0.31   3.6  3.6
3965.73 0.0001 0.00   0.24   3.5  3.5
3965.74 0.0001 0.00   0.17   3.5  3.5
3965.75 0.0004 0.00   0.11   3.5  3.5
3965.76 0.0006 0.00   0.10   3.4  3.4
3965.77 0.0009 0.00   0.15   3.4  3.4
3965.78 0.0011 0.00   0.22   3.3  3.3
3965.79 0.0014 0.00   0.24   3.2  3.2
3965.80 0.0015 0.00   0.25   3.2  3.2
3965.81 0.0017 0.00   0.31   3.3  3.3
3965.82 0.0018 0.00   0.41   3.3  3.3
3965.83 0.0018 0.00   0.47   3.2  3.2
3965.84 0.0018 0.00   0.53   3.2  3.2
3965.85 0.0018 0.00   0.59   3.2  3.2
3965.86 0.0018 0.00   0.61   3.2  3.2
3965.87 0.0019 0.00   0.57   3.2  3.2
3965.88 0.0018 0.00   0.61   3.3  3.3
3965.89 0.0019 0.00   0.62   3.3  3.3
3965.90 0.0020 0.00   0.49   3.4  3.4
3965.91 0.0019 0.00   0.36   3.6  3.6
3965.92 0.0019 0.00   0.28   3.7  3.7
3965.93 0.0018 0.00   0.17   3.9  3.9
3965.94 0.0019 0.00   0.10   4.0  4.0
3965.95 0.0021 0.00   0.07   4.2  4.2
3965.96 0.0022 0.00   0.06   4.2  4.2
3965.97 0.0024 0.00   0.03   4.3  4.3
3965.98 0.0026 0.00   0.02   4.4  4.4
3965.99 0.0026 0.00   0.08   4.4  4.4
3966.00 0.0026 0.00   0.10   4.5  4.5
3966.01 0.0027 0.00   0.08   4.6  4.6
3966.02 0.0028 0.00   0.09   4.7  4.7
3966.03 0.0028 0.00   0.12   4.8  4.8
3966.04 0.0028 0.00   0.13   4.8  4.8
3966.05 0.0029 0.00   0.19   4.9  4.9
3966.06 0.0030 0.00   0.18   4.9  4.9
3966.07 0.0032 0.00   0.14   4.9  4.9
3966.08 0.0033 0.00   0.14   4.9  4.9
3966.09 0.0033 0.00   0.21   4.9  4.9
3966.10 0.0034 0.00   0.30   4.9  4.9
3966.11 0.0034 0.00   0.32   4.8  4.8
3966.12 0.0033 0.00   0.31   4.8  4.8
3966.13 0.0034 0.00   0.36   4.8  4.8
3966.14 0.0033 0.00   0.41   4.8  4.8
3966.15 0.0032 0.00   0.39   4.8  4.8
3966.16 0.0031 0.00   0.30   4.8  4.8
3966.17 0.0031 0.00   0.32   4.8  4.8
3966.18 0.0029 0.00   0.42   4.8  4.8
3966.19 0.0030 0.00   0.41   4.8  4.8
3966.20 0.0027 0.00   0.42   4.8  4.8
3966.21 0.0026 0.00   0.43   4.8  4.8
3966.22 0.0023 0.00   0.52   4.8  4.8
3966.23 0.0019 0.00   0.67   4.7  4.7
3966.24 0.0017 0.00   0.78   4.6  4.6
3966.25 0.0016 0.00   0.82   4.5  4.5
3966.26 0.0015 0.00   0.82   4.5  4.5
3966.27 0.0015 0.00   0.84   4.5  4.5
3966.28 0.0014 0.00   0.91   4.4  4.4
3966.29 0.0015 0.00   0.91   4.3  4.3
3966.30 0.0014 0.00   0.89   4.3  4.3
3966.31 0.0012 0.00   0.91   4.3  4.3
3966.32 0.0011 0.00   0.95   4.1  4.1
3966.33 0.0010 0.00   0.97   4.1  4.1
3966.34 0.0009 0.00   0.97   4.1  4.1
3966.35 0.0008 0.00   0.96   4.0  4.0
3966.36 0.0008 0.00   0.94   3.9  3.9
3966.37 0.0006 0.00   0.94   3.9  3.9
3966.38 0.0004 0.00   0.91   3.9  3.9
3966.39 0.0002 0.00   0.74   4.0  4.0
3966.40 0.0001 0.00   0.63   4.1  4.1
3966.41 0.0001 0.00   0.58   4.0  4.0
3966.42 0.0001 0.00   0.53   3.8  3.8
3966.43 0.0000 0.00   0.47   3.8  3.8
3966.44 0.0002 0.00   0.36   3.8  3.8
3966.45 0.0002 0.00   0.37   3.7  3.7
3966.46 0.0003 0.00   0.43   3.7  3.7
3966.47 0.0006 0.00   0.45   3.7  3.7
3966.48 0.0010 0.00   0.37   3.5  3.5
3966.49 0.0011 0.00   0.35   3.5  3.5
3966.50 0.0011 0.00   0.36   3.3  3.3
3966.51 0.0011 0.00   0.46   3.4  3.4
3966.52 0.0011 0.00   0.51   3.4  3.4
3966.53 0.0012 0.00   0.50   3.3  3.3
3966.54 0.0015 0.00   0.51   3.2  3.2
3966.55 0.0017 0.00   0.50   3.2  3.2
3966.56 0.0017 0.00   0.49   3.2  3.2
3966.57 0.0017 0.00   0.51   3.1  3.1
3966.58 0.0016 0.00   0.55   3.1  3.1
3966.59 0.0014 0.00   0.61   3.2  3.2
3966.60 0.0013 0.00   0.59   3.2  3.2
3966.61 0.0014 0.00   0.56   3.2  3.2
3966.62 0.0017 0.00   0.53   3.2  3.2
3966.63 0.0018 0.00   0.44   3.2  3.2
3966.64 0.0020 0.00   0.30   3.2  3.2
3966.65 0.0021 0.00   0.28   3.2  3.2
3966.66 0.0022 0.00   0.25   3.3  3.3
3966.67 0.0020 0.03   0.19   3.3  3.1
3966.68 0.0020 0.02   0.27   3.4  3.2
3966.69 0.0020 0.02   0.35   3.4  3.3
3966.70 0.0022 0.01   0.39   3.5  3.4
3966.71 0.0021 0.02   0.43   3.4  3.3
3966.72 0.0014 0.04   0.36   3.3  3.0
3966.73 0.0012 0.05   0.32   3.3  2.9
3966.74 0.0011 0.07   0.27   3.5  3.0
3966.75 0.0010 0.08   0.23   3.5  2.9
3966.76 0.0013 0.07   0.21   3.6  3.1
3966.77 0.0013 0.08   0.21   3.5  3.0
3966.78 0.0016 0.07   0.21   3.6  3.2
3966.79 0.0017 0.08   0.21   3.8  3.3
3966.80 0.0023 0.04   0.21   3.9  3.7
3966.81 0.0024 0.04   0.18   4.0  3.7
3966.82 0.0026 0.06   0.09   4.0  3.6
3966.83 0.0027 0.03   0.12   4.0  3.9
3966.84 0.0030 0.02   0.17   4.1  4.0
3966.85 0.0030 0.01   0.17   4.2  4.1
3966.86 0.0031 0.01   0.13   4.2  4.2
3966.87 0.0032 0.01   0.07   4.3  4.3
3966.88 0.0033 0.00   0.05   4.4  4.3
3966.89 0.0034 0.00   0.04   4.4  4.4
3966.90 0.0036 0.00   0.02   4.4  4.4
3966.91 0.0036 0.00   0.01   4.4  4.4
3966.92 0.0036 0.00   0.01   4.4  4.4
3966.93 0.0035 0.00   0.01   4.4  4.4
3966.94 0.0032 0.00   0.01   4.4  4.4
3966.95 0.0027 0.00   0.06   4.4  4.4
3966.96 0.0024 0.00   0.11   4.4  4.4
3966.97 0.0022 0.00   0.13   4.4  4.4
3966.98 0.0019 0.00   0.09   4.5  4.5
3966.99 0.0018 0.00   0.08   4.5  4.5
3967.00 0.0017 0.00   0.05   4.5  4.5
3967.01 0.0017 0.00   0.04   4.5  4.5
3967.02 0.0019 0.00   0.02   4.6  4.6
3967.03 0.0019 0.00   0.01   4.6  4.6
3967.04 0.0016 0.00   0.01   4.6  4.6
3967.05 0.0014 0.00   0.03   4.6  4.6
3967.06 0.0009 0.00   0.03   4.6  4.6
3967.07 0.0005 0.00   0.07   4.7  4.7
3967.08 0.0003 0.00   0.15   4.7  4.7
3967.09 0.0002 0.00   0.19   4.7  4.7
3967.10 0.0001 0.00   0.30   4.6  4.6
3967.11 0.0001 0.00   0.49   4.5  4.5
3967.12 0.0000 0.00   0.62   4.5  4.5
3967.13 0.0000 0.00   0.69   4.6  4.6
3967.14 0.0000 0.00   0.78   4.6  4.6
3967.15 0.0000 0.00   0.83   4.6  4.6
3967.16 0.0000 0.00   0.90   4.6  4.6
3967.17 0.0000 0.00   0.93   4.7  4.7
3967.18 0.0000 0.00   0.91   4.6  4.6
3967.19 0.0000 0.00   0.88   4.7  4.7
3967.20 0.0000 0.00   0.86   4.7  4.7
3967.21 0.0001 0.00   0.85   4.7  4.7
3967.22 0.0000 0.00   0.83   4.7  4.7
3967.23 0.0000 0.00   0.84   4.7  4.7
3967.24 0.0000 0.00   0.78   4.7  4.7
3967.25 0.0000 0.00   0.75   4.7  4.7
3967.26 0.0000 0.00   0.68   4.7  4.7
3967.27 0.0001 0.00   0.61   4.7  4.7
3967.28 0.0003 0.00   0.58   4.6  4.6
3967.29 0.0004 0.00   0.54   4.6  4.6
3967.30 0.0005 0.01   0.52   4.6  4.6
3967.31 0.0007 0.03   0.57   4.5  4.3
3967.32 0.0009 0.05   0.58   4.5  4.2
3967.33 0.0011 0.03   0.56   4.5  4.3
3967.34 0.0017 0.03   0.49   4.6  4.4
3967.35 0.0020 0.09   0.45   4.6  4.1
3967.36 0.0024 0.09   0.46   4.6  4.1
3967.37 0.0028 0.11   0.42   4.6  4.0
3967.38 0.0029 0.12   0.37   4.6  4.0
3967.39 0.0031 0.09   0.28   4.6  4.2
3967.40 0.0033 0.05   0.27   4.6  4.3
3967.41 0.0034 0.03   0.25   4.5  4.4
3967.42 0.0034 0.02   0.25   4.5  4.4
3967.43 0.0036 0.01   0.21   4.4  4.4
3967.44 0.0037 0.01   0.12   4.5  4.4
3967.45 0.0038 0.00   0.07   4.4  4.4
3967.46 0.0039 0.00   0.06   4.4  4.4
3967.47 0.0038 0.00   0.06   4.4  4.4
3967.48 0.0036 0.00   0.13   4.5  4.5
3967.49 0.0033 0.00   0.26   4.4  4.4
3967.50 0.0032 0.00   0.37   4.4  4.4
3967.51 0.0027 0.00   0.49   4.3  4.3
3967.52 0.0026 0.00   0.63   4.3  4.3
3967.53 0.0026 0.00   0.66   4.3  4.3
3967.54 0.0026 0.00   0.67   4.3  4.3
3967.55 0.0023 0.00   0.57   4.2  4.2
3967.56 0.0019 0.00   0.44   4.2  4.2
3967.57 0.0016 0.00   0.37   4.1  4.1
3967.58 0.0015 0.00   0.41   4.1  4.1
3967.59 0.0015 0.00   0.52   4.1  4.1
3967.60 0.0014 0.00   0.55   4.1  4.1
3967.61 0.0015 0.00   0.52   4.0  4.0
3967.62 0.0016 0.00   0.46   4.0  4.0
3967.63 0.0015 0.01   0.44   4.1  4.0
3967.64 0.0013 0.00   0.47   4.0  4.0
3967.65 0.0012 0.00   0.44   3.9  3.9
3967.66 0.0011 0.00   0.44   3.9  3.9
3967.67 0.0011 0.00   0.47   3.9  3.9
3967.68 0.0011 0.00   0.48   3.9  3.9
3967.69 0.0009 0.00   0.45   3.9  3.8
3967.70 0.0008 0.02   0.40   3.8  3.7
3967.71 0.0008 0.07   0.32   3.8  3.4
3967.72 0.0008 0.08   0.35   3.9  3.4
3967.73 0.0010 0.08   0.38   4.0  3.5
3967.74 0.0010 0.08   0.39   4.0  3.5
3967.75 0.0010 0.07   0.38   4.0  3.5
3967.76 0.0011 0.04   0.35   4.0  3.7
3967.77 0.0012 0.01   0.30   3.9  3.8
3967.78 0.0012 0.01   0.26   3.9  3.8
3967.79 0.0011 0.00   0.25   3.8  3.8
3967.80 0.0011 0.00   0.26   3.9  3.8
3967.81 0.0012 0.02   0.21   3.9  3.8
3967.82 0.0013 0.01   0.20   3.9  3.8
3967.83 0.0013 0.01   0.15   3.8  3.7
3967.84 0.0013 0.00   0.12   3.7  3.7
3967.85 0.0013 0.00   0.10   3.7  3.7
3967.86 0.0013 0.01   0.08   3.7  3.6
3967.87 0.0013 0.01   0.08   3.6  3.6
3967.88 0.0014 0.00   0.06   3.7  3.7
3967.89 0.0013 0.00   0.08   3.6  3.6
3967.90 0.0013 0.00   0.07   3.6  3.6
3967.91 0.0012 0.00   0.05   3.5  3.5
3967.92 0.0011 0.00   0.06   3.5  3.5
3967.93 0.0011 0.00   0.08   3.5  3.5
3967.94 0.0010 0.00   0.09   3.5  3.5
3967.95 0.0009 0.00   0.09   3.3  3.3
3967.96 0.0009 0.00   0.10   3.2  3.2
3967.97 0.0008 0.00   0.09   3.1  3.1
3967.98 0.0008 0.00   0.08   3.0  3.0
3967.99 0.0007 0.00   0.08   2.9  2.9
3968.00 0.0007 0.00   0.08   2.8  2.8
3968.01 0.0007 0.00   0.08   2.7  2.7
3968.02 0.0006 0.00   0.08   2.7  2.7
3968.03 0.0006 0.00   0.09   2.7  2.7
3968.04 0.0007 0.00   0.09   2.5  2.5
3968.05 0.0007 0.00   0.09   2.4  2.4
3968.06 0.0007 0.00   0.09   2.3  2.3
3968.07 0.0007 0.00   0.10   2.1  2.1
3968.08 0.0008 0.00   0.10   2.0  1.9
3968.09 0.0008 0.01   0.12   1.9  1.9
3968.10 0.0007 0.01   0.12   1.9  1.8
3968.11 0.0008 0.01   0.12   1.8  1.7
3968.12 0.0008 0.02   0.12   1.6  1.5
3968.13 0.0009 0.02   0.13   1.6  1.5
3968.14 0.0009 0.03   0.13   1.6  1.4
3968.15 0.0009 0.03   0.13   1.5  1.4
3968.16 0.0009 0.03   0.13   1.4  1.2
3968.17 0.0009 0.02   0.14   1.4  1.3
3968.18 0.0010 0.02   0.13   1.4  1.2
3968.19 0.0010 0.02   0.14   1.3  1.1
3968.20 0.0010 0.03   0.14   1.3  1.1
3968.21 0.0010 0.03   0.15   1.2  1.0
3968.22 0.0011 0.03   0.14   1.2  1.0
3968.23 0.0011 0.02   0.14   1.1  0.9
3968.24 0.0011 0.02   0.13   1.0  0.9
3968.25 0.0011 0.01   0.12   1.4  1.3
3968.26 0.0011 0.01   0.12   1.7  1.6
3968.27 0.0011 0.02   0.10   1.7  1.6
3968.28 0.0011 0.02   0.09   2.2  2.1
3968.29 0.0011 0.03   0.09   3.2  3.0
3968.30 0.0011 0.04   0.09   3.2  3.0
3968.31 0.0011 0.04   0.09   3.2  3.0
3968.32 0.0011 0.04   0.09   3.9  3.7
3968.33 0.0011 0.04   0.08   4.1  3.8
3968.34 0.0011 0.04   0.07   3.7  3.5
3968.35 0.0011 0.02   0.09   3.3  3.2
3968.36 0.0011 0.02   0.09   3.3  3.2
3968.37 0.0011 0.01   0.10   2.6  2.6
3968.38 0.0011 0.01   0.10   2.8  2.7
3968.39 0.0011 0.01   0.09   2.5  2.4
3968.40 0.0011 0.00   0.09   3.1  3.1
3968.41 0.0012 0.00   0.08   3.4  3.4
3968.42 0.0012 0.00   0.09   3.3  3.3
3968.43 0.0012 0.00   0.09   3.0  3.0
3968.44 0.0012 0.00   0.09   3.6  3.6
3968.45 0.0012 0.00   0.10   4.3  4.3
3968.46 0.0012 0.00   0.11   4.3  4.3
3968.47 0.0011 0.00   0.11   3.6  3.6
3968.48 0.0012 0.00   0.11   4.3  4.3
3968.49 0.0012 0.00   0.10   4.1  4.1
3968.50 0.0012 0.00   0.11   4.2  4.2
3968.51 0.0012 0.00   0.11   4.8  4.8
3968.52 0.0012 0.00   0.09   4.7  4.7
3968.53 0.0011 0.00   0.10   4.3  4.3
3968.54 0.0011 0.00   0.10   3.8  3.8
3968.55 0.0011 0.00   0.10   3.7  3.7
3968.56 0.0011 0.00   0.11   3.4  3.4
3968.57 0.0011 0.00   0.12   3.2  3.2
3968.58 0.0011 0.00   0.12   3.2  3.2
3968.59 0.0012 0.00   0.13   3.6  3.6
3968.60 0.0012 0.01   0.12   3.2  3.2
3968.61 0.0012 0.01   0.12   3.6  3.5
3968.62 0.0012 0.01   0.11   2.9  2.9
3968.63 0.0012 0.01   0.11   2.8  2.8
3968.64 0.0012 0.01   0.11   3.3  3.3
3968.65 0.0012 0.02   0.11   4.0  4.0
3968.66 0.0012 0.02   0.11   4.1  4.0
3968.67 0.0012 0.03   0.10   3.8  3.6
3968.68 0.0012 0.04   0.10   4.6  4.4
3968.69 0.0012 0.03   0.09   4.2  4.0
3968.70 0.0012 0.04   0.09   4.6  4.4
3968.71 0.0012 0.04   0.09   4.3  4.1
3968.72 0.0012 0.03   0.08   4.4  4.2
3968.73 0.0012 0.03   0.07   4.4  4.3
3968.74 0.0012 0.04   0.08   4.3  4.1
3968.75 0.0011 0.04   0.08   3.8  3.6
3968.76 0.0012 0.04   0.08   3.4  3.2
3968.77 0.0012 0.04   0.08   3.6  3.4
3968.78 0.0012 0.03   0.08   4.0  3.8
3968.79 0.0012 0.03   0.08   3.7  3.6
3968.80 0.0012 0.02   0.09   4.3  4.2
3968.81 0.0012 0.02   0.08   4.7  4.5
3968.82 0.0012 0.02   0.08   4.3  4.1
3968.83 0.0012 0.02   0.07   3.8  3.6
3968.84 0.0012 0.03   0.07   3.7  3.6
3968.85 0.0013 0.03   0.07   3.7  3.6
3968.86 0.0013 0.02   0.06   4.3  4.1
3968.87 0.0013 0.02   0.06   4.3  4.2
3968.88 0.0012 0.02   0.07   4.1  4.0
3968.89 0.0012 0.01   0.07   3.4  3.3
3968.90 0.0012 0.00   0.07   2.7  2.7
3968.91 0.0012 0.01   0.07   2.8  2.8
3968.92 0.0011 0.01   0.07   2.7  2.6
3968.93 0.0011 0.02   0.07   2.3  2.2
3968.94 0.0011 0.02   0.06   2.2  2.0
3968.95 0.0011 0.03   0.06   2.3  2.2
3968.96 0.0010 0.03   0.06   1.4  1.2
3968.97 0.0010 0.05   0.06   1.0  0.7
3968.98 0.0010 0.04   0.06   1.4  1.2
3968.99 0.0010 0.04   0.06   1.1  0.9
3969.00 0.0010 0.04   0.07   1.3  1.1
3969.01 0.0010 0.03   0.08   1.4  1.2
3969.02 0.0010 0.03   0.07   1.3  1.1
3969.03 0.0009 0.03   0.07   1.7  1.5
3969.04 0.0009 0.04   0.08   1.4  1.2
3969.05 0.0009 0.04   0.08   2.5  2.2
3969.06 0.0010 0.03   0.08   3.0  2.8
3969.07 0.0010 0.02   0.08   3.0  2.8
3969.08 0.0010 0.01   0.09   2.6  2.5
3969.09 0.0010 0.01   0.08   2.3  2.2
3969.10 0.0010 0.03   0.07   2.0  1.8
3969.11 0.0010 0.04   0.06   1.4  1.2
3969.12 0.0009 0.03   0.07   1.1  0.8
3969.13 0.0009 0.03   0.07   1.1  0.9
3969.14 0.0009 0.02   0.07   1.3  1.1
3969.15 0.0009 0.02   0.06   1.3  1.1
3969.16 0.0009 0.02   0.06   1.3  1.2
3969.17 0.0008 0.03   0.06   1.4  1.2
3969.18 0.0008 0.02   0.06   1.5  1.4
3969.19 0.0008 0.02   0.06   1.6  1.5
3969.20 0.0007 0.01   0.07   1.7  1.6
3969.21 0.0008 0.00   0.07   1.7  1.7
3969.22 0.0008 0.00   0.08   1.7  1.7
3969.23 0.0008 0.00   0.08   1.7  1.7
3969.24 0.0008 0.00   0.09   1.8  1.8
3969.25 0.0008 0.00   0.10   1.8  1.8
3969.26 0.0008 0.00   0.10   1.8  1.8
3969.27 0.0008 0.00   0.09   1.8  1.8
3969.28 0.0008 0.00   0.08   2.0  2.0
3969.29 0.0008 0.00   0.08   2.0  2.0
3969.30 0.0008 0.00   0.09   2.0  2.0
3969.31 0.0007 0.00   0.09   2.1  2.1
3969.32 0.0007 0.00   0.09   2.1  2.1
3969.33 0.0007 0.00   0.09   2.1  2.1
3969.34 0.0007 0.00   0.10   2.2  2.2
3969.35 0.0007 0.00   0.10   2.2  2.2
3969.36 0.0007 0.00   0.10   2.2  2.2
3969.37 0.0007 0.00   0.08   2.3  2.3
3969.38 0.0007 0.00   0.08   2.4  2.4
3969.39 0.0007 0.00   0.08   2.4  2.4
3969.40 0.0006 0.00   0.08   2.4  2.4
3969.41 0.0006 0.00   0.08   2.3  2.3
3969.42 0.0006 0.00   0.07   2.4  2.4
3969.43 0.0006 0.00   0.06   2.4  2.4
3969.44 0.0006 0.00   0.07   2.4  2.4
3969.45 0.0006 0.00   0.08   2.4  2.4
3969.46 0.0006 0.00   0.09   2.3  2.3
3969.47 0.0006 0.00   0.09   2.3  2.3
3969.48 0.0006 0.00   0.09   2.4  2.4
3969.49 0.0006 0.00   0.08   2.4  2.4
3969.50 0.0006 0.00   0.08   2.3  2.3
3969.51 0.0006 0.00   0.08   2.3  2.3
3969.52 0.0006 0.00   0.08   2.2  2.2
3969.53 0.0006 0.00   0.07   2.2  2.2
3969.54 0.0006 0.00   0.06   2.2  2.2
3969.55 0.0006 0.01   0.06   2.2  2.1
3969.56 0.0006 0.00   0.07   2.1  2.1
3969.57 0.0006 0.00   0.08   2.1  2.1
3969.58 0.0006 0.00   0.09   1.9  1.9
3969.59 0.0006 0.00   0.10   1.9  1.9
3969.60 0.0006 0.00   0.09   1.8  1.8
3969.61 0.0007 0.01   0.08   1.8  1.8
3969.62 0.0007 0.01   0.07   1.8  1.7
3969.63 0.0007 0.01   0.07   1.8  1.7
3969.64 0.0007 0.03   0.06   1.8  1.7
3969.65 0.0006 0.03   0.06   1.8  1.6
3969.66 0.0006 0.04   0.07   1.7  1.4
3969.67 0.0006 0.04   0.07   1.7  1.4
3969.68 0.0006 0.04   0.07   1.7  1.4
3969.69 0.0006 0.03   0.08   1.8  1.5
3969.70 0.0006 0.02   0.08   1.8  1.7
3969.71 0.0006 0.02   0.08   1.8  1.7
3969.72 0.0007 0.02   0.09   1.8  1.6
3969.73 0.0006 0.02   0.11   1.8  1.7
3969.74 0.0007 0.03   0.12   1.8  1.6
3969.75 0.0007 0.02   0.12   1.7  1.6
3969.76 0.0007 0.02   0.12   1.7  1.6
3969.77 0.0007 0.02   0.11   1.8  1.6
3969.78 0.0007 0.01   0.11   1.8  1.7
3969.79 0.0007 0.01   0.12   1.8  1.7
3969.80 0.0007 0.01   0.11   1.7  1.6
3969.81 0.0007 0.01   0.12   1.7  1.6
3969.82 0.0007 0.02   0.12   1.6  1.5
3969.83 0.0007 0.01   0.12   1.7  1.6
3969.84 0.0008 0.00   0.12   1.7  1.7
3969.85 0.0008 0.00   0.12   1.7  1.7
3969.86 0.0008 0.00   0.11   1.6  1.6
3969.87 0.0008 0.00   0.11   1.6  1.6
3969.88 0.0008 0.02   0.11   1.6  1.5
3969.89 0.0008 0.03   0.10   1.7  1.6
3969.90 0.0008 0.03   0.10   1.9  1.7
3969.91 0.0008 0.02   0.10   1.9  1.7
3969.92 0.0008 0.02   0.10   1.9  1.8
3969.93 0.0008 0.01   0.10   1.9  1.9
3969.94 0.0008 0.00   0.11   1.9  1.9
3969.95 0.0008 0.00   0.12   1.8  1.8
3969.96 0.0008 0.00   0.12   1.8  1.8
3969.97 0.0008 0.00   0.11   1.8  1.8
3969.98 0.0009 0.00   0.11   1.9  1.9
3969.99 0.0009 0.00   0.12   1.9  1.9
3970.00 0.0009 0.00   0.12   1.9  1.9
3970.01 0.0009 0.00   0.13   1.9  1.9
3970.02 0.0008 0.00   0.13   2.0  2.0
3970.03 0.0008 0.00   0.13   1.9  1.9
3970.04 0.0008 0.00   0.12   1.9  1.9
3970.05 0.0008 0.00   0.12   1.9  1.9
3970.06 0.0008 0.00   0.12   1.9  1.9
3970.07 0.0009 0.00   0.11   1.7  1.7
3970.08 0.0009 0.00   0.11   1.7  1.7
3970.09 0.0009 0.00   0.11   1.7  1.7
3970.10 0.0008 0.00   0.11   1.7  1.7
3970.11 0.0008 0.00   0.11   1.8  1.8
3970.12 0.0008 0.00   0.11   1.8  1.8
3970.13 0.0008 0.00   0.10   1.8  1.8
3970.14 0.0008 0.00   0.11   1.8  1.8
3970.15 0.0007 0.01   0.11   1.8  1.7
3970.16 0.0007 0.01   0.11   1.8  1.8
3970.17 0.0007 0.00   0.11   2.0  1.9
3970.18 0.0007 0.00   0.11   2.1  2.1
3970.19 0.0006 0.00   0.11   2.1  2.1
3970.20 0.0006 0.00   0.11   2.1  2.1
3970.21 0.0006 0.01   0.13   2.0  1.9
3970.22 0.0006 0.01   0.13   1.9  1.8
3970.23 0.0006 0.02   0.13   2.0  1.9
3970.24 0.0006 0.02   0.12   2.0  1.9
3970.25 0.0006 0.02   0.12   2.0  1.9
3970.26 0.0006 0.03   0.12   2.0  1.9
3970.27 0.0006 0.03   0.11   2.0  1.9
3970.28 0.0006 0.02   0.11   2.1  1.9
3970.29 0.0006 0.02   0.11   2.2  2.0
3970.30 0.0005 0.05   0.09   2.1  1.8
3970.31 0.0005 0.05   0.10   2.1  1.8
3970.32 0.0005 0.05   0.09   2.0  1.7
3970.33 0.0006 0.05   0.08   2.0  1.7
3970.34 0.0006 0.07   0.06   1.9  1.5
3970.35 0.0006 0.07   0.06   2.0  1.5
3970.36 0.0006 0.06   0.07   2.0  1.6
3970.37 0.0006 0.05   0.07   2.0  1.6
3970.38 0.0005 0.04   0.07   2.0  1.8
3970.39 0.0005 0.03   0.08   2.0  1.8
3970.40 0.0005 0.03   0.07   2.0  1.8
3970.41 0.0005 0.04   0.06   2.0  1.7
3970.42 0.0006 0.06   0.05   1.9  1.5
3970.43 0.0006 0.07   0.05   1.8  1.4
3970.44 0.0006 0.07   0.06   1.8  1.4
3970.45 0.0006 0.07   0.05   1.8  1.3
3970.46 0.0006 0.08   0.05   1.7  1.2
3970.47 0.0006 0.09   0.04   1.7  1.1
3970.48 0.0007 0.09   0.04   1.6  1.1
3970.49 0.0007 0.08   0.04   1.5  1.0
3970.50 0.0007 0.07   0.04   1.4  1.0
3970.51 0.0008 0.05   0.04   1.3  1.0
3970.52 0.0008 0.05   0.04   1.3  1.0
3970.53 0.0008 0.05   0.04   1.4  1.1
3970.54 0.0008 0.06   0.04   1.3  1.0
3970.55 0.0008 0.07   0.05   1.3  0.8
3970.56 0.0008 0.07   0.04   1.3  0.9
3970.57 0.0008 0.07   0.04   1.3  0.9
3970.58 0.0008 0.09   0.04   1.3  0.7
3970.59 0.0008 0.09   0.04   1.3  0.7
3970.60 0.0007 0.10   0.04   1.3  0.7
3970.61 0.0008 0.08   0.04   1.3  0.8
3970.62 0.0007 0.08   0.04   1.3  0.8
3970.63 0.0007 0.08   0.04   1.4  0.9
3970.64 0.0007 0.07   0.04   1.4  1.0
3970.65 0.0007 0.06   0.05   1.4  1.1
3970.66 0.0007 0.06   0.06   1.4  1.0
3970.67 0.0007 0.07   0.05   1.4  1.0
3970.68 0.0007 0.08   0.04   1.4  1.0
3970.69 0.0007 0.08   0.04   1.5  1.1
3970.70 0.0007 0.08   0.04   1.5  1.1
3970.71 0.0007 0.07   0.04   1.5  1.1
3970.72 0.0007 0.07   0.04   1.5  1.1
3970.73 0.0007 0.07   0.04   1.5  1.1
3970.74 0.0007 0.06   0.04   1.6  1.3
3970.75 0.0007 0.06   0.05   1.6  1.3
3970.76 0.0007 0.06   0.05   1.6  1.3
3970.77 0.0007 0.05   0.05   1.6  1.3
3970.78 0.0007 0.04   0.05   1.5  1.3
3970.79 0.0007 0.04   0.05   1.5  1.3
3970.80 0.0007 0.04   0.05   1.6  1.4
3970.81 0.0007 0.04   0.05   1.7  1.5
3970.82 0.0007 0.04   0.03   1.7  1.4
3970.83 0.0006 0.04   0.02   1.8  1.5
3970.84 0.0006 0.04   0.02   1.8  1.6
3970.85 0.0006 0.03   0.01   1.8  1.6
3970.86 0.0006 0.04   0.02   1.7  1.4
3970.87 0.0006 0.03   0.02   1.7  1.6
3970.88 0.0006 0.03   0.02   1.7  1.5
3970.89 0.0006 0.03   0.02   1.7  1.5
3970.90 0.0006 0.03   0.02   1.7  1.5
3970.91 0.0006 0.03   0.01   1.7  1.5
3970.92 0.0006 0.03   0.02   1.7  1.5
3970.93 0.0006 0.03   0.03   1.7  1.5
3970.94 0.0007 0.03   0.03   1.7  1.5
3970.95 0.0007 0.04   0.03   1.7  1.4
3970.96 0.0007 0.03   0.04   1.7  1.4
3970.97 0.0007 0.04   0.03   1.7  1.4
3970.98 0.0007 0.04   0.04   1.6  1.4
3970.99 0.0007 0.03   0.06   1.5  1.4
3971.00 0.0007 0.02   0.07   1.5  1.4
3971.01 0.0007 0.03   0.08   1.4  1.3
3971.02 0.0007 0.01   0.09   1.4  1.4
3971.03 0.0007 0.01   0.09   1.4  1.4
3971.04 0.0008 0.01   0.09   1.4  1.3
3971.05 0.0007 0.00   0.11   1.4  1.4
3971.06 0.0007 0.00   0.10   1.4  1.4
3971.07 0.0007 0.00   0.11   1.4  1.4
3971.08 0.0007 0.00   0.11   1.4  1.4
3971.09 0.0006 0.00   0.12   1.5  1.5
3971.10 0.0006 0.00   0.12   1.5  1.5
3971.11 0.0006 0.00   0.13   1.4  1.4
3971.12 0.0006 0.00   0.13   1.4  1.4
3971.13 0.0006 0.00   0.14   1.4  1.4
3971.14 0.0006 0.00   0.14   1.5  1.5
3971.15 0.0006 0.00   0.15   1.4  1.4
3971.16 0.0006 0.00   0.14   1.5  1.5
3971.17 0.0006 0.00   0.14   1.5  1.5
3971.18 0.0006 0.00   0.12   1.5  1.5
3971.19 0.0006 0.00   0.11   1.5  1.5
3971.20 0.0006 0.00   0.11   1.6  1.6
3971.21 0.0006 0.00   0.12   1.6  1.6
3971.22 0.0005 0.00   0.12   1.6  1.6
3971.23 0.0005 0.00   0.12   1.5  1.5
3971.24 0.0005 0.00   0.11   1.5  1.5
3971.25 0.0005 0.00   0.10   1.5  1.5
3971.26 0.0004 0.00   0.10   1.4  1.4
3971.27 0.0004 0.00   0.10   1.3  1.3
3971.28 0.0004 0.00   0.10   1.3  1.3
3971.29 0.0004 0.00   0.10   1.3  1.3
3971.30 0.0004 0.00   0.10   1.4  1.4
3971.31 0.0003 0.00   0.09   1.4  1.4
3971.32 0.0003 0.00   0.08   1.3  1.3
3971.33 0.0003 0.00   0.08   1.3  1.3
3971.34 0.0004 0.00   0.08   1.2  1.2
3971.35 0.0004 0.00   0.08   1.3  1.3
3971.36 0.0004 0.00   0.09   1.2  1.2
3971.37 0.0004 0.00   0.09   1.2  1.2
3971.38 0.0004 0.00   0.09   1.2  1.2
3971.39 0.0004 0.00   0.08   1.1  1.1
3971.40 0.0004 0.00   0.07   1.1  1.1
3971.41 0.0005 0.00   0.07   1.2  1.2
3971.42 0.0005 0.00   0.08   1.1  1.1
3971.43 0.0005 0.00   0.08   1.1  1.1
3971.44 0.0005 0.00   0.08   1.1  1.1
3971.45 0.0005 0.01   0.08   1.1  0.9
3971.46 0.0005 0.03   0.07   1.3  0.8
3971.47 0.0005 0.04   0.08   2.5  2.0
3971.48 0.0005 0.04   0.09   2.6  2.1
3971.49 0.0006 0.04   0.12   3.3  2.8
3971.50 0.0007 0.04   0.15   3.7  3.2
3971.51 0.0009 0.04   0.21   4.6  4.2
3971.52 0.0012 0.03   0.31   5.6  5.3
3971.53 0.0012 0.03   0.33   5.7  5.5
3971.54 0.0013 0.01   0.33   5.7  5.5
3971.55 0.0012 0.02   0.29   5.5  5.3
3971.56 0.0013 0.04   0.31   6.1  5.8
3971.57 0.0012 0.04   0.29   5.8  5.4
3971.58 0.0012 0.03   0.30   5.8  5.5
3971.59 0.0012 0.02   0.27   5.4  5.2
3971.60 0.0011 0.03   0.23   5.1  4.9
3971.61 0.0011 0.04   0.22   5.3  5.0
3971.62 0.0014 0.04   0.25   6.4  6.1
3971.63 0.0014 0.04   0.22   6.0  5.7
3971.64 0.0013 0.04   0.20   5.7  5.5
3971.65 0.0014 0.04   0.22   6.2  5.9
3971.66 0.0013 0.03   0.20   5.7  5.5
3971.67 0.0011 0.03   0.19   5.3  5.1
3971.68 0.0012 0.05   0.18   5.5  5.2
3971.69 0.0011 0.04   0.17   5.0  4.8
3971.70 0.0010 0.03   0.16   4.8  4.6
3971.71 0.0010 0.03   0.16   4.5  4.3
3971.72 0.0010 0.01   0.17   4.6  4.6
3971.73 0.0010 0.02   0.16   4.3  4.2
3971.74 0.0010 0.03   0.15   3.8  3.7
3971.75 0.0010 0.03   0.14   4.1  3.9
3971.76 0.0010 0.02   0.14   4.0  3.9
3971.77 0.0011 0.01   0.13   4.1  4.1
3971.78 0.0010 0.00   0.14   3.8  3.8
3971.79 0.0010 0.01   0.13   3.3  3.3
3971.80 0.0010 0.02   0.13   3.1  3.0
3971.81 0.0010 0.02   0.13   2.8  2.6
3971.82 0.0010 0.04   0.13   2.4  2.1
3971.83 0.0010 0.06   0.14   3.2  2.9
3971.84 0.0009 0.08   0.12   3.3  2.8
3971.85 0.0009 0.09   0.12   3.0  2.4
3971.86 0.0009 0.10   0.12   3.0  2.4
3971.87 0.0009 0.10   0.12   2.0  1.4
3971.88 0.0009 0.10   0.11   1.8  1.1
3971.89 0.0009 0.11   0.10   1.9  1.2
3971.90 0.0009 0.11   0.09   1.9  1.1
3971.91 0.0009 0.10   0.10   1.9  1.2
3971.92 0.0008 0.09   0.11   1.8  1.2
3971.93 0.0008 0.09   0.11   1.6  0.9
3971.94 0.0007 0.09   0.12   1.1  0.4
3971.95 0.0007 0.10   0.11   1.0  0.4
3971.96 0.0007 0.12   0.11   1.1  0.3
3971.97 0.0007 0.12   0.11   1.1  0.3
3971.98 0.0007 0.12   0.09   1.1  0.2
3971.99 0.0007 0.12   0.10   1.1  0.2
3972.00 0.0007 0.13   0.10   1.2  0.3
3972.01 0.0007 0.12   0.10   1.1  0.3
3972.02 0.0007 0.12   0.10   1.1  0.3
3972.03 0.0007 0.14   0.07   1.0  0.1
3972.04 0.0007 0.15   0.07   1.0  0.0
3972.05 0.0007 0.14   0.07   1.1  0.1
3972.06 0.0007 0.13   0.08   1.1  0.2
3972.07 0.0006 0.13   0.08   1.1  0.2
3972.08 0.0007 0.13   0.09   1.1  0.2
3972.09 0.0006 0.13   0.08   1.2  0.2
3972.10 0.0007 0.12   0.08   1.2  0.3
3972.11 0.0007 0.11   0.07   1.3  0.5
3972.12 0.0006 0.12   0.05   1.4  0.6
3972.13 0.0006 0.12   0.04   1.4  0.5
3972.14 0.0007 0.11   0.04   1.5  0.7
3972.15 0.0007 0.09   0.03   1.5  0.9
3972.16 0.0007 0.09   0.03   1.5  0.9
3972.17 0.0007 0.08   0.03   1.5  0.9
3972.18 0.0007 0.07   0.03   1.5  1.0
3972.19 0.0007 0.07   0.03   1.4  1.0
3972.20 0.0007 0.06   0.03   1.6  1.1
3972.21 0.0007 0.07   0.04   1.6  1.2
3972.22 0.0007 0.07   0.05   1.6  1.2
3972.23 0.0007 0.07   0.04   1.7  1.2
3972.24 0.0007 0.08   0.04   1.8  1.3
3972.25 0.0007 0.08   0.04   1.7  1.3
3972.26 0.0008 0.08   0.04   1.8  1.3
3972.27 0.0008 0.07   0.05   1.8  1.4
3972.28 0.0008 0.06   0.05   1.9  1.6
3972.29 0.0008 0.06   0.05   2.0  1.6
3972.30 0.0007 0.06   0.06   2.0  1.6
3972.31 0.0007 0.05   0.07   1.9  1.6
3972.32 0.0008 0.03   0.08   1.9  1.7
3972.33 0.0008 0.03   0.07   1.9  1.7
3972.34 0.0007 0.05   0.06   2.0  1.7
3972.35 0.0007 0.04   0.06   2.0  1.7
3972.36 0.0008 0.03   0.07   2.0  1.8
3972.37 0.0008 0.03   0.07   1.9  1.8
3972.38 0.0008 0.03   0.08   1.8  1.6
3972.39 0.0007 0.04   0.08   1.8  1.6
3972.40 0.0007 0.04   0.08   1.8  1.6
3972.41 0.0007 0.04   0.07   1.8  1.6
3972.42 0.0008 0.03   0.07   1.8  1.7
3972.43 0.0007 0.04   0.07   1.8  1.6
3972.44 0.0008 0.03   0.09   1.8  1.6
3972.45 0.0008 0.02   0.09   1.8  1.6
3972.46 0.0008 0.03   0.09   1.7  1.6
3972.47 0.0008 0.03   0.11   1.7  1.5
3972.48 0.0007 0.04   0.11   1.7  1.5
3972.49 0.0007 0.04   0.12   1.7  1.5
3972.50 0.0007 0.03   0.13   1.8  1.6
3972.51 0.0007 0.05   0.14   1.7  1.4
3972.52 0.0007 0.04   0.14   1.6  1.4
3972.53 0.0007 0.03   0.14   1.6  1.4
3972.54 0.0007 0.03   0.14   1.6  1.5
3972.55 0.0007 0.03   0.13   1.5  1.4
3972.56 0.0007 0.03   0.12   1.5  1.4
3972.57 0.0007 0.03   0.12   1.5  1.3
3972.58 0.0007 0.03   0.12   1.5  1.3
3972.59 0.0008 0.02   0.14   1.4  1.3
3972.60 0.0008 0.02   0.14   1.4  1.3
3972.61 0.0008 0.01   0.12   1.4  1.4
3972.62 0.0008 0.02   0.11   1.5  1.4
3972.63 0.0007 0.03   0.11   1.6  1.4
3972.64 0.0008 0.03   0.12   1.6  1.4
3972.65 0.0007 0.01   0.14   1.7  1.6
3972.66 0.0007 0.01   0.14   1.7  1.6
3972.67 0.0007 0.01   0.14   1.8  1.7
3972.68 0.0007 0.01   0.15   1.9  1.8
3972.69 0.0007 0.01   0.14   2.0  1.9
3972.70 0.0007 0.01   0.15   2.0  2.0
3972.71 0.0007 0.01   0.16   2.0  1.9
3972.72 0.0007 0.01   0.16   2.1  2.1
3972.73 0.0007 0.01   0.16   2.2  2.2
3972.74 0.0006 0.01   0.17   2.2  2.2
3972.75 0.0006 0.00   0.16   2.3  2.3
3972.76 0.0006 0.00   0.16   2.3  2.3
3972.77 0.0006 0.00   0.15   2.4  2.4
3972.78 0.0006 0.00   0.15   2.5  2.5
3972.79 0.0006 0.00   0.14   2.7  2.7
3972.80 0.0006 0.00   0.14   2.6  2.6
3972.81 0.0006 0.00   0.14   2.7  2.7
3972.82 0.0006 0.00   0.14   2.7  2.7
3972.83 0.0006 0.00   0.15   2.8  2.8
3972.84 0.0006 0.00   0.15   2.9  2.9
3972.85 0.0006 0.00   0.16   2.9  2.9
3972.86 0.0006 0.00   0.16   3.0  3.0
3972.87 0.0006 0.00   0.16   3.1  3.1
3972.88 0.0006 0.00   0.17   3.2  3.2
3972.89 0.0007 0.00   0.16   3.4  3.4
3972.90 0.0008 0.00   0.16   3.4  3.4
3972.91 0.0007 0.00   0.17   3.3  3.3
3972.92 0.0007 0.00   0.18   3.4  3.4
3972.93 0.0007 0.00   0.17   3.3  3.3
3972.94 0.0007 0.00   0.17   3.3  3.3
3972.95 0.0008 0.00   0.17   3.4  3.4
3972.96 0.0008 0.00   0.14   3.3  3.3
3972.97 0.0008 0.00   0.14   3.3  3.3
3972.98 0.0008 0.00   0.15   3.3  3.3
3972.99 0.0008 0.00   0.15   3.3  3.3
3973.00 0.0007 0.00   0.16   3.2  3.2
3973.01 0.0007 0.00   0.15   3.2  3.2
3973.02 0.0007 0.00   0.15   3.2  3.2
3973.03 0.0007 0.00   0.15   3.1  3.1
3973.04 0.0007 0.00   0.14   3.1  3.1
3973.05 0.0007 0.00   0.14   3.1  3.1
3973.06 0.0007 0.00   0.13   3.1  3.1
3973.07 0.0007 0.00   0.13   3.0  3.0
3973.08 0.0007 0.01   0.11   3.0  2.9
3973.09 0.0007 0.01   0.11   3.0  2.9
3973.10 0.0007 0.00   0.12   3.0  3.0
3973.11 0.0007 0.00   0.13   3.0  3.0
3973.12 0.0007 0.00   0.12   3.0  3.0
3973.13 0.0007 0.00   0.12   3.0  3.0
