ELM     V003.000SPECTRL V003.000
M0
sng                           
2_Baydin                      
dolb.37                       
11-20-2009
3927.10 0.0054 0.50   0.72   8.4  0.0
3927.11 0.0039 0.35   0.52   8.4  0.0
3927.12 0.0026 0.21   0.36   10.6  4.4
3927.13 0.0019 0.17   0.27   11.4  6.6
3927.14 0.0042 0.34   0.63   13.8  4.9
3927.15 0.0053 0.35   0.77   14.3  5.7
3927.16 0.0066 0.28   0.93   14.4  8.1
3927.17 0.0079 0.25   1.07   16.2  11.1
3927.18 0.0081 0.24   1.10   16.1  11.6
3927.19 0.0087 0.12   1.23   16.9  14.8
3927.20 0.0089 0.05   1.23   16.7  15.9
3927.21 0.0086 0.02   1.13   17.3  17.1
3927.22 0.0083 0.01   1.10   17.1  17.0
3927.23 0.0078 0.00   1.06   17.3  17.2
3927.24 0.0080 0.00   1.11   18.2  18.2
3927.25 0.0078 0.00   1.13   17.5  17.5
3927.26 0.0072 0.00   1.11   16.8  16.8
3927.27 0.0071 0.00   1.16   17.8  17.8
3927.28 0.0077 0.00   1.32   19.2  19.2
3927.29 0.0077 0.00   1.35   18.9  18.9
3927.30 0.0074 0.00   1.32   18.9  18.9
3927.31 0.0073 0.00   1.35   19.0  19.0
3927.32 0.0069 0.00   1.36   19.0  19.0
3927.33 0.0069 0.00   1.33   19.1  19.1
3927.34 0.0070 0.00   1.27   19.6  19.6
3927.35 0.0073 0.00   1.27   19.7  19.7
3927.36 0.0070 0.00   1.22   19.4  19.4
3927.37 0.0072 0.00   1.27   20.4  20.4
3927.38 0.0078 0.00   1.38   21.5  21.5
3927.39 0.0078 0.00   1.37   21.3  21.3
3927.40 0.0077 0.00   1.37   21.3  21.3
3927.41 0.0077 0.00   1.32   21.1  21.1
3927.42 0.0081 0.00   1.35   21.8  21.8
3927.43 0.0081 0.00   1.33   21.4  21.4
3927.44 0.0081 0.00   1.32   21.5  21.5
3927.45 0.0084 0.00   1.32   22.2  22.2
3927.46 0.0082 0.00   1.26   21.6  21.6
3927.47 0.0079 0.00   1.25   21.3  21.3
3927.48 0.0077 0.00   1.23   21.1  21.1
3927.49 0.0080 0.00   1.27   21.9  21.9
3927.50 0.0086 0.00   1.32   22.9  22.9
3927.51 0.0089 0.00   1.35   23.3  23.3
3927.52 0.0097 0.00   1.45   24.3  24.3
3927.53 0.0100 0.00   1.46   24.2  24.2
3927.54 0.0103 0.00   1.54   24.6  24.6
3927.55 0.0101 0.00   1.54   24.2  24.2
3927.56 0.0103 0.00   1.54   24.4  24.4
3927.57 0.0105 0.05   1.49   25.0  24.7
3927.58 0.0103 0.03   1.33   23.9  23.7
3927.59 0.0101 0.01   1.27   23.7  23.6
3927.60 0.0094 0.00   1.14   22.6  22.6
3927.61 0.0089 0.00   1.04   21.7  21.7
3927.62 0.0088 0.00   0.99   21.9  21.9
3927.63 0.0088 0.03   0.88   21.7  21.5
3927.64 0.0088 0.08   0.80   21.6  21.2
3927.65 0.0088 0.09   0.85   22.0  21.5
3927.66 0.0086 0.07   0.91   21.6  21.2
3927.67 0.0085 0.05   0.99   21.7  21.4
3927.68 0.0082 0.08   0.96   21.1  20.6
3927.69 0.0078 0.12   0.96   21.2  20.6
3927.70 0.0078 0.12   0.99   21.5  20.8
3927.71 0.0078 0.10   1.04   21.2  20.6
3927.72 0.0077 0.04   1.11   21.0  20.7
3927.73 0.0073 0.03   1.09   20.1  20.0
3927.74 0.0070 0.01   1.09   20.0  19.9
3927.75 0.0066 0.05   1.03   19.5  19.2
3927.76 0.0065 0.08   1.01   19.4  18.9
3927.77 0.0064 0.08   1.00   19.2  18.8
3927.78 0.0065 0.07   1.00   19.5  19.1
3927.79 0.0070 0.06   1.00   20.0  19.7
3927.80 0.0069 0.06   0.96   19.4  19.1
3927.81 0.0066 0.07   0.93   18.9  18.5
3927.82 0.0064 0.04   0.90   18.3  18.1
3927.83 0.0059 0.02   0.80   16.9  16.8
3927.84 0.0059 0.01   0.79   17.1  17.0
3927.85 0.0055 0.00   0.69   16.0  16.0
3927.86 0.0056 0.01   0.71   16.9  16.8
3927.87 0.0057 0.01   0.72   16.9  16.8
3927.88 0.0056 0.01   0.72   16.5  16.5
3927.89 0.0055 0.00   0.75   16.6  16.5
3927.90 0.0053 0.02   0.73   16.3  16.3
3927.91 0.0057 0.05   0.77   17.4  17.1
3927.92 0.0055 0.05   0.74   16.4  16.2
3927.93 0.0050 0.09   0.68   15.8  15.3
3927.94 0.0046 0.11   0.65   15.3  14.8
3927.95 0.0045 0.10   0.66   15.1  14.6
3927.96 0.0043 0.08   0.63   14.4  14.0
3927.97 0.0043 0.06   0.63   14.7  14.3
3927.98 0.0045 0.07   0.66   15.3  14.9
3927.99 0.0046 0.07   0.69   15.2  14.9
3928.00 0.0047 0.06   0.69   15.2  14.9
3928.01 0.0048 0.04   0.71   15.0  14.8
3928.02 0.0045 0.06   0.66   14.4  14.1
3928.03 0.0044 0.06   0.64   14.3  14.0
3928.04 0.0043 0.09   0.58   14.1  13.6
3928.05 0.0048 0.10   0.63   15.0  14.5
3928.06 0.0050 0.09   0.65   15.4  14.9
3928.07 0.0054 0.05   0.67   15.3  15.1
3928.08 0.0053 0.02   0.68   14.9  14.8
3928.09 0.0050 0.04   0.63   14.3  14.0
3928.10 0.0049 0.04   0.65   14.3  14.1
3928.11 0.0045 0.05   0.60   13.5  13.2
3928.12 0.0048 0.02   0.62   14.1  14.0
3928.13 0.0048 0.02   0.63   14.0  13.9
3928.14 0.0049 0.01   0.62   14.0  13.9
3928.15 0.0048 0.04   0.62   14.1  13.9
3928.16 0.0048 0.07   0.65   14.4  14.1
3928.17 0.0049 0.05   0.67   14.5  14.3
3928.18 0.0048 0.02   0.65   13.9  13.8
3928.19 0.0049 0.00   0.69   14.5  14.5
3928.20 0.0051 0.00   0.72   15.0  15.0
3928.21 0.0052 0.00   0.74   15.3  15.3
3928.22 0.0058 0.00   0.84   16.1  16.1
3928.23 0.0056 0.00   0.86   15.5  15.5
3928.24 0.0057 0.00   0.87   15.8  15.8
3928.25 0.0059 0.00   0.96   16.6  16.6
3928.26 0.0062 0.00   1.01   17.3  17.3
3928.27 0.0066 0.00   1.09   18.1  18.1
3928.28 0.0065 0.00   1.06   17.5  17.5
3928.29 0.0062 0.00   0.96   16.6  16.6
3928.30 0.0056 0.00   0.78   15.3  15.3
3928.31 0.0055 0.00   0.70   15.4  15.4
3928.32 0.0053 0.00   0.67   14.8  14.8
3928.33 0.0052 0.00   0.60   14.7  14.7
3928.34 0.0055 0.00   0.62   15.5  15.5
3928.35 0.0055 0.00   0.63   15.5  15.5
3928.36 0.0050 0.00   0.57   14.0  14.0
3928.37 0.0047 0.00   0.53   13.9  13.9
3928.38 0.0046 0.00   0.54   14.2  14.2
3928.39 0.0048 0.00   0.54   14.6  14.6
3928.40 0.0052 0.00   0.60   15.7  15.7
3928.41 0.0055 0.00   0.58   15.5  15.5
3928.42 0.0053 0.00   0.57   15.4  15.4
3928.43 0.0053 0.00   0.61   15.4  15.4
3928.44 0.0051 0.00   0.62   15.1  15.1
3928.45 0.0049 0.00   0.61   14.5  14.5
3928.46 0.0047 0.00   0.61   14.4  14.4
3928.47 0.0043 0.00   0.57   13.4  13.4
3928.48 0.0038 0.00   0.49   12.2  12.2
3928.49 0.0037 0.02   0.46   12.4  12.3
3928.50 0.0037 0.03   0.46   12.4  12.2
3928.51 0.0033 0.04   0.39   11.0  10.8
3928.52 0.0025 0.03   0.25   8.6  8.5
3928.53 0.0021 0.04   0.21   8.0  7.8
3928.54 0.0021 0.04   0.22   8.2  8.0
3928.55 0.0020 0.03   0.20   7.6  7.5
3928.56 0.0021 0.03   0.23   8.0  7.9
3928.57 0.0020 0.03   0.21   7.8  7.6
3928.58 0.0019 0.07   0.18   7.5  7.2
3928.59 0.0018 0.09   0.16   7.5  7.0
3928.60 0.0019 0.09   0.17   7.7  7.2
3928.61 0.0019 0.09   0.19   7.8  7.4
3928.62 0.0018 0.08   0.20   7.5  7.1
3928.63 0.0018 0.08   0.21   7.7  7.2
3928.64 0.0019 0.09   0.22   7.9  7.4
3928.65 0.0018 0.09   0.21   7.7  7.2
3928.66 0.0018 0.10   0.19   7.7  7.1
3928.67 0.0022 0.11   0.25   9.1  8.4
3928.68 0.0022 0.11   0.23   8.7  8.1
3928.69 0.0019 0.10   0.18   7.6  7.0
3928.70 0.0014 0.07   0.13   5.9  5.5
3928.71 0.0011 0.04   0.10   4.4  4.2
3928.72 0.0011 0.04   0.10   4.2  4.0
3928.73 0.0011 0.05   0.10   4.2  3.9
3928.74 0.0011 0.05   0.09   3.0  2.7
3928.75 0.0011 0.05   0.10   3.1  2.8
3928.76 0.0012 0.05   0.10   3.6  3.3
3928.77 0.0012 0.04   0.11   4.5  4.3
3928.78 0.0012 0.03   0.10   4.6  4.4
3928.79 0.0012 0.03   0.10   4.4  4.2
3928.80 0.0012 0.03   0.11   4.5  4.3
3928.81 0.0012 0.02   0.11   3.8  3.7
3928.82 0.0012 0.02   0.12   4.5  4.4
3928.83 0.0012 0.02   0.13   5.2  5.1
3928.84 0.0014 0.02   0.17   6.1  5.9
3928.85 0.0016 0.02   0.19   6.7  6.6
3928.86 0.0016 0.01   0.17   6.2  6.1
3928.87 0.0015 0.00   0.16   6.0  6.0
3928.88 0.0015 0.01   0.15   5.9  5.8
3928.89 0.0014 0.01   0.15   5.9  5.8
3928.90 0.0015 0.00   0.16   6.0  6.0
3928.91 0.0014 0.00   0.16   5.8  5.8
3928.92 0.0014 0.00   0.16   5.8  5.8
3928.93 0.0014 0.00   0.15   5.5  5.5
3928.94 0.0014 0.00   0.14   5.5  5.5
3928.95 0.0012 0.00   0.13   4.5  4.5
3928.96 0.0012 0.00   0.14   4.8  4.8
3928.97 0.0013 0.00   0.15   5.2  5.2
3928.98 0.0012 0.00   0.14   4.4  4.4
3928.99 0.0012 0.00   0.15   4.7  4.7
3929.00 0.0013 0.00   0.18   5.6  5.6
3929.01 0.0014 0.00   0.19   5.9  5.9
3929.02 0.0016 0.00   0.23   6.8  6.8
3929.03 0.0018 0.00   0.27   7.4  7.4
3929.04 0.0020 0.00   0.28   7.9  7.9
3929.05 0.0023 0.00   0.31   8.9  8.9
3929.06 0.0024 0.00   0.30   8.6  8.6
3929.07 0.0024 0.00   0.28   8.7  8.7
3929.08 0.0026 0.00   0.28   9.1  9.1
3929.09 0.0027 0.00   0.29   9.2  9.2
3929.10 0.0029 0.00   0.32   9.8  9.8
3929.11 0.0028 0.00   0.36   9.8  9.8
3929.12 0.0027 0.00   0.35   9.6  9.6
3929.13 0.0029 0.00   0.36   10.2  10.2
3929.14 0.0030 0.00   0.32   9.9  9.9
3929.15 0.0031 0.03   0.34   10.7  10.6
3929.16 0.0033 0.05   0.36   11.2  11.0
3929.17 0.0037 0.08   0.40   12.3  11.8
3929.18 0.0038 0.05   0.40   12.2  12.0
3929.19 0.0037 0.06   0.40   12.0  11.7
3929.20 0.0037 0.07   0.42   12.3  11.9
3929.21 0.0038 0.06   0.43   12.6  12.3
3929.22 0.0040 0.07   0.47   13.2  12.9
3929.23 0.0040 0.09   0.47   13.4  12.9
3929.24 0.0040 0.13   0.44   13.3  12.6
3929.25 0.0041 0.11   0.49   13.7  13.1
3929.26 0.0044 0.12   0.52   14.6  13.9
3929.27 0.0045 0.13   0.50   14.6  13.9
3929.28 0.0044 0.18   0.49   14.8  13.9
3929.29 0.0044 0.17   0.47   14.6  13.7
3929.30 0.0044 0.15   0.48   14.4  13.6
3929.31 0.0043 0.13   0.45   14.2  13.5
3929.32 0.0043 0.12   0.44   14.1  13.5
3929.33 0.0038 0.15   0.41   13.2  12.4
3929.34 0.0036 0.18   0.41   13.2  12.3
3929.35 0.0033 0.16   0.43   12.4  11.6
3929.36 0.0033 0.16   0.45   12.8  12.0
3929.37 0.0036 0.18   0.54   14.0  13.1
3929.38 0.0035 0.17   0.55   13.5  12.7
3929.39 0.0031 0.19   0.53   12.6  11.6
3929.40 0.0029 0.22   0.52   12.6  11.5
3929.41 0.0030 0.22   0.51   12.7  11.6
3929.42 0.0029 0.21   0.50   12.3  11.2
3929.43 0.0030 0.21   0.51   12.7  11.7
3929.44 0.0030 0.18   0.49   12.1  11.3
3929.45 0.0030 0.17   0.50   12.2  11.4
3929.46 0.0031 0.12   0.53   12.0  11.4
3929.47 0.0028 0.10   0.47   11.2  10.7
3929.48 0.0029 0.10   0.46   11.4  10.9
3929.49 0.0029 0.11   0.48   11.5  10.9
3929.50 0.0026 0.14   0.44   10.7  10.0
3929.51 0.0027 0.19   0.44   11.6  10.6
3929.52 0.0030 0.22   0.49   12.4  11.3
3929.53 0.0031 0.21   0.50   12.4  11.3
3929.54 0.0030 0.19   0.49   11.9  11.0
3929.55 0.0028 0.17   0.46   11.2  10.3
3929.56 0.0027 0.18   0.43   11.1  10.1
3929.57 0.0027 0.17   0.42   11.0  10.1
3929.58 0.0025 0.14   0.40   10.3  9.6
3929.59 0.0027 0.16   0.45   11.2  10.3
3929.60 0.0026 0.15   0.46   10.7  10.0
3929.61 0.0027 0.14   0.49   11.0  10.3
3929.62 0.0026 0.14   0.54   11.0  10.3
3929.63 0.0027 0.12   0.54   11.2  10.6
3929.64 0.0028 0.14   0.54   11.7  10.9
3929.65 0.0028 0.11   0.51   11.2  10.6
3929.66 0.0027 0.13   0.45   10.8  10.1
3929.67 0.0026 0.14   0.43   10.8  10.0
3929.68 0.0023 0.14   0.38   9.8  9.1
3929.69 0.0021 0.13   0.30   8.9  8.2
3929.70 0.0023 0.16   0.32   10.4  9.5
3929.71 0.0025 0.18   0.32   10.6  9.7
3929.72 0.0024 0.16   0.31   10.2  9.3
3929.73 0.0023 0.17   0.28   9.8  9.0
3929.74 0.0021 0.16   0.26   9.3  8.5
3929.75 0.0021 0.18   0.25   9.4  8.5
3929.76 0.0020 0.16   0.22   8.7  7.9
3929.77 0.0020 0.18   0.22   9.2  8.2
3929.78 0.0019 0.18   0.22   8.8  7.8
3929.79 0.0019 0.18   0.22   8.8  7.8
3929.80 0.0020 0.16   0.22   9.1  8.2
3929.81 0.0020 0.15   0.22   8.9  8.1
3929.82 0.0019 0.12   0.21   8.1  7.5
3929.83 0.0017 0.11   0.18   7.7  7.1
3929.84 0.0016 0.11   0.17   7.3  6.7
3929.85 0.0015 0.12   0.16   7.0  6.3
3929.86 0.0014 0.11   0.15   6.5  6.0
3929.87 0.0014 0.12   0.14   6.7  6.1
3929.88 0.0015 0.13   0.14   7.2  6.5
3929.89 0.0015 0.13   0.15   7.3  6.6
3929.90 0.0017 0.14   0.16   7.9  7.1
3929.91 0.0018 0.16   0.19   8.6  7.7
3929.92 0.0017 0.17   0.15   7.9  6.9
3929.93 0.0016 0.17   0.14   7.7  6.8
3929.94 0.0018 0.19   0.14   8.4  7.3
3929.95 0.0017 0.18   0.15   8.0  7.0
3929.96 0.0021 0.19   0.20   9.6  8.5
3929.97 0.0021 0.18   0.20   9.2  8.2
3929.98 0.0022 0.15   0.19   9.1  8.2
3929.99 0.0024 0.12   0.25   9.7  9.0
3930.00 0.0025 0.11   0.26   9.9  9.2
3930.01 0.0026 0.09   0.27   9.8  9.2
3930.02 0.0025 0.05   0.29   9.6  9.3
3930.03 0.0027 0.06   0.34   10.2  9.9
3930.04 0.0029 0.06   0.35   10.9  10.5
3930.05 0.0031 0.06   0.37   11.4  10.9
3930.06 0.0035 0.08   0.44   12.5  12.0
3930.07 0.0037 0.09   0.46   12.7  12.1
3930.08 0.0038 0.09   0.51   13.1  12.5
3930.09 0.0042 0.07   0.57   13.7  13.2
3930.10 0.0049 0.02   0.63   14.9  14.7
3930.11 0.0052 0.01   0.65   15.5  15.5
3930.12 0.0056 0.00   0.68   15.5  15.5
3930.13 0.0057 0.00   0.73   16.1  16.1
3930.14 0.0061 0.00   0.81   16.4  16.4
3930.15 0.0061 0.00   0.79   16.2  16.2
3930.16 0.0057 0.00   0.76   15.4  15.4
3930.17 0.0057 0.00   0.75   15.8  15.8
3930.18 0.0058 0.00   0.76   15.9  15.9
3930.19 0.0056 0.00   0.75   15.2  15.2
3930.20 0.0050 0.00   0.74   14.1  14.1
3930.21 0.0048 0.00   0.72   13.8  13.8
3930.22 0.0046 0.00   0.67   13.2  13.2
3930.23 0.0042 0.00   0.59   12.5  12.5
3930.24 0.0044 0.00   0.61   13.3  13.3
3930.25 0.0042 0.00   0.60   12.5  12.5
3930.26 0.0041 0.00   0.60   12.6  12.6
3930.27 0.0043 0.00   0.64   13.2  13.2
3930.28 0.0045 0.00   0.64   12.9  12.9
3930.29 0.0046 0.00   0.63   13.1  13.1
3930.30 0.0051 0.00   0.66   14.0  14.0
3930.31 0.0054 0.00   0.68   14.2  14.2
3930.32 0.0058 0.00   0.72   14.6  14.6
3930.33 0.0061 0.00   0.74   15.1  15.1
3930.34 0.0069 0.02   0.77   15.9  15.7
3930.35 0.0069 0.04   0.73   15.3  14.8
3930.36 0.0071 0.02   0.72   15.3  15.1
3930.37 0.0071 0.03   0.72   15.0  14.7
3930.38 0.0067 0.02   0.72   14.7  14.6
3930.39 0.0061 0.00   0.64   14.1  14.1
3930.40 0.0058 0.00   0.63   14.1  14.1
3930.41 0.0055 0.00   0.56   13.4  13.4
3930.42 0.0050 0.04   0.52   12.9  12.6
3930.43 0.0048 0.08   0.50   13.2  12.4
3930.44 0.0048 0.08   0.52   13.2  12.4
3930.45 0.0051 0.09   0.51   13.5  12.5
3930.46 0.0054 0.11   0.49   13.9  12.7
3930.47 0.0056 0.07   0.50   13.8  13.1
3930.48 0.0057 0.04   0.51   13.6  13.2
3930.49 0.0056 0.02   0.51   13.7  13.4
3930.50 0.0057 0.07   0.55   14.2  13.5
3930.51 0.0059 0.07   0.57   14.8  14.1
3930.52 0.0062 0.10   0.56   15.3  14.2
3930.53 0.0059 0.13   0.54   14.9  13.6
3930.54 0.0061 0.15   0.54   15.5  13.9
3930.55 0.0063 0.15   0.54   15.7  14.1
3930.56 0.0064 0.16   0.52   15.9  14.3
3930.57 0.0062 0.19   0.47   15.2  13.4
3930.58 0.0062 0.19   0.44   15.8  14.0
3930.59 0.0062 0.21   0.43   16.1  14.1
3930.60 0.0060 0.21   0.43   15.5  13.7
3930.61 0.0053 0.20   0.41   14.7  13.2
3930.62 0.0051 0.20   0.40   14.6  13.1
3930.63 0.0048 0.18   0.35   13.8  12.5
3930.64 0.0045 0.17   0.33   13.4  12.2
3930.65 0.0038 0.13   0.31   11.7  10.8
3930.66 0.0035 0.11   0.30   11.2  10.5
3930.67 0.0031 0.09   0.27   10.5  10.0
3930.68 0.0028 0.09   0.25   9.7  9.2
3930.69 0.0026 0.09   0.25   9.8  9.2
3930.70 0.0025 0.11   0.22   9.4  8.8
3930.71 0.0022 0.12   0.19   8.7  8.0
3930.72 0.0021 0.13   0.17   8.4  7.7
3930.73 0.0020 0.12   0.15   7.9  7.2
3930.74 0.0021 0.13   0.17   8.7  8.0
3930.75 0.0019 0.12   0.15   7.8  7.1
3930.76 0.0018 0.09   0.17   7.4  6.9
3930.77 0.0016 0.09   0.15   6.8  6.4
3930.78 0.0012 0.06   0.11   5.2  4.9
3930.79 0.0012 0.07   0.12   5.4  5.1
3930.80 0.0014 0.08   0.13   6.4  6.0
3930.81 0.0014 0.08   0.12   6.2  5.8
3930.82 0.0014 0.07   0.13   6.3  6.0
3930.83 0.0017 0.10   0.16   7.5  7.0
3930.84 0.0018 0.11   0.18   7.9  7.4
3930.85 0.0019 0.11   0.19   8.1  7.5
3930.86 0.0017 0.11   0.17   7.4  6.9
3930.87 0.0018 0.11   0.19   8.1  7.6
3930.88 0.0019 0.11   0.20   8.1  7.6
3930.89 0.0021 0.13   0.24   9.3  8.7
3930.90 0.0023 0.12   0.25   9.5  8.9
3930.91 0.0024 0.13   0.29   10.0  9.4
3930.92 0.0024 0.12   0.30   10.0  9.4
3930.93 0.0026 0.15   0.34   11.1  10.4
3930.94 0.0028 0.13   0.39   11.2  10.5
3930.95 0.0029 0.13   0.45   11.9  11.3
3930.96 0.0030 0.11   0.46   11.8  11.3
3930.97 0.0029 0.12   0.42   11.6  11.0
3930.98 0.0031 0.13   0.46   12.4  11.7
3930.99 0.0032 0.13   0.49   12.8  12.2
3931.00 0.0035 0.14   0.49   13.5  12.8
3931.01 0.0035 0.13   0.48   13.0  12.4
3931.02 0.0036 0.10   0.50   13.0  12.5
3931.03 0.0036 0.08   0.52   13.3  12.9
3931.04 0.0038 0.07   0.58   13.9  13.6
3931.05 0.0038 0.06   0.61   13.8  13.5
3931.06 0.0037 0.07   0.59   13.4  13.1
3931.07 0.0038 0.09   0.59   14.0  13.5
3931.08 0.0041 0.09   0.59   14.4  14.0
3931.09 0.0047 0.09   0.65   16.0  15.5
3931.10 0.0052 0.09   0.71   17.3  16.8
3931.11 0.0055 0.09   0.81   17.3  16.9
3931.12 0.0056 0.09   0.88   17.5  17.0
3931.13 0.0058 0.12   0.95   18.5  17.8
3931.14 0.0059 0.15   0.98   18.9  18.1
3931.15 0.0058 0.15   0.95   17.9  17.1
3931.16 0.0053 0.16   0.86   17.3  16.4
3931.17 0.0054 0.18   0.83   17.5  16.5
3931.18 0.0054 0.18   0.82   17.5  16.5
3931.19 0.0054 0.16   0.84   17.4  16.5
3931.20 0.0055 0.16   0.84   17.6  16.7
3931.21 0.0056 0.15   0.85   17.7  16.8
3931.22 0.0057 0.16   0.85   17.7  16.7
3931.23 0.0057 0.16   0.82   17.8  16.9
3931.24 0.0065 0.10   0.96   19.0  18.4
3931.25 0.0068 0.09   0.99   19.5  19.0
3931.26 0.0073 0.11   0.99   19.8  19.2
3931.27 0.0069 0.15   0.91   19.1  18.3
3931.28 0.0067 0.17   0.89   19.1  18.1
3931.29 0.0066 0.18   0.88   19.0  18.0
3931.30 0.0066 0.20   0.83   19.0  17.8
3931.31 0.0061 0.21   0.74   17.9  16.7
3931.32 0.0060 0.20   0.71   17.6  16.5
3931.33 0.0061 0.20   0.73   18.4  17.3
3931.34 0.0062 0.21   0.73   18.6  17.4
3931.35 0.0065 0.22   0.73   18.8  17.6
3931.36 0.0066 0.21   0.75   18.8  17.6
3931.37 0.0063 0.18   0.74   17.8  16.8
3931.38 0.0058 0.13   0.71   16.8  16.0
3931.39 0.0057 0.13   0.68   16.7  15.9
3931.40 0.0052 0.12   0.62   15.7  15.1
3931.41 0.0052 0.11   0.62   16.0  15.4
3931.42 0.0050 0.13   0.58   15.5  14.8
3931.43 0.0049 0.12   0.56   15.2  14.6
3931.44 0.0047 0.10   0.54   14.9  14.4
3931.45 0.0048 0.06   0.55   14.9  14.6
3931.46 0.0049 0.01   0.55   14.9  14.9
3931.47 0.0049 0.01   0.55   15.0  15.0
3931.48 0.0050 0.01   0.59   15.1  15.1
3931.49 0.0049 0.02   0.57   15.0  14.9
3931.50 0.0050 0.03   0.58   15.2  15.1
3931.51 0.0052 0.03   0.58   15.5  15.3
3931.52 0.0053 0.04   0.55   15.8  15.5
3931.53 0.0047 0.02   0.49   14.2  14.1
3931.54 0.0046 0.03   0.48   14.2  14.1
3931.55 0.0044 0.01   0.42   13.2  13.2
3931.56 0.0040 0.01   0.34   12.4  12.3
3931.57 0.0034 0.01   0.27   10.8  10.7
3931.58 0.0032 0.02   0.26   10.5  10.4
3931.59 0.0035 0.04   0.28   11.7  11.5
3931.60 0.0037 0.04   0.27   12.1  11.9
3931.61 0.0039 0.03   0.27   12.2  12.1
3931.62 0.0043 0.02   0.32   13.3  13.2
3931.63 0.0051 0.04   0.40   15.1  14.9
3931.64 0.0054 0.05   0.45   15.4  15.1
3931.65 0.0055 0.05   0.45   15.4  15.1
3931.66 0.0058 0.06   0.48   16.0  15.7
3931.67 0.0060 0.08   0.54   16.6  16.1
3931.68 0.0061 0.13   0.53   16.8  16.1
3931.69 0.0062 0.15   0.57   17.5  16.6
3931.70 0.0063 0.14   0.64   17.5  16.6
3931.71 0.0060 0.13   0.65   17.1  16.3
3931.72 0.0060 0.16   0.65   17.2  16.2
3931.73 0.0059 0.20   0.69   17.5  16.2
3931.74 0.0063 0.20   0.73   18.1  16.8
3931.75 0.0065 0.22   0.75   18.5  17.1
3931.76 0.0066 0.23   0.79   18.8  17.4
3931.77 0.0066 0.26   0.84   18.9  17.3
3931.78 0.0065 0.25   0.85   18.7  17.0
3931.79 0.0066 0.19   0.85   18.4  17.1
3931.80 0.0066 0.18   0.88   18.5  17.3
3931.81 0.0064 0.14   0.88   17.8  16.9
3931.82 0.0061 0.14   0.87   17.6  16.7
3931.83 0.0062 0.11   0.90   17.7  17.0
3931.84 0.0067 0.09   1.01   18.6  17.9
3931.85 0.0074 0.14   1.09   20.0  19.0
3931.86 0.0075 0.19   1.16   20.3  19.0
3931.87 0.0075 0.19   1.17   20.1  18.8
3931.88 0.0072 0.21   1.18   20.1  18.7
3931.89 0.0077 0.21   1.28   21.1  19.7
3931.90 0.0080 0.13   1.40   21.1  20.2
3931.91 0.0081 0.14   1.46   21.4  20.4
3931.92 0.0081 0.17   1.49   21.1  20.0
3931.93 0.0080 0.19   1.50   21.6  20.3
3931.94 0.0079 0.22   1.47   21.3  19.8
3931.95 0.0076 0.19   1.36   20.5  19.2
3931.96 0.0074 0.17   1.27   20.0  18.9
3931.97 0.0076 0.14   1.26   20.2  19.3
3931.98 0.0076 0.14   1.22   20.3  19.4
3931.99 0.0075 0.13   1.07   19.6  18.7
3932.00 0.0077 0.11   1.05   20.1  19.4
3932.01 0.0081 0.11   1.09   21.0  20.3
3932.02 0.0086 0.10   1.15   21.3  20.7
3932.03 0.0085 0.06   1.14   20.4  20.0
3932.04 0.0083 0.07   1.13   20.5  20.1
3932.05 0.0083 0.11   1.14   20.7  20.1
3932.06 0.0082 0.16   1.13   21.0  20.0
3932.07 0.0082 0.17   1.02   20.2  19.2
3932.08 0.0078 0.23   0.92   20.2  18.9
3932.09 0.0077 0.27   0.90   20.6  19.0
3932.10 0.0079 0.31   0.94   21.3  19.5
3932.11 0.0089 0.32   1.08   23.7  21.8
3932.12 0.0093 0.33   1.14   24.3  22.3
3932.13 0.0099 0.35   1.22   24.7  22.7
3932.14 0.0101 0.36   1.24   25.0  22.8
3932.15 0.0106 0.35   1.32   26.1  24.0
3932.16 0.0107 0.34   1.37   26.0  23.9
3932.17 0.0111 0.29   1.49   26.1  24.3
3932.18 0.0114 0.26   1.47   26.4  24.8
3932.19 0.0121 0.24   1.54   27.2  25.7
3932.20 0.0125 0.20   1.57   27.3  26.1
3932.21 0.0126 0.17   1.51   27.0  26.0
3932.22 0.0128 0.16   1.53   27.7  26.7
3932.23 0.0132 0.17   1.61   28.2  27.1
3932.24 0.0141 0.18   1.69   28.9  27.8
3932.25 0.0146 0.14   1.76   29.0  28.1
3932.26 0.0148 0.12   1.86   29.5  28.7
3932.27 0.0151 0.10   1.93   29.6  29.0
3932.28 0.0154 0.05   2.06   29.9  29.5
3932.29 0.0159 0.06   2.19   30.1  29.7
3932.30 0.0165 0.07   2.34   30.6  30.1
3932.31 0.0167 0.08   2.40   30.6  30.1
3932.32 0.0167 0.08   2.44   30.1  29.5
3932.33 0.0163 0.08   2.38   30.1  29.6
3932.34 0.0164 0.11   2.38   30.6  29.9
3932.35 0.0169 0.09   2.38   31.0  30.4
3932.36 0.0169 0.05   2.37   30.9  30.6
3932.37 0.0169 0.02   2.33   30.4  30.2
3932.38 0.0165 0.01   2.28   29.7  29.6
3932.39 0.0158 0.01   2.22   29.3  29.3
3932.40 0.0153 0.00   2.26   29.7  29.7
3932.41 0.0152 0.03   2.29   29.7  29.6
3932.42 0.0151 0.03   2.29   29.4  29.2
3932.43 0.0149 0.07   2.25   28.5  28.0
3932.44 0.0137 0.14   2.00   26.6  25.7
3932.45 0.0130 0.15   1.87   25.7  24.8
3932.46 0.0113 0.25   1.59   24.3  22.8
3932.47 0.0095 0.30   1.28   22.5  20.8
3932.48 0.0086 0.31   1.09   22.0  20.2
3932.49 0.0082 0.31   1.03   21.5  19.7
3932.50 0.0075 0.26   0.95   20.1  18.6
3932.51 0.0072 0.25   0.87   19.9  18.5
3932.52 0.0067 0.28   0.84   19.1  17.6
3932.53 0.0067 0.31   0.84   19.5  17.8
3932.54 0.0067 0.35   0.88   19.8  17.9
3932.55 0.0067 0.33   0.95   20.0  18.1
3932.56 0.0066 0.31   0.92   19.4  17.7
3932.57 0.0062 0.28   0.88   18.6  17.0
3932.58 0.0060 0.26   0.85   18.2  16.7
3932.59 0.0057 0.28   0.78   17.9  16.3
3932.60 0.0056 0.30   0.78   18.0  16.4
3932.61 0.0053 0.30   0.74   17.2  15.5
3932.62 0.0049 0.27   0.68   16.5  15.1
3932.63 0.0047 0.26   0.67   16.6  15.1
3932.64 0.0048 0.28   0.68   17.0  15.5
3932.65 0.0052 0.28   0.74   17.9  16.4
3932.66 0.0053 0.31   0.74   17.9  16.2
3932.67 0.0053 0.33   0.71   18.0  16.2
3932.68 0.0052 0.36   0.66   17.6  15.6
3932.69 0.0053 0.35   0.67   17.8  15.9
3932.70 0.0052 0.31   0.67   16.9  15.3
3932.71 0.0051 0.29   0.63   16.5  15.0
3932.72 0.0046 0.23   0.56   15.0  13.8
3932.73 0.0044 0.18   0.53   14.4  13.5
3932.74 0.0040 0.17   0.49   13.7  12.9
3932.75 0.0040 0.17   0.48   13.7  12.8
3932.76 0.0041 0.14   0.48   13.9  13.2
3932.77 0.0044 0.15   0.55   15.1  14.3
3932.78 0.0045 0.16   0.60   15.3  14.4
3932.79 0.0050 0.14   0.68   16.0  15.3
3932.80 0.0054 0.12   0.75   16.8  16.1
3932.81 0.0055 0.13   0.77   16.6  15.9
3932.82 0.0056 0.14   0.80   17.2  16.5
3932.83 0.0057 0.23   0.79   17.9  16.7
3932.84 0.0059 0.32   0.74   18.6  17.0
3932.85 0.0058 0.30   0.70   18.1  16.6
3932.86 0.0055 0.29   0.64   17.1  15.7
3932.87 0.0050 0.29   0.57   16.5  15.1
3932.88 0.0051 0.30   0.61   17.2  15.8
3932.89 0.0050 0.29   0.61   16.7  15.3
3932.90 0.0051 0.32   0.61   17.4  15.8
3932.91 0.0051 0.30   0.60   17.1  15.6
3932.92 0.0050 0.28   0.58   17.0  15.6
3932.93 0.0051 0.29   0.59   17.3  15.9
3932.94 0.0051 0.31   0.59   17.2  15.7
3932.95 0.0048 0.31   0.57   16.6  15.1
3932.96 0.0046 0.31   0.53   16.3  14.8
3932.97 0.0045 0.30   0.54   15.9  14.4
3932.98 0.0039 0.30   0.50   14.7  13.3
3932.99 0.0036 0.27   0.50   14.1  12.9
3933.00 0.0035 0.23   0.51   13.8  12.7
3933.01 0.0035 0.19   0.54   13.9  13.0
3933.02 0.0037 0.21   0.58   14.7  13.7
3933.03 0.0041 0.29   0.68   16.5  15.1
3933.04 0.0041 0.30   0.68   16.3  14.8
3933.05 0.0041 0.30   0.67   16.0  14.6
3933.06 0.0042 0.29   0.69   16.3  14.9
3933.07 0.0044 0.26   0.75   16.7  15.5
3933.08 0.0045 0.24   0.78   16.8  15.6
3933.09 0.0044 0.19   0.76   16.1  15.2
3933.10 0.0045 0.18   0.76   16.6  15.7
3933.11 0.0045 0.18   0.75   16.4  15.5
3933.12 0.0043 0.23   0.76   16.6  15.5
3933.13 0.0045 0.26   0.82   17.4  16.1
3933.14 0.0045 0.24   0.81   16.9  15.7
3933.15 0.0045 0.22   0.81   16.6  15.5
3933.16 0.0043 0.16   0.84   15.9  15.2
3933.17 0.0042 0.09   0.85   15.2  14.7
3933.18 0.0044 0.05   0.92   16.0  15.8
3933.19 0.0047 0.03   0.98   16.6  16.5
3933.20 0.0045 0.06   0.94   15.8  15.6
3933.21 0.0044 0.09   0.87   15.8  15.3
3933.22 0.0043 0.10   0.86   15.6  15.1
3933.23 0.0040 0.10   0.81   14.7  14.2
3933.24 0.0043 0.08   0.86   15.7  15.3
3933.25 0.0044 0.07   0.87   15.8  15.4
3933.26 0.0045 0.07   0.88   15.9  15.6
3933.27 0.0047 0.07   0.91   16.3  15.9
3933.28 0.0051 0.08   0.96   17.1  16.7
3933.29 0.0052 0.06   0.95   16.8  16.5
3933.30 0.0054 0.06   0.97   17.4  17.1
3933.31 0.0056 0.05   0.95   17.4  17.1
3933.32 0.0058 0.02   0.97   17.7  17.6
3933.33 0.0059 0.03   0.98   17.9  17.7
3933.34 0.0058 0.07   0.91   17.3  17.0
3933.35 0.0056 0.09   0.84   17.1  16.7
3933.36 0.0059 0.05   0.82   18.0  17.7
3933.37 0.0062 0.06   0.83   18.3  18.0
3933.38 0.0069 0.09   0.87   19.7  19.2
3933.39 0.0066 0.14   0.82   18.8  18.1
3933.40 0.0065 0.19   0.81   19.3  18.3
3933.41 0.0067 0.20   0.83   19.6  18.5
3933.42 0.0069 0.21   0.85   19.8  18.7
3933.43 0.0072 0.19   0.85   19.8  18.8
3933.44 0.0073 0.19   0.82   19.9  18.9
3933.45 0.0074 0.13   0.82   19.7  19.0
3933.46 0.0077 0.09   0.84   20.3  19.8
3933.47 0.0084 0.11   0.90   21.9  21.3
3933.48 0.0086 0.12   0.88   21.8  21.1
3933.49 0.0084 0.21   0.81   21.6  20.4
3933.50 0.0080 0.28   0.70   20.9  19.5
3933.51 0.0082 0.31   0.72   22.4  20.8
3933.52 0.0084 0.30   0.76   22.6  21.0
3933.53 0.0090 0.28   0.85   23.3  21.9
3933.54 0.0098 0.28   0.93   24.6  23.1
3933.55 0.0099 0.29   0.92   24.5  23.0
3933.56 0.0098 0.33   0.94   24.7  23.0
3933.57 0.0097 0.34   0.89   24.4  22.7
3933.58 0.0098 0.32   0.83   24.4  22.7
3933.59 0.0097 0.28   0.81   23.9  22.5
3933.60 0.0101 0.19   0.83   24.4  23.4
3933.61 0.0098 0.19   0.82   23.8  22.8
3933.62 0.0099 0.19   0.82   24.1  23.1
3933.63 0.0099 0.19   0.82   23.9  22.9
3933.64 0.0096 0.22   0.73   23.5  22.4
3933.65 0.0094 0.20   0.71   23.5  22.5
3933.66 0.0095 0.18   0.73   23.8  22.9
3933.67 0.0093 0.18   0.74   23.2  22.3
3933.68 0.0084 0.17   0.68   21.5  20.7
3933.69 0.0082 0.14   0.68   21.6  20.9
3933.70 0.0084 0.13   0.69   22.3  21.6
3933.71 0.0089 0.09   0.73   22.5  22.0
3933.72 0.0087 0.15   0.67   22.2  21.5
3933.73 0.0080 0.17   0.59   21.1  20.3
3933.74 0.0079 0.16   0.60   21.1  20.3
3933.75 0.0074 0.16   0.58   19.8  19.0
3933.76 0.0066 0.17   0.48   18.4  17.6
3933.77 0.0061 0.15   0.45   17.3  16.5
3933.78 0.0050 0.11   0.41   14.8  14.3
3933.79 0.0044 0.07   0.39   13.7  13.3
3933.80 0.0041 0.05   0.37   13.2  13.0
3933.81 0.0041 0.05   0.36   13.1  12.9
3933.82 0.0039 0.03   0.33   12.3  12.2
3933.83 0.0034 0.03   0.28   11.2  11.0
3933.84 0.0032 0.02   0.27   10.6  10.5
3933.85 0.0030 0.02   0.24   10.0  9.9
3933.86 0.0024 0.01   0.22   8.5  8.4
3933.87 0.0021 0.00   0.18   7.4  7.4
3933.88 0.0019 0.01   0.16   7.1  7.1
3933.89 0.0014 0.00   0.12   5.2  5.2
3933.90 0.0015 0.01   0.15   6.2  6.1
3933.91 0.0015 0.02   0.15   6.0  5.8
3933.92 0.0016 0.02   0.15   6.3  6.2
3933.93 0.0014 0.02   0.14   5.7  5.6
3933.94 0.0014 0.01   0.14   5.6  5.5
3933.95 0.0014 0.01   0.15   5.7  5.7
3933.96 0.0014 0.00   0.15   5.6  5.5
3933.97 0.0010 0.00   0.11   4.0  4.0
3933.98 0.0009 0.01   0.10   2.8  2.7
3933.99 0.0009 0.01   0.11   3.0  2.9
3934.00 0.0009 0.00   0.12   3.5  3.5
3934.01 0.0009 0.00   0.13   2.5  2.5
3934.02 0.0009 0.00   0.12   2.9  2.9
3934.03 0.0009 0.00   0.12   3.1  3.1
3934.04 0.0009 0.00   0.14   3.9  3.9
3934.05 0.0011 0.00   0.19   5.0  5.0
3934.06 0.0012 0.00   0.18   5.0  5.0
3934.07 0.0013 0.00   0.21   5.6  5.6
3934.08 0.0015 0.00   0.22   6.0  6.0
3934.09 0.0018 0.00   0.24   7.1  7.1
3934.10 0.0021 0.01   0.28   8.4  8.3
3934.11 0.0026 0.03   0.33   9.7  9.5
3934.12 0.0027 0.02   0.32   9.6  9.5
3934.13 0.0027 0.02   0.33   9.7  9.5
3934.14 0.0024 0.03   0.31   8.8  8.6
3934.15 0.0022 0.05   0.24   8.2  7.9
3934.16 0.0022 0.07   0.24   8.6  8.1
3934.17 0.0022 0.08   0.23   8.6  8.0
3934.18 0.0023 0.08   0.22   8.7  8.1
3934.19 0.0025 0.07   0.24   9.2  8.8
3934.20 0.0026 0.06   0.26   9.2  8.9
3934.21 0.0024 0.05   0.24   8.7  8.4
3934.22 0.0024 0.03   0.24   8.6  8.4
3934.23 0.0023 0.05   0.24   8.6  8.3
3934.24 0.0027 0.07   0.28   10.1  9.6
3934.25 0.0029 0.08   0.30   10.7  10.2
3934.26 0.0029 0.11   0.32   10.8  10.1
3934.27 0.0031 0.14   0.35   11.7  10.8
3934.28 0.0033 0.14   0.36   12.0  11.1
3934.29 0.0034 0.13   0.35   12.2  11.4
3934.30 0.0035 0.14   0.37   12.5  11.6
3934.31 0.0032 0.16   0.35   11.9  10.9
3934.32 0.0032 0.18   0.34   12.0  10.9
3934.33 0.0031 0.19   0.34   11.8  10.7
3934.34 0.0029 0.16   0.33   11.2  10.2
3934.35 0.0028 0.14   0.31   11.0  10.2
3934.36 0.0028 0.13   0.32   10.9  10.2
3934.37 0.0028 0.13   0.30   10.7  10.0
3934.38 0.0030 0.13   0.32   11.5  10.8
3934.39 0.0031 0.13   0.33   11.8  11.1
3934.40 0.0032 0.14   0.35   11.9  11.2
3934.41 0.0030 0.12   0.33   11.2  10.5
3934.42 0.0029 0.10   0.32   10.7  10.2
3934.43 0.0028 0.10   0.31   10.7  10.1
3934.44 0.0028 0.12   0.34   11.2  10.5
3934.45 0.0031 0.13   0.42   12.2  11.5
3934.46 0.0036 0.13   0.51   13.5  12.9
3934.47 0.0038 0.11   0.56   13.9  13.3
3934.48 0.0039 0.10   0.60   13.9  13.4
3934.49 0.0037 0.11   0.63   13.8  13.2
3934.50 0.0037 0.12   0.68   14.2  13.6
3934.51 0.0039 0.14   0.73   14.8  14.0
3934.52 0.0042 0.13   0.75   15.4  14.7
3934.53 0.0041 0.14   0.71   14.8  14.0
3934.54 0.0040 0.13   0.68   14.4  13.8
3934.55 0.0038 0.13   0.64   14.1  13.4
3934.56 0.0039 0.14   0.66   14.6  13.9
3934.57 0.0042 0.13   0.69   15.0  14.3
3934.58 0.0041 0.13   0.68   14.6  13.9
3934.59 0.0040 0.15   0.71   14.8  14.0
3934.60 0.0046 0.14   0.83   16.2  15.4
3934.61 0.0049 0.13   0.87   16.7  16.0
3934.62 0.0054 0.15   0.87   17.3  16.5
3934.63 0.0055 0.13   0.87   17.4  16.7
3934.64 0.0058 0.13   0.88   18.2  17.5
3934.65 0.0059 0.14   0.87   18.2  17.4
3934.66 0.0057 0.21   0.82   18.0  16.8
3934.67 0.0057 0.27   0.78   18.4  16.8
3934.68 0.0061 0.27   0.87   19.4  17.7
3934.69 0.0063 0.30   0.89   19.9  18.1
3934.70 0.0066 0.32   0.91   19.8  17.9
3934.71 0.0070 0.29   0.94   20.5  18.7
3934.72 0.0073 0.31   0.99   21.1  19.1
3934.73 0.0075 0.35   1.02   21.5  19.3
3934.74 0.0079 0.31   1.06   21.7  19.7
3934.75 0.0079 0.25   1.09   21.4  19.8
3934.76 0.0081 0.23   1.10   21.7  20.2
3934.77 0.0085 0.17   1.11   21.5  20.4
3934.78 0.0082 0.17   1.03   20.9  19.8
3934.79 0.0080 0.14   0.94   20.3  19.4
3934.80 0.0078 0.14   0.88   19.9  19.0
3934.81 0.0077 0.14   0.82   19.9  19.0
3934.82 0.0076 0.15   0.72   19.7  18.8
3934.83 0.0074 0.17   0.71   19.7  18.5
3934.84 0.0073 0.21   0.71   19.7  18.4
3934.85 0.0069 0.24   0.68   19.0  17.4
3934.86 0.0069 0.21   0.71   18.9  17.6
3934.87 0.0069 0.19   0.72   18.8  17.6
3934.88 0.0064 0.15   0.71   17.4  16.5
3934.89 0.0057 0.11   0.63   16.0  15.3
3934.90 0.0055 0.08   0.57   15.8  15.3
3934.91 0.0055 0.08   0.54   15.9  15.4
3934.92 0.0054 0.07   0.53   15.6  15.2
3934.93 0.0047 0.08   0.46   14.4  13.9
3934.94 0.0044 0.07   0.45   13.6  13.2
3934.95 0.0040 0.07   0.43   13.2  12.8
3934.96 0.0038 0.09   0.39   12.5  12.0
3934.97 0.0038 0.09   0.38   12.6  12.0
3934.98 0.0037 0.09   0.38   12.4  11.8
3934.99 0.0036 0.08   0.35   11.8  11.4
3935.00 0.0035 0.07   0.34   11.5  11.1
3935.01 0.0030 0.05   0.29   10.1  9.7
3935.02 0.0030 0.04   0.27   9.9  9.7
3935.03 0.0027 0.02   0.23   8.9  8.7
3935.04 0.0025 0.02   0.21   8.5  8.4
3935.05 0.0025 0.02   0.21   8.5  8.4
3935.06 0.0025 0.01   0.22   8.4  8.3
3935.07 0.0023 0.01   0.21   7.8  7.7
3935.08 0.0021 0.03   0.17   7.4  7.2
3935.09 0.0018 0.05   0.14   6.5  6.2
3935.10 0.0016 0.04   0.12   6.1  5.8
3935.11 0.0017 0.06   0.15   6.7  6.3
3935.12 0.0020 0.06   0.18   7.6  7.2
3935.13 0.0020 0.06   0.19   7.6  7.2
3935.14 0.0022 0.06   0.21   8.2  7.9
3935.15 0.0021 0.05   0.17   7.4  7.1
3935.16 0.0020 0.04   0.16   7.2  6.9
3935.17 0.0022 0.02   0.19   7.9  7.8
3935.18 0.0022 0.03   0.18   7.8  7.6
3935.19 0.0022 0.03   0.16   7.8  7.6
3935.20 0.0024 0.03   0.16   8.2  8.0
3935.21 0.0026 0.03   0.19   9.0  8.8
3935.22 0.0027 0.04   0.20   9.1  8.8
3935.23 0.0026 0.02   0.20   8.6  8.5
3935.24 0.0026 0.01   0.20   8.6  8.6
3935.25 0.0028 0.02   0.19   9.3  9.1
3935.26 0.0029 0.04   0.18   9.4  9.1
3935.27 0.0028 0.03   0.19   9.2  9.0
3935.28 0.0025 0.00   0.18   8.2  8.1
3935.29 0.0022 0.00   0.18   7.7  7.7
3935.30 0.0021 0.00   0.20   7.7  7.7
3935.31 0.0021 0.00   0.21   7.8  7.8
3935.32 0.0020 0.00   0.22   7.5  7.5
3935.33 0.0021 0.00   0.23   7.8  7.8
3935.34 0.0020 0.00   0.21   7.5  7.5
3935.35 0.0020 0.00   0.22   7.6  7.6
3935.36 0.0020 0.01   0.23   7.7  7.6
3935.37 0.0019 0.00   0.22   7.4  7.4
3935.38 0.0019 0.00   0.22   7.5  7.5
3935.39 0.0020 0.00   0.21   7.4  7.4
3935.40 0.0018 0.00   0.21   7.1  7.1
3935.41 0.0018 0.00   0.19   6.8  6.8
3935.42 0.0017 0.00   0.17   6.6  6.6
3935.43 0.0017 0.00   0.18   6.8  6.8
3935.44 0.0019 0.00   0.20   7.4  7.4
3935.45 0.0017 0.00   0.18   6.5  6.5
3935.46 0.0015 0.00   0.17   6.0  6.0
3935.47 0.0016 0.00   0.19   6.6  6.6
3935.48 0.0018 0.00   0.20   7.0  7.0
3935.49 0.0018 0.00   0.20   6.8  6.8
3935.50 0.0015 0.01   0.17   6.1  6.1
3935.51 0.0015 0.02   0.17   6.1  6.0
3935.52 0.0015 0.03   0.17   6.2  6.0
3935.53 0.0016 0.03   0.17   6.5  6.4
3935.54 0.0018 0.04   0.21   7.4  7.2
3935.55 0.0022 0.05   0.26   8.7  8.4
3935.56 0.0023 0.04   0.28   8.8  8.6
3935.57 0.0022 0.02   0.27   8.4  8.3
3935.58 0.0025 0.02   0.30   9.6  9.5
3935.59 0.0030 0.02   0.36   10.6  10.5
3935.60 0.0030 0.02   0.37   10.6  10.5
3935.61 0.0031 0.01   0.38   10.8  10.8
3935.62 0.0032 0.03   0.37   11.3  11.2
3935.63 0.0035 0.04   0.39   11.7  11.5
3935.64 0.0034 0.04   0.39   11.4  11.1
3935.65 0.0034 0.05   0.38   11.4  11.2
3935.66 0.0032 0.05   0.39   11.3  11.0
3935.67 0.0034 0.05   0.38   11.7  11.4
3935.68 0.0035 0.04   0.37   11.9  11.7
3935.69 0.0033 0.04   0.37   11.5  11.3
3935.70 0.0032 0.07   0.36   11.7  11.3
3935.71 0.0033 0.09   0.36   12.0  11.5
3935.72 0.0036 0.08   0.38   12.6  12.1
3935.73 0.0040 0.09   0.46   13.9  13.4
3935.74 0.0042 0.10   0.50   14.5  13.9
3935.75 0.0042 0.11   0.49   14.3  13.7
3935.76 0.0040 0.12   0.46   14.0  13.3
3935.77 0.0042 0.14   0.49   14.6  13.8
3935.78 0.0043 0.18   0.48   14.9  13.9
3935.79 0.0043 0.19   0.50   15.0  14.0
3935.80 0.0044 0.20   0.52   15.4  14.3
3935.81 0.0051 0.20   0.59   17.2  16.0
3935.82 0.0053 0.21   0.60   17.5  16.3
3935.83 0.0059 0.21   0.68   18.9  17.8
3935.84 0.0056 0.22   0.67   17.7  16.5
3935.85 0.0051 0.23   0.60   16.6  15.4
3935.86 0.0048 0.23   0.55   16.0  14.8
3935.87 0.0042 0.23   0.46   14.5  13.3
3935.88 0.0040 0.23   0.44   14.6  13.4
3935.89 0.0041 0.25   0.40   14.5  13.2
3935.90 0.0040 0.26   0.38   14.4  13.0
3935.91 0.0040 0.28   0.37   14.6  13.1
3935.92 0.0039 0.30   0.34   14.5  12.9
3935.93 0.0038 0.30   0.32   14.2  12.6
3935.94 0.0036 0.33   0.29   13.9  12.1
3935.95 0.0039 0.38   0.31   15.2  13.1
3935.96 0.0042 0.41   0.31   15.6  13.4
3935.97 0.0042 0.41   0.33   15.7  13.4
3935.98 0.0044 0.40   0.37   15.9  13.7
3935.99 0.0049 0.44   0.39   17.1  14.6
3936.00 0.0053 0.45   0.42   17.8  15.2
3936.01 0.0057 0.43   0.50   18.3  15.8
3936.02 0.0061 0.48   0.53   19.2  16.4
3936.03 0.0068 0.58   0.51   20.3  17.0
3936.04 0.0072 0.60   0.53   20.6  17.1
3936.05 0.0074 0.62   0.53   20.0  16.3
3936.06 0.0074 0.65   0.51   20.7  16.8
3936.07 0.0076 0.69   0.47   21.0  16.8
3936.08 0.0079 0.69   0.47   21.3  17.1
3936.09 0.0083 0.61   0.45   21.2  17.5
3936.10 0.0089 0.58   0.45   22.1  18.4
3936.11 0.0090 0.59   0.46   22.0  18.3
3936.12 0.0088 0.60   0.48   21.7  17.8
3936.13 0.0088 0.60   0.55   22.2  18.3
3936.14 0.0095 0.62   0.63   23.6  19.5
3936.15 0.0099 0.64   0.67   24.3  20.1
3936.16 0.0114 0.78   0.83   27.3  22.2
3936.17 0.0123 0.88   0.97   27.8  21.9
3936.18 0.0127 0.91   1.06   27.8  21.7
3936.19 0.0130 0.93   1.10   28.5  22.3
3936.20 0.0138 0.99   1.18   29.3  22.7
3936.21 0.0152 1.06   1.30   30.1  23.0
3936.22 0.0158 1.08   1.37   30.4  23.2
3936.23 0.0171 1.11   1.48   31.1  23.7
3936.24 0.0181 1.07   1.56   31.8  24.8
3936.25 0.0186 0.99   1.60   31.6  25.1
3936.26 0.0184 0.98   1.63   31.6  25.2
3936.27 0.0184 1.00   1.70   31.8  25.4
3936.28 0.0180 0.98   1.70   31.0  24.7
3936.29 0.0165 0.90   1.57   30.0  24.1
3936.30 0.0162 0.87   1.55   29.8  24.2
3936.31 0.0151 0.82   1.40   28.9  23.6
3936.32 0.0142 0.80   1.29   28.8  23.6
3936.33 0.0139 0.79   1.27   28.9  23.9
3936.34 0.0126 0.69   1.23   27.5  23.1
3936.35 0.0119 0.59   1.26   27.5  23.8
3936.36 0.0120 0.55   1.31   28.2  24.7
3936.37 0.0122 0.54   1.32   28.7  25.4
3936.38 0.0125 0.59   1.34   29.3  25.6
3936.39 0.0124 0.66   1.36   28.6  24.6
3936.40 0.0118 0.73   1.34   28.4  24.0
3936.41 0.0119 0.73   1.34   28.7  24.4
3936.42 0.0121 0.74   1.30   28.8  24.4
3936.43 0.0124 0.72   1.28   28.6  24.3
3936.44 0.0124 0.69   1.28   28.4  24.3
3936.45 0.0122 0.64   1.23   27.9  24.2
3936.46 0.0121 0.58   1.20   27.9  24.6
3936.47 0.0116 0.46   1.13   26.2  23.6
3936.48 0.0109 0.43   1.05   25.4  23.0
3936.49 0.0107 0.40   1.01   25.5  23.2
3936.50 0.0106 0.39   1.00   25.7  23.4
3936.51 0.0105 0.34   1.00   25.0  23.1
3936.52 0.0102 0.33   0.96   24.5  22.6
3936.53 0.0094 0.30   0.86   23.3  21.6
3936.54 0.0089 0.37   0.81   23.5  21.4
3936.55 0.0087 0.40   0.81   23.3  21.0
3936.56 0.0081 0.36   0.79   21.6  19.6
3936.57 0.0077 0.29   0.74   20.6  18.9
3936.58 0.0074 0.24   0.63   19.9  18.5
3936.59 0.0074 0.24   0.63   20.1  18.7
3936.60 0.0075 0.26   0.62   20.7  19.1
3936.61 0.0079 0.27   0.62   20.9  19.3
3936.62 0.0082 0.30   0.66   22.1  20.2
3936.63 0.0087 0.33   0.71   22.9  20.8
3936.64 0.0095 0.36   0.78   23.4  21.1
3936.65 0.0093 0.36   0.73   21.8  19.5
3936.66 0.0092 0.36   0.71   21.8  19.5
3936.67 0.0090 0.39   0.64   21.6  19.1
3936.68 0.0083 0.40   0.58   20.6  17.9
3936.69 0.0083 0.43   0.60   20.6  17.9
3936.70 0.0081 0.41   0.61   19.8  17.2
3936.71 0.0069 0.30   0.60   17.9  15.9
3936.72 0.0063 0.24   0.59   17.6  16.0
3936.73 0.0060 0.21   0.57   17.2  15.8
3936.74 0.0058 0.22   0.57   16.8  15.4
3936.75 0.0053 0.22   0.55   16.2  14.9
3936.76 0.0048 0.22   0.51   15.2  13.8
3936.77 0.0047 0.22   0.52   15.3  14.0
3936.78 0.0043 0.19   0.47   13.8  12.5
3936.79 0.0042 0.20   0.45   14.1  12.8
3936.80 0.0046 0.20   0.50   14.8  13.4
3936.81 0.0044 0.20   0.49   14.4  13.0
3936.82 0.0044 0.25   0.50   14.7  13.1
3936.83 0.0042 0.26   0.51   14.2  12.4
3936.84 0.0042 0.29   0.55   14.6  12.6
3936.85 0.0042 0.28   0.54   14.5  12.5
3936.86 0.0041 0.25   0.52   14.3  12.4
3936.87 0.0040 0.26   0.48   14.1  12.2
3936.88 0.0041 0.27   0.46   14.4  12.4
3936.89 0.0041 0.27   0.50   14.6  12.6
3936.90 0.0041 0.27   0.53   14.5  12.5
3936.91 0.0040 0.25   0.54   14.4  12.5
3936.92 0.0041 0.25   0.57   14.8  12.9
3936.93 0.0041 0.23   0.57   14.2  12.6
3936.94 0.0035 0.19   0.48   12.7  11.4
3936.95 0.0036 0.18   0.53   13.7  12.4
3936.96 0.0037 0.19   0.57   13.9  12.6
3936.97 0.0041 0.19   0.64   14.8  13.6
3936.98 0.0041 0.17   0.63   14.4  13.3
3936.99 0.0041 0.18   0.62   14.3  13.2
3937.00 0.0044 0.23   0.62   15.3  13.7
3937.01 0.0049 0.33   0.66   16.8  14.5
3937.02 0.0051 0.34   0.72   16.8  14.3
3937.03 0.0054 0.35   0.76   17.5  15.0
3937.04 0.0057 0.40   0.82   18.3  15.4
3937.05 0.0059 0.48   0.82   18.7  15.2
3937.06 0.0062 0.57   0.83   19.9  15.7
3937.07 0.0067 0.61   0.87   20.9  16.4
3937.08 0.0072 0.65   0.94   21.8  17.0
3937.09 0.0073 0.64   0.98   21.8  17.1
3937.10 0.0073 0.64   0.97   21.4  16.8
3937.11 0.0073 0.62   1.00   21.5  17.1
3937.12 0.0073 0.59   1.00   21.2  17.1
3937.13 0.0073 0.54   1.03   21.6  17.8
3937.14 0.0072 0.53   1.03   21.2  17.6
3937.15 0.0073 0.47   1.02   20.9  17.8
3937.16 0.0073 0.38   1.00   20.3  17.8
3937.17 0.0077 0.35   1.06   20.8  18.5
3937.18 0.0078 0.35   1.08   20.6  18.4
3937.19 0.0074 0.38   1.02   20.2  17.7
3937.20 0.0070 0.38   0.97   19.5  17.1
3937.21 0.0068 0.40   0.94   19.6  17.0
3937.22 0.0068 0.41   0.90   19.5  16.8
3937.23 0.0064 0.39   0.88   18.6  16.0
3937.24 0.0066 0.36   0.96   19.1  16.7
3937.25 0.0065 0.31   0.96   18.2  16.1
3937.26 0.0058 0.27   0.85   16.5  14.7
3937.27 0.0055 0.22   0.83   16.5  15.0
3937.28 0.0050 0.23   0.73   15.7  14.2
3937.29 0.0048 0.22   0.69   15.3  13.8
3937.30 0.0046 0.18   0.66   14.7  13.4
3937.31 0.0043 0.14   0.62   13.8  12.9
3937.32 0.0042 0.11   0.60   13.5  12.8
3937.33 0.0038 0.06   0.56   12.4  12.1
3937.34 0.0037 0.02   0.55   12.2  12.1
3937.35 0.0036 0.00   0.56   12.0  12.0
3937.36 0.0034 0.00   0.55   11.5  11.4
3937.37 0.0032 0.00   0.52   11.1  11.1
3937.38 0.0025 0.00   0.40   8.9  8.9
3937.39 0.0022 0.00   0.34   8.1  8.1
3937.40 0.0021 0.00   0.34   8.0  8.0
3937.41 0.0021 0.00   0.31   7.8  7.8
3937.42 0.0021 0.00   0.33   7.8  7.8
3937.43 0.0021 0.00   0.32   7.9  7.9
3937.44 0.0020 0.00   0.27   7.4  7.4
3937.45 0.0023 0.00   0.31   8.4  8.4
3937.46 0.0028 0.04   0.40   10.2  9.9
3937.47 0.0030 0.06   0.42   10.7  10.3
3937.48 0.0031 0.09   0.43   10.8  10.2
3937.49 0.0034 0.10   0.52   11.8  11.1
3937.50 0.0040 0.09   0.62   13.2  12.5
3937.51 0.0044 0.08   0.70   13.9  13.3
3937.52 0.0047 0.02   0.81   13.9  13.7
3937.53 0.0045 0.00   0.82   13.5  13.4
3937.54 0.0044 0.00   0.81   13.4  13.4
3937.55 0.0040 0.03   0.69   12.7  12.5
3937.56 0.0046 0.04   0.75   14.6  14.3
3937.57 0.0051 0.07   0.73   14.8  14.2
3937.58 0.0052 0.07   0.75   15.2  14.6
3937.59 0.0056 0.09   0.76   16.0  15.4
3937.60 0.0063 0.15   0.83   17.4  16.4
3937.61 0.0059 0.17   0.75   16.3  15.1
3937.62 0.0058 0.18   0.76   16.5  15.2
3937.63 0.0058 0.20   0.76   16.5  15.2
3937.64 0.0062 0.24   0.76   17.9  16.3
3937.65 0.0063 0.26   0.74   17.6  15.9
3937.66 0.0058 0.28   0.66   16.6  14.7
3937.67 0.0056 0.29   0.63   16.9  15.0
3937.68 0.0058 0.31   0.65   17.3  15.4
3937.69 0.0057 0.30   0.63   16.8  15.0
3937.70 0.0060 0.31   0.68   17.9  16.0
3937.71 0.0064 0.24   0.77   18.4  17.0
3937.72 0.0068 0.22   0.81   19.0  17.7
3937.73 0.0069 0.20   0.80   18.8  17.7
3937.74 0.0068 0.19   0.77   18.9  17.8
3937.75 0.0070 0.18   0.76   19.2  18.2
3937.76 0.0069 0.17   0.78   19.0  18.0
3937.77 0.0067 0.15   0.79   18.6  17.7
3937.78 0.0063 0.09   0.74   17.1  16.6
3937.79 0.0055 0.04   0.69   15.9  15.6
3937.80 0.0055 0.04   0.70   16.3  16.1
3937.81 0.0054 0.05   0.71   16.3  16.0
3937.82 0.0051 0.03   0.66   15.4  15.3
3937.83 0.0052 0.04   0.61   15.8  15.6
3937.84 0.0052 0.05   0.58   15.7  15.4
3937.85 0.0055 0.05   0.55   16.1  15.9
3937.86 0.0058 0.06   0.57   16.8  16.5
3937.87 0.0059 0.06   0.56   16.5  16.2
3937.88 0.0058 0.02   0.57   16.3  16.2
3937.89 0.0059 0.01   0.59   16.4  16.3
3937.90 0.0057 0.00   0.64   16.1  16.1
3937.91 0.0056 0.00   0.65   15.9  15.9
3937.92 0.0053 0.00   0.64   15.9  15.9
3937.93 0.0053 0.00   0.61   15.6  15.6
3937.94 0.0054 0.00   0.62   15.9  15.9
3937.95 0.0052 0.00   0.62   15.2  15.2
3937.96 0.0049 0.00   0.61   15.0  15.0
3937.97 0.0055 0.00   0.69   16.6  16.6
3937.98 0.0058 0.00   0.70   16.7  16.7
3937.99 0.0054 0.00   0.64   15.5  15.5
3938.00 0.0050 0.00   0.61   15.0  15.0
3938.01 0.0044 0.00   0.54   13.7  13.7
3938.02 0.0044 0.00   0.54   14.0  14.0
3938.03 0.0038 0.00   0.48   12.3  12.3
3938.04 0.0036 0.00   0.46   12.1  12.1
3938.05 0.0036 0.00   0.47   12.3  12.3
3938.06 0.0036 0.00   0.47   12.2  12.2
3938.07 0.0039 0.00   0.53   13.4  13.3
3938.08 0.0040 0.02   0.52   13.1  13.0
3938.09 0.0040 0.04   0.51   13.3  13.1
3938.10 0.0046 0.05   0.56   14.9  14.6
3938.11 0.0046 0.04   0.54   14.4  14.1
3938.12 0.0048 0.01   0.53   14.5  14.5
3938.13 0.0049 0.01   0.54   14.9  14.8
3938.14 0.0050 0.04   0.57   15.1  14.9
3938.15 0.0052 0.08   0.62   15.9  15.5
3938.16 0.0052 0.10   0.64   16.0  15.4
3938.17 0.0054 0.10   0.67   16.3  15.8
3938.18 0.0055 0.08   0.69   16.1  15.7
3938.19 0.0053 0.10   0.69   15.9  15.3
3938.20 0.0051 0.13   0.66   15.7  14.9
3938.21 0.0052 0.19   0.68   16.6  15.6
3938.22 0.0056 0.20   0.71   16.9  15.8
3938.23 0.0059 0.20   0.72   17.5  16.4
3938.24 0.0064 0.21   0.77   18.7  17.5
3938.25 0.0071 0.21   0.85   19.4  18.2
3938.26 0.0075 0.17   0.94   19.9  18.9
3938.27 0.0076 0.16   0.94   19.9  18.9
3938.28 0.0078 0.20   0.93   20.5  19.4
3938.29 0.0078 0.18   0.88   19.7  18.7
3938.30 0.0079 0.15   0.89   20.6  19.7
3938.31 0.0081 0.15   0.88   20.7  19.9
3938.32 0.0082 0.15   0.91   20.8  19.9
3938.33 0.0084 0.17   0.96   21.3  20.4
3938.34 0.0084 0.19   0.94   21.1  20.0
3938.35 0.0087 0.19   0.97   21.7  20.7
3938.36 0.0090 0.13   1.00   21.6  20.8
3938.37 0.0091 0.04   1.04   21.3  21.1
3938.38 0.0089 0.02   1.02   20.8  20.7
3938.39 0.0080 0.00   0.90   19.5  19.5
3938.40 0.0077 0.00   0.95   20.0  20.0
3938.41 0.0079 0.00   1.03   20.7  20.7
3938.42 0.0081 0.00   1.04   20.7  20.7
3938.43 0.0084 0.00   0.99   21.4  21.4
3938.44 0.0084 0.00   0.96   20.7  20.7
3938.45 0.0078 0.00   0.83   19.7  19.7
3938.46 0.0077 0.00   0.77   19.5  19.5
3938.47 0.0072 0.00   0.63   18.6  18.6
3938.48 0.0071 0.01   0.57   18.5  18.5
3938.49 0.0068 0.02   0.55   18.0  17.9
3938.50 0.0065 0.04   0.57   18.0  17.8
3938.51 0.0063 0.04   0.56   17.5  17.3
3938.52 0.0060 0.01   0.53   16.8  16.7
3938.53 0.0056 0.00   0.50   16.0  16.0
3938.54 0.0049 0.01   0.47   15.0  14.9
3938.55 0.0045 0.05   0.45   14.5  14.3
3938.56 0.0043 0.05   0.45   14.2  13.9
3938.57 0.0041 0.06   0.42   13.5  13.2
3938.58 0.0037 0.05   0.37   12.8  12.5
3938.59 0.0034 0.03   0.33   11.4  11.2
3938.60 0.0030 0.03   0.28   10.3  10.2
3938.61 0.0028 0.06   0.26   10.3  10.0
3938.62 0.0025 0.07   0.24   9.6  9.3
3938.63 0.0024 0.07   0.24   9.2  8.9
3938.64 0.0023 0.07   0.22   8.8  8.5
3938.65 0.0020 0.06   0.19   7.9  7.6
3938.66 0.0020 0.07   0.19   8.0  7.7
3938.67 0.0019 0.06   0.18   7.7  7.3
3938.68 0.0018 0.07   0.17   7.3  7.0
3938.69 0.0016 0.06   0.14   6.7  6.4
3938.70 0.0014 0.05   0.13   5.8  5.5
3938.71 0.0013 0.04   0.12   5.6  5.4
3938.72 0.0011 0.04   0.09   4.6  4.3
3938.73 0.0011 0.05   0.08   2.8  2.6
3938.74 0.0011 0.05   0.08   1.0  0.8
3938.75 0.0010 0.04   0.09   1.1  0.8
3938.76 0.0010 0.03   0.10   1.2  1.0
3938.77 0.0010 0.04   0.10   1.1  0.9
3938.78 0.0009 0.03   0.10   1.3  1.1
3938.79 0.0009 0.03   0.11   1.4  1.2
3938.80 0.0008 0.02   0.11   1.5  1.4
3938.81 0.0008 0.03   0.10   1.6  1.4
3938.82 0.0008 0.03   0.10   1.6  1.4
3938.83 0.0008 0.03   0.10   1.6  1.4
3938.84 0.0008 0.04   0.10   1.6  1.4
3938.85 0.0008 0.03   0.10   1.7  1.5
3938.86 0.0008 0.02   0.09   1.8  1.6
3938.87 0.0008 0.02   0.08   1.9  1.8
3938.88 0.0008 0.02   0.08   1.9  1.8
3938.89 0.0008 0.02   0.07   1.9  1.9
3938.90 0.0008 0.02   0.07   2.0  1.9
3938.91 0.0008 0.02   0.07   1.9  1.8
3938.92 0.0008 0.01   0.07   1.8  1.7
3938.93 0.0008 0.01   0.07   1.9  1.8
3938.94 0.0008 0.01   0.07   1.9  1.8
3938.95 0.0008 0.01   0.07   1.9  1.8
3938.96 0.0007 0.00   0.07   1.9  1.9
3938.97 0.0007 0.00   0.08   1.9  1.8
3938.98 0.0007 0.00   0.09   1.9  1.9
3938.99 0.0007 0.00   0.09   1.9  1.9
3939.00 0.0007 0.01   0.09   1.9  1.8
3939.01 0.0007 0.02   0.09   1.9  1.7
3939.02 0.0007 0.03   0.08   1.8  1.6
3939.03 0.0007 0.03   0.06   1.8  1.6
3939.04 0.0007 0.04   0.06   1.8  1.6
3939.05 0.0007 0.03   0.06   1.8  1.6
3939.06 0.0007 0.05   0.05   1.8  1.5
3939.07 0.0007 0.04   0.06   1.8  1.6
3939.08 0.0007 0.04   0.05   1.8  1.6
3939.09 0.0007 0.04   0.06   1.8  1.6
3939.10 0.0007 0.05   0.07   1.7  1.3
3939.11 0.0007 0.05   0.07   1.6  1.2
3939.12 0.0007 0.05   0.07   1.6  1.3
3939.13 0.0007 0.03   0.07   1.7  1.5
3939.14 0.0007 0.02   0.07   1.8  1.6
3939.15 0.0007 0.03   0.07   1.8  1.6
3939.16 0.0006 0.03   0.06   1.8  1.6
3939.17 0.0006 0.03   0.05   1.8  1.6
3939.18 0.0006 0.04   0.06   1.7  1.4
3939.19 0.0006 0.04   0.07   1.6  1.4
3939.20 0.0006 0.03   0.08   1.7  1.5
3939.21 0.0006 0.02   0.08   1.7  1.5
3939.22 0.0006 0.03   0.08   1.7  1.5
3939.23 0.0006 0.03   0.07   1.7  1.5
3939.24 0.0006 0.03   0.07   1.9  1.6
3939.25 0.0006 0.03   0.07   1.8  1.6
3939.26 0.0006 0.05   0.06   1.8  1.5
3939.27 0.0007 0.04   0.06   1.8  1.5
3939.28 0.0007 0.05   0.06   1.8  1.5
3939.29 0.0007 0.06   0.06   1.7  1.4
3939.30 0.0007 0.06   0.07   1.7  1.3
3939.31 0.0007 0.06   0.07   1.7  1.4
3939.32 0.0007 0.05   0.07   1.7  1.4
3939.33 0.0007 0.05   0.09   1.7  1.4
3939.34 0.0007 0.06   0.09   1.7  1.3
3939.35 0.0006 0.05   0.10   1.7  1.4
3939.36 0.0006 0.05   0.10   1.8  1.5
3939.37 0.0006 0.05   0.09   1.7  1.4
3939.38 0.0006 0.05   0.10   1.6  1.4
3939.39 0.0007 0.04   0.11   1.6  1.3
3939.40 0.0007 0.04   0.11   1.6  1.4
3939.41 0.0007 0.04   0.10   1.6  1.4
3939.42 0.0007 0.04   0.10   1.6  1.4
3939.43 0.0007 0.04   0.10   1.5  1.3
3939.44 0.0007 0.05   0.10   1.4  1.2
3939.45 0.0008 0.05   0.10   1.4  1.1
3939.46 0.0008 0.04   0.11   1.3  1.1
3939.47 0.0008 0.03   0.12   1.3  1.1
3939.48 0.0008 0.03   0.12   1.3  1.1
3939.49 0.0008 0.02   0.13   1.4  1.2
3939.50 0.0008 0.02   0.12   1.4  1.3
3939.51 0.0008 0.03   0.11   1.4  1.3
3939.52 0.0008 0.03   0.12   1.4  1.3
3939.53 0.0008 0.04   0.12   1.3  1.1
3939.54 0.0008 0.02   0.12   1.4  1.3
3939.55 0.0008 0.02   0.13   1.3  1.2
3939.56 0.0008 0.01   0.14   1.4  1.3
3939.57 0.0008 0.01   0.14   1.3  1.3
3939.58 0.0009 0.01   0.15   1.3  1.2
3939.59 0.0009 0.00   0.15   1.3  1.2
3939.60 0.0009 0.00   0.14   1.2  1.2
3939.61 0.0009 0.00   0.15   1.2  1.2
3939.62 0.0009 0.00   0.14   1.3  1.3
3939.63 0.0009 0.00   0.13   1.3  1.3
3939.64 0.0009 0.00   0.14   1.3  1.3
3939.65 0.0010 0.00   0.13   1.3  1.3
3939.66 0.0010 0.00   0.13   1.2  1.2
3939.67 0.0010 0.00   0.12   1.2  1.2
3939.68 0.0010 0.00   0.12   1.2  1.2
3939.69 0.0010 0.00   0.12   1.3  1.3
3939.70 0.0011 0.00   0.12   1.4  1.4
3939.71 0.0011 0.00   0.11   1.4  1.4
3939.72 0.0010 0.00   0.11   1.4  1.4
3939.73 0.0010 0.00   0.11   1.5  1.5
3939.74 0.0010 0.00   0.11   1.6  1.6
3939.75 0.0010 0.00   0.12   1.6  1.6
3939.76 0.0010 0.00   0.13   1.5  1.5
3939.77 0.0010 0.00   0.13   1.5  1.5
3939.78 0.0010 0.00   0.13   1.5  1.5
3939.79 0.0010 0.00   0.13   1.6  1.6
3939.80 0.0010 0.00   0.13   1.7  1.7
3939.81 0.0010 0.00   0.13   1.6  1.6
3939.82 0.0010 0.00   0.13   1.6  1.6
3939.83 0.0011 0.00   0.13   1.6  1.6
3939.84 0.0011 0.00   0.13   1.5  1.5
3939.85 0.0011 0.00   0.13   1.5  1.5
3939.86 0.0011 0.00   0.12   1.5  1.5
3939.87 0.0011 0.00   0.13   1.4  1.4
3939.88 0.0011 0.00   0.13   1.3  1.3
3939.89 0.0011 0.00   0.14   1.3  1.3
3939.90 0.0011 0.00   0.13   1.3  1.3
3939.91 0.0011 0.00   0.13   1.3  1.3
3939.92 0.0011 0.00   0.13   1.4  1.4
3939.93 0.0011 0.00   0.13   1.3  1.3
3939.94 0.0011 0.00   0.13   1.3  1.3
3939.95 0.0011 0.01   0.12   1.3  1.2
3939.96 0.0011 0.02   0.12   1.2  1.1
3939.97 0.0011 0.01   0.12   1.2  1.2
3939.98 0.0011 0.01   0.11   1.2  1.2
3939.99 0.0011 0.01   0.12   1.2  1.1
3940.00 0.0010 0.01   0.13   1.2  1.1
3940.01 0.0010 0.01   0.14   1.2  1.2
3940.02 0.0010 0.00   0.13   1.2  1.1
3940.03 0.0010 0.01   0.13   1.2  1.1
3940.04 0.0009 0.02   0.13   1.2  1.1
3940.05 0.0009 0.03   0.14   1.1  0.9
3940.06 0.0009 0.04   0.14   1.1  0.9
3940.07 0.0009 0.04   0.15   1.1  0.9
3940.08 0.0009 0.04   0.14   1.2  1.0
3940.09 0.0009 0.04   0.12   1.2  1.0
3940.10 0.0010 0.04   0.12   1.2  1.0
3940.11 0.0009 0.04   0.11   1.1  0.9
3940.12 0.0009 0.05   0.12   1.1  0.8
3940.13 0.0009 0.05   0.13   1.1  0.9
3940.14 0.0009 0.04   0.12   1.1  0.9
3940.15 0.0009 0.05   0.12   1.1  0.8
3940.16 0.0009 0.04   0.13   1.1  0.9
3940.17 0.0008 0.04   0.14   1.2  1.0
3940.18 0.0008 0.05   0.14   1.2  0.9
3940.19 0.0008 0.05   0.14   1.3  1.0
3940.20 0.0008 0.05   0.14   1.3  1.0
3940.21 0.0008 0.05   0.14   1.3  1.0
3940.22 0.0008 0.06   0.12   1.3  1.0
3940.23 0.0008 0.06   0.12   1.3  1.0
3940.24 0.0008 0.05   0.12   1.3  1.1
3940.25 0.0008 0.04   0.12   1.3  1.1
3940.26 0.0009 0.03   0.13   1.3  1.2
3940.27 0.0009 0.01   0.15   1.3  1.3
3940.28 0.0009 0.01   0.15   1.3  1.2
3940.29 0.0009 0.01   0.15   1.3  1.3
3940.30 0.0008 0.01   0.14   1.4  1.4
3940.31 0.0008 0.02   0.13   1.5  1.4
3940.32 0.0008 0.02   0.13   1.4  1.3
3940.33 0.0009 0.02   0.13   1.3  1.2
3940.34 0.0008 0.01   0.12   1.3  1.3
3940.35 0.0008 0.00   0.13   1.3  1.3
3940.36 0.0008 0.00   0.13   1.4  1.4
3940.37 0.0008 0.00   0.12   1.4  1.4
3940.38 0.0008 0.00   0.10   1.4  1.4
3940.39 0.0008 0.00   0.09   1.4  1.4
3940.40 0.0008 0.01   0.09   1.4  1.4
3940.41 0.0008 0.01   0.10   1.2  1.2
3940.42 0.0008 0.02   0.10   1.2  1.1
3940.43 0.0008 0.02   0.10   1.3  1.1
3940.44 0.0008 0.02   0.11   1.3  1.2
3940.45 0.0008 0.02   0.10   1.3  1.2
3940.46 0.0008 0.03   0.10   1.3  1.2
3940.47 0.0007 0.03   0.10   1.4  1.2
3940.48 0.0007 0.03   0.10   1.4  1.2
3940.49 0.0008 0.02   0.10   1.3  1.2
3940.50 0.0008 0.01   0.09   1.3  1.3
3940.51 0.0008 0.00   0.09   1.4  1.3
3940.52 0.0009 0.01   0.09   1.4  1.3
3940.53 0.0009 0.01   0.08   1.4  1.4
3940.54 0.0009 0.01   0.08   1.4  1.4
3940.55 0.0008 0.01   0.07   1.5  1.5
3940.56 0.0008 0.01   0.08   1.5  1.4
3940.57 0.0008 0.02   0.08   1.5  1.4
3940.58 0.0008 0.02   0.09   1.6  1.5
3940.59 0.0008 0.02   0.08   1.5  1.4
3940.60 0.0008 0.04   0.06   1.6  1.3
3940.61 0.0008 0.03   0.07   1.6  1.5
3940.62 0.0008 0.03   0.07   1.6  1.4
3940.63 0.0009 0.03   0.09   1.5  1.4
3940.64 0.0008 0.02   0.09   1.6  1.4
3940.65 0.0008 0.02   0.09   1.7  1.5
3940.66 0.0008 0.02   0.09   1.7  1.5
3940.67 0.0009 0.03   0.07   1.7  1.5
3940.68 0.0009 0.03   0.08   1.7  1.5
3940.69 0.0009 0.02   0.08   1.7  1.5
3940.70 0.0008 0.02   0.08   1.7  1.6
3940.71 0.0008 0.00   0.08   1.7  1.7
3940.72 0.0009 0.00   0.08   1.8  1.8
3940.73 0.0009 0.00   0.08   1.8  1.8
3940.74 0.0009 0.00   0.08   1.7  1.7
3940.75 0.0008 0.00   0.07   1.7  1.7
3940.76 0.0008 0.00   0.07   1.7  1.7
3940.77 0.0009 0.00   0.07   1.7  1.7
3940.78 0.0009 0.00   0.07   1.7  1.7
3940.79 0.0008 0.00   0.06   1.7  1.7
3940.80 0.0008 0.00   0.06   1.8  1.8
3940.81 0.0008 0.00   0.06   1.8  1.8
3940.82 0.0008 0.00   0.06   1.8  1.8
3940.83 0.0008 0.00   0.06   1.8  1.8
3940.84 0.0008 0.00   0.07   1.7  1.7
3940.85 0.0008 0.00   0.07   1.7  1.7
3940.86 0.0008 0.00   0.06   1.6  1.6
3940.87 0.0009 0.00   0.06   1.6  1.6
3940.88 0.0009 0.00   0.06   1.5  1.5
3940.89 0.0009 0.00   0.07   1.5  1.5
3940.90 0.0009 0.00   0.08   1.5  1.5
3940.91 0.0009 0.00   0.07   1.4  1.4
3940.92 0.0009 0.00   0.07   1.4  1.4
3940.93 0.0009 0.00   0.07   1.5  1.5
3940.94 0.0009 0.00   0.07   1.5  1.5
3940.95 0.0010 0.00   0.07   1.4  1.4
3940.96 0.0010 0.00   0.06   1.2  1.2
3940.97 0.0010 0.00   0.08   1.2  1.2
3940.98 0.0010 0.00   0.08   1.2  1.2
3940.99 0.0010 0.00   0.09   1.1  1.1
3941.00 0.0010 0.00   0.10   1.1  1.1
3941.01 0.0010 0.00   0.11   1.1  1.1
3941.02 0.0010 0.00   0.11   1.1  1.1
3941.03 0.0010 0.00   0.10   1.1  1.1
3941.04 0.0009 0.00   0.09   1.1  1.1
3941.05 0.0010 0.00   0.10   1.1  1.1
3941.06 0.0010 0.00   0.10   1.1  1.1
3941.07 0.0010 0.00   0.10   1.1  1.1
3941.08 0.0011 0.00   0.10   1.0  1.0
3941.09 0.0011 0.00   0.11   1.6  1.6
3941.10 0.0011 0.00   0.12   2.2  2.2
3941.11 0.0012 0.00   0.13   2.3  2.3
3941.12 0.0012 0.00   0.14   2.7  2.7
3941.13 0.0011 0.00   0.13   2.9  2.9
3941.14 0.0012 0.00   0.13   3.3  3.3
3941.15 0.0011 0.01   0.13   3.4  3.3
3941.16 0.0011 0.01   0.13   3.3  3.2
3941.17 0.0011 0.01   0.14   3.7  3.6
3941.18 0.0012 0.00   0.13   3.3  3.3
3941.19 0.0012 0.01   0.12   3.2  3.2
3941.20 0.0012 0.01   0.12   2.6  2.5
3941.21 0.0012 0.02   0.13   2.9  2.8
3941.22 0.0012 0.01   0.13   2.5  2.4
3941.23 0.0012 0.01   0.13   2.6  2.6
3941.24 0.0012 0.01   0.12   3.2  3.1
3941.25 0.0011 0.03   0.13   3.0  2.9
3941.26 0.0011 0.03   0.12   3.3  3.2
3941.27 0.0011 0.04   0.11   2.9  2.7
3941.28 0.0012 0.04   0.11   2.9  2.7
3941.29 0.0012 0.04   0.12   4.1  3.9
3941.30 0.0013 0.03   0.11   4.9  4.8
3941.31 0.0013 0.04   0.11   5.3  5.2
3941.32 0.0014 0.05   0.12   5.9  5.6
3941.33 0.0013 0.05   0.11   5.3  5.0
3941.34 0.0013 0.05   0.13   5.9  5.6
3941.35 0.0014 0.05   0.13   6.0  5.8
3941.36 0.0013 0.05   0.12   5.6  5.3
3941.37 0.0014 0.06   0.12   6.3  6.0
3941.38 0.0013 0.05   0.12   5.8  5.5
3941.39 0.0013 0.04   0.13   4.9  4.7
3941.40 0.0013 0.05   0.13   5.4  5.1
3941.41 0.0013 0.05   0.13   4.9  4.6
3941.42 0.0013 0.04   0.14   4.5  4.3
3941.43 0.0013 0.05   0.12   5.0  4.8
3941.44 0.0013 0.03   0.13   4.7  4.6
3941.45 0.0013 0.02   0.13   4.8  4.8
3941.46 0.0013 0.01   0.13   5.4  5.4
3941.47 0.0013 0.00   0.15   4.5  4.5
3941.48 0.0013 0.00   0.15   4.8  4.8
3941.49 0.0013 0.00   0.14   4.6  4.6
3941.50 0.0013 0.00   0.14   4.1  4.1
3941.51 0.0013 0.00   0.16   4.4  4.4
3941.52 0.0013 0.00   0.15   4.1  4.1
3941.53 0.0013 0.00   0.15   3.7  3.7
3941.54 0.0012 0.02   0.13   3.2  3.2
3941.55 0.0012 0.03   0.14   2.1  2.0
3941.56 0.0012 0.02   0.13   2.4  2.3
3941.57 0.0012 0.02   0.13   2.4  2.3
3941.58 0.0012 0.02   0.14   1.8  1.7
3941.59 0.0012 0.04   0.15   2.1  1.9
3941.60 0.0012 0.04   0.14   1.4  1.2
3941.61 0.0011 0.05   0.14   1.5  1.3
3941.62 0.0011 0.06   0.14   1.0  0.7
3941.63 0.0010 0.06   0.15   1.0  0.8
3941.64 0.0010 0.05   0.15   1.1  0.8
3941.65 0.0011 0.04   0.16   1.2  1.0
3941.66 0.0011 0.04   0.15   1.2  1.0
3941.67 0.0010 0.04   0.13   1.1  0.9
3941.68 0.0010 0.04   0.13   1.0  0.8
3941.69 0.0010 0.03   0.14   1.1  1.0
3941.70 0.0010 0.04   0.13   1.0  0.9
3941.71 0.0010 0.05   0.12   1.1  0.8
3941.72 0.0010 0.05   0.12   1.1  0.8
3941.73 0.0010 0.06   0.11   1.0  0.7
3941.74 0.0010 0.07   0.10   1.0  0.7
3941.75 0.0010 0.07   0.10   1.0  0.7
3941.76 0.0010 0.07   0.10   1.1  0.7
3941.77 0.0010 0.08   0.10   1.1  0.7
3941.78 0.0010 0.08   0.09   1.0  0.6
3941.79 0.0009 0.07   0.09   1.1  0.7
3941.80 0.0009 0.07   0.09   1.2  0.8
3941.81 0.0009 0.06   0.09   1.1  0.8
3941.82 0.0009 0.07   0.08   1.1  0.8
3941.83 0.0009 0.06   0.08   1.2  0.9
3941.84 0.0009 0.06   0.08   1.2  0.9
3941.85 0.0010 0.05   0.09   1.2  0.9
3941.86 0.0009 0.04   0.10   1.2  0.9
3941.87 0.0009 0.04   0.10   1.1  0.9
3941.88 0.0009 0.04   0.10   1.1  0.9
3941.89 0.0009 0.04   0.10   1.1  0.8
3941.90 0.0009 0.04   0.09   1.1  0.9
3941.91 0.0009 0.03   0.09   1.1  0.9
3941.92 0.0010 0.02   0.08   1.1  1.0
3941.93 0.0010 0.01   0.08   1.1  1.1
3941.94 0.0010 0.01   0.08   1.1  1.1
3941.95 0.0010 0.01   0.08   1.1  1.1
3941.96 0.0010 0.01   0.08   1.2  1.1
3941.97 0.0010 0.01   0.08   1.2  1.1
3941.98 0.0010 0.01   0.09   1.3  1.2
3941.99 0.0010 0.01   0.11   1.3  1.2
3942.00 0.0010 0.01   0.10   1.2  1.2
3942.01 0.0010 0.00   0.09   1.2  1.2
3942.02 0.0010 0.00   0.10   1.2  1.2
3942.03 0.0010 0.00   0.11   1.1  1.1
3942.04 0.0010 0.00   0.12   1.1  1.1
3942.05 0.0010 0.00   0.13   1.2  1.2
3942.06 0.0010 0.00   0.13   1.2  1.2
3942.07 0.0010 0.00   0.12   1.1  1.1
3942.08 0.0010 0.00   0.12   1.2  1.2
3942.09 0.0010 0.00   0.12   1.4  1.4
3942.10 0.0009 0.00   0.13   1.3  1.3
3942.11 0.0009 0.00   0.14   1.5  1.5
3942.12 0.0009 0.00   0.14   1.5  1.5
3942.13 0.0009 0.00   0.15   1.5  1.5
3942.14 0.0009 0.00   0.15   1.3  1.3
3942.15 0.0009 0.00   0.15   1.3  1.3
3942.16 0.0009 0.00   0.15   1.2  1.2
3942.17 0.0009 0.00   0.14   1.3  1.3
3942.18 0.0009 0.00   0.14   1.3  1.3
3942.19 0.0009 0.00   0.14   1.3  1.3
3942.20 0.0009 0.00   0.14   1.3  1.3
3942.21 0.0009 0.00   0.14   1.3  1.3
3942.22 0.0009 0.00   0.13   1.3  1.3
3942.23 0.0009 0.00   0.13   1.3  1.3
3942.24 0.0008 0.00   0.14   1.3  1.3
3942.25 0.0008 0.00   0.15   1.3  1.3
3942.26 0.0008 0.00   0.15   1.4  1.4
3942.27 0.0009 0.00   0.15   1.3  1.3
3942.28 0.0009 0.00   0.16   1.3  1.3
3942.29 0.0008 0.00   0.16   1.2  1.2
3942.30 0.0008 0.00   0.17   1.2  1.2
3942.31 0.0009 0.00   0.15   1.1  1.1
3942.32 0.0009 0.00   0.16   1.0  1.0
3942.33 0.0009 0.01   0.16   1.0  1.0
3942.34 0.0009 0.00   0.17   1.1  1.1
3942.35 0.0009 0.01   0.15   1.1  1.0
3942.36 0.0009 0.01   0.14   1.1  1.1
3942.37 0.0009 0.01   0.14   1.0  0.9
3942.38 0.0009 0.02   0.16   1.3  1.2
3942.39 0.0008 0.01   0.17   1.4  1.3
3942.40 0.0008 0.02   0.16   1.9  1.8
3942.41 0.0008 0.02   0.16   2.2  2.1
3942.42 0.0009 0.02   0.15   2.6  2.5
3942.43 0.0008 0.03   0.15   2.6  2.4
3942.44 0.0008 0.04   0.14   2.9  2.7
3942.45 0.0009 0.04   0.14   3.1  2.9
3942.46 0.0009 0.05   0.14   2.7  2.5
3942.47 0.0008 0.05   0.13   1.0  0.8
3942.48 0.0008 0.06   0.13   1.1  0.8
3942.49 0.0008 0.06   0.13   1.9  1.6
3942.50 0.0009 0.06   0.13   2.1  1.8
3942.51 0.0009 0.06   0.12   1.8  1.5
3942.52 0.0009 0.06   0.11   1.8  1.4
3942.53 0.0009 0.07   0.12   1.8  1.4
3942.54 0.0009 0.09   0.12   2.2  1.7
3942.55 0.0009 0.09   0.11   2.3  1.8
3942.56 0.0009 0.10   0.11   2.4  1.9
3942.57 0.0010 0.09   0.10   3.3  2.8
3942.58 0.0010 0.10   0.09   3.2  2.7
3942.59 0.0010 0.10   0.08   3.2  2.7
3942.60 0.0010 0.08   0.09   2.8  2.4
3942.61 0.0010 0.08   0.10   2.8  2.3
3942.62 0.0010 0.08   0.09   2.3  1.9
3942.63 0.0010 0.09   0.09   2.1  1.6
3942.64 0.0009 0.09   0.09   1.6  1.1
3942.65 0.0010 0.09   0.09   2.4  1.9
3942.66 0.0010 0.08   0.11   2.8  2.4
3942.67 0.0010 0.08   0.11   3.2  2.8
3942.68 0.0010 0.08   0.09   2.7  2.3
3942.69 0.0010 0.07   0.07   2.1  1.7
3942.70 0.0010 0.07   0.07   1.5  1.2
3942.71 0.0010 0.08   0.07   3.0  2.6
3942.72 0.0011 0.07   0.07   3.2  2.8
3942.73 0.0011 0.06   0.07   3.3  2.9
3942.74 0.0011 0.06   0.07   3.4  3.0
3942.75 0.0011 0.05   0.06   3.8  3.5
3942.76 0.0010 0.06   0.06   3.7  3.3
3942.77 0.0010 0.07   0.06   4.4  4.1
3942.78 0.0012 0.08   0.06   5.2  4.8
3942.79 0.0016 0.09   0.10   6.6  6.0
3942.80 0.0019 0.11   0.14   7.8  7.1
3942.81 0.0020 0.12   0.15   8.0  7.3
3942.82 0.0021 0.11   0.17   8.1  7.4
3942.83 0.0024 0.13   0.21   9.2  8.4
3942.84 0.0025 0.15   0.25   9.6  8.6
3942.85 0.0025 0.15   0.24   9.3  8.3
3942.86 0.0021 0.09   0.19   7.8  7.2
3942.87 0.0022 0.09   0.19   8.4  7.8
3942.88 0.0022 0.07   0.17   7.7  7.2
3942.89 0.0021 0.07   0.15   7.5  7.0
3942.90 0.0021 0.07   0.13   7.5  7.0
3942.91 0.0021 0.06   0.13   7.3  6.9
3942.92 0.0020 0.06   0.13   7.0  6.6
3942.93 0.0022 0.06   0.11   7.6  7.1
3942.94 0.0021 0.03   0.15   7.0  6.8
3942.95 0.0021 0.02   0.16   7.3  7.1
3942.96 0.0021 0.02   0.17   7.1  7.0
3942.97 0.0017 0.01   0.15   6.2  6.1
3942.98 0.0019 0.02   0.15   6.8  6.6
3942.99 0.0021 0.02   0.15   7.3  7.1
3943.00 0.0021 0.02   0.14   7.3  7.1
3943.01 0.0021 0.04   0.13   7.3  7.0
3943.02 0.0022 0.04   0.15   7.7  7.4
3943.03 0.0021 0.04   0.14   7.2  6.9
3943.04 0.0015 0.04   0.09   5.3  5.0
3943.05 0.0015 0.05   0.08   5.7  5.4
3943.06 0.0017 0.08   0.07   6.6  6.0
3943.07 0.0017 0.09   0.07   6.6  6.0
3943.08 0.0020 0.07   0.07   7.1  6.6
3943.09 0.0022 0.07   0.09   7.6  7.1
3943.10 0.0020 0.06   0.10   7.2  6.7
3943.11 0.0017 0.06   0.08   6.2  5.8
3943.12 0.0014 0.06   0.05   5.2  4.9
3943.13 0.0011 0.05   0.04   4.0  3.7
3943.14 0.0010 0.05   0.04   4.0  3.6
3943.15 0.0010 0.05   0.03   1.8  1.4
3943.16 0.0010 0.05   0.03   1.4  1.1
3943.17 0.0010 0.06   0.04   2.0  1.7
3943.18 0.0010 0.06   0.04   1.7  1.3
3943.19 0.0010 0.06   0.05   1.0  0.6
3943.20 0.0009 0.06   0.06   1.0  0.7
3943.21 0.0009 0.05   0.07   1.1  0.8
3943.22 0.0009 0.06   0.07   1.1  0.8
3943.23 0.0009 0.05   0.06   1.1  0.8
3943.24 0.0009 0.05   0.07   1.1  0.8
3943.25 0.0009 0.05   0.07   1.1  0.8
3943.26 0.0009 0.05   0.06   1.1  0.7
3943.27 0.0009 0.05   0.05   1.0  0.7
3943.28 0.0010 0.05   0.04   2.3  2.0
3943.29 0.0010 0.05   0.03   2.2  1.8
3943.30 0.0009 0.06   0.02   1.5  1.1
3943.31 0.0009 0.06   0.03   1.0  0.6
3943.32 0.0009 0.04   0.05   1.2  0.9
3943.33 0.0009 0.03   0.04   1.7  1.4
3943.34 0.0009 0.03   0.05   2.1  1.8
3943.35 0.0009 0.02   0.07   3.2  3.0
3943.36 0.0009 0.02   0.07   3.0  2.9
3943.37 0.0009 0.00   0.08   2.8  2.7
3943.38 0.0008 0.02   0.08   2.9  2.7
3943.39 0.0009 0.00   0.09   2.8  2.8
3943.40 0.0008 0.01   0.08   2.6  2.5
3943.41 0.0008 0.01   0.08   2.0  1.9
3943.42 0.0009 0.01   0.07   3.0  3.0
3943.43 0.0009 0.01   0.07   2.2  2.1
3943.44 0.0009 0.01   0.06   2.4  2.3
3943.45 0.0008 0.00   0.06   1.3  1.3
3943.46 0.0009 0.01   0.07   1.7  1.6
3943.47 0.0009 0.00   0.08   2.4  2.4
3943.48 0.0009 0.01   0.08   3.5  3.5
3943.49 0.0010 0.00   0.09   4.1  4.0
3943.50 0.0011 0.00   0.10   4.3  4.3
3943.51 0.0011 0.00   0.10   4.3  4.3
3943.52 0.0013 0.01   0.11   5.2  5.1
3943.53 0.0011 0.01   0.08   4.3  4.2
3943.54 0.0011 0.01   0.08   4.3  4.2
3943.55 0.0011 0.02   0.08   4.5  4.4
3943.56 0.0014 0.04   0.10   5.4  5.2
3943.57 0.0014 0.05   0.10   5.6  5.2
3943.58 0.0013 0.05   0.10   5.3  5.0
3943.59 0.0011 0.05   0.08   4.6  4.2
3943.60 0.0010 0.05   0.09   4.5  4.2
3943.61 0.0010 0.04   0.09   4.3  4.0
3943.62 0.0010 0.04   0.08   4.1  3.9
3943.63 0.0010 0.05   0.07   4.0  3.7
3943.64 0.0010 0.06   0.07   3.7  3.3
3943.65 0.0010 0.06   0.06   3.0  2.7
3943.66 0.0010 0.05   0.06   2.8  2.4
3943.67 0.0010 0.05   0.06   2.7  2.4
3943.68 0.0010 0.07   0.06   2.9  2.5
3943.69 0.0010 0.06   0.06   2.6  2.2
3943.70 0.0010 0.07   0.05   3.4  3.0
3943.71 0.0010 0.06   0.06   4.3  4.0
3943.72 0.0010 0.07   0.07   4.7  4.3
3943.73 0.0010 0.07   0.08   4.5  4.1
3943.74 0.0010 0.07   0.09   4.4  4.1
3943.75 0.0011 0.07   0.12   5.3  4.9
3943.76 0.0011 0.07   0.12   5.2  4.8
3943.77 0.0010 0.07   0.11   4.1  3.7
3943.78 0.0009 0.07   0.11   4.0  3.6
3943.79 0.0009 0.07   0.10   3.2  2.8
3943.80 0.0009 0.07   0.10   3.6  3.1
3943.81 0.0009 0.09   0.11   4.1  3.6
3943.82 0.0009 0.09   0.12   4.9  4.4
3943.83 0.0011 0.11   0.15   5.7  5.1
3943.84 0.0012 0.11   0.16   5.9  5.3
3943.85 0.0014 0.12   0.20   6.9  6.1
3943.86 0.0015 0.11   0.20   7.0  6.3
3943.87 0.0015 0.11   0.21   7.0  6.3
3943.88 0.0016 0.11   0.23   7.3  6.5
3943.89 0.0016 0.09   0.24   7.0  6.3
3943.90 0.0015 0.07   0.24   6.6  6.2
3943.91 0.0015 0.07   0.22   6.6  6.1
3943.92 0.0014 0.06   0.21   6.4  6.0
3943.93 0.0015 0.06   0.25   6.8  6.3
3943.94 0.0015 0.06   0.26   6.6  6.3
3943.95 0.0016 0.05   0.28   7.0  6.7
3943.96 0.0015 0.07   0.29   7.1  6.6
3943.97 0.0016 0.09   0.33   7.8  7.2
3943.98 0.0017 0.09   0.35   8.1  7.4
3943.99 0.0018 0.08   0.39   8.4  7.9
3944.00 0.0016 0.04   0.38   7.4  7.1
3944.01 0.0015 0.04   0.37   7.0  6.7
3944.02 0.0013 0.05   0.31   6.3  5.8
3944.03 0.0011 0.05   0.25   5.4  5.1
3944.04 0.0012 0.04   0.27   6.0  5.7
3944.05 0.0013 0.04   0.26   6.0  5.7
3944.06 0.0013 0.04   0.26   6.0  5.7
3944.07 0.0015 0.06   0.28   7.0  6.6
3944.08 0.0016 0.07   0.29   7.4  6.8
3944.09 0.0016 0.06   0.28   7.0  6.5
3944.10 0.0016 0.05   0.30   7.2  6.8
3944.11 0.0017 0.06   0.29   7.3  6.9
3944.12 0.0015 0.02   0.28   6.6  6.4
3944.13 0.0014 0.01   0.25   5.9  5.8
3944.14 0.0013 0.02   0.21   5.5  5.4
3944.15 0.0012 0.02   0.22   5.5  5.3
3944.16 0.0010 0.03   0.19   4.9  4.7
3944.17 0.0009 0.04   0.18   4.6  4.3
3944.18 0.0008 0.03   0.14   3.2  3.0
3944.19 0.0008 0.03   0.13   1.9  1.7
3944.20 0.0008 0.04   0.13   1.7  1.4
3944.21 0.0008 0.04   0.12   2.3  2.0
3944.22 0.0008 0.05   0.13   2.4  2.1
3944.23 0.0007 0.06   0.13   1.4  1.0
3944.24 0.0007 0.06   0.12   1.0  0.6
3944.25 0.0007 0.06   0.11   1.1  0.7
3944.26 0.0007 0.07   0.10   1.1  0.7
3944.27 0.0007 0.06   0.11   1.3  0.9
3944.28 0.0007 0.06   0.10   1.3  0.9
3944.29 0.0006 0.06   0.09   1.5  1.1
3944.30 0.0006 0.06   0.07   1.5  1.2
3944.31 0.0006 0.07   0.06   1.6  1.2
3944.32 0.0006 0.08   0.05   1.6  1.1
3944.33 0.0007 0.06   0.05   1.7  1.3
3944.34 0.0007 0.05   0.06   1.6  1.3
3944.35 0.0006 0.05   0.07   1.6  1.3
3944.36 0.0006 0.05   0.07   1.6  1.3
3944.37 0.0006 0.06   0.05   1.6  1.2
3944.38 0.0006 0.07   0.05   1.7  1.3
3944.39 0.0006 0.06   0.06   1.7  1.3
3944.40 0.0006 0.06   0.04   1.7  1.3
3944.41 0.0006 0.06   0.03   1.9  1.6
3944.42 0.0006 0.05   0.03   1.9  1.6
3944.43 0.0006 0.06   0.03   2.0  1.6
3944.44 0.0006 0.06   0.03   2.1  1.8
3944.45 0.0006 0.06   0.03   2.1  1.8
3944.46 0.0006 0.06   0.03   2.2  1.8
3944.47 0.0006 0.05   0.02   2.2  1.9
3944.48 0.0007 0.04   0.01   2.3  2.1
3944.49 0.0006 0.04   0.02   2.3  2.0
3944.50 0.0006 0.04   0.02   2.3  2.1
3944.51 0.0006 0.04   0.02   2.3  2.0
3944.52 0.0006 0.04   0.02   2.4  2.1
3944.53 0.0006 0.05   0.02   2.4  2.1
3944.54 0.0006 0.05   0.02   2.4  2.0
3944.55 0.0006 0.05   0.02   2.4  2.1
3944.56 0.0006 0.04   0.02   2.4  2.1
3944.57 0.0006 0.03   0.03   2.4  2.1
3944.58 0.0006 0.03   0.02   2.4  2.2
3944.59 0.0006 0.03   0.02   2.4  2.2
3944.60 0.0006 0.03   0.01   2.4  2.2
3944.61 0.0007 0.04   0.01   2.4  2.2
3944.62 0.0006 0.05   0.02   2.5  2.2
3944.63 0.0006 0.05   0.03   2.4  2.1
3944.64 0.0006 0.05   0.03   2.4  2.1
3944.65 0.0006 0.05   0.03   2.5  2.1
3944.66 0.0006 0.05   0.03   2.5  2.2
3944.67 0.0006 0.05   0.01   2.7  2.4
