ELM     V003.000SPECTRL V003.000
M0
sng                           
2_Baydin                      
dolb.29                       
11-23-2009
3455.98 0.0011 0.00   0.00   2.2  2.2
3455.99 0.0011 0.00   0.00   2.2  2.2
3456.00 0.0011 0.00   0.00   2.2  2.1
3456.01 0.0011 0.03   0.00   2.2  1.6
3456.02 0.0009 0.11   0.00   2.3  0.0
3456.03 0.0007 0.14   0.00   2.3  0.0
3456.04 0.0004 0.17   0.00   2.5  0.0
3456.05 0.0002 0.23   0.00   2.6  0.0
3456.06 0.0001 0.26   0.01   2.8  0.0
3456.07 0.0001 0.24   0.01   2.9  0.0
3456.08 0.0001 0.22   0.02   3.0  0.2
3456.09 0.0000 0.23   0.06   3.0  0.3
3456.10 0.0000 0.31   0.11   3.1  0.0
3456.11 0.0000 0.39   0.16   3.3  0.0
3456.12 0.0000 0.43   0.20   3.3  0.0
3456.13 0.0000 0.45   0.31   3.4  0.0
3456.14 0.0000 0.45   0.42   3.6  0.0
3456.15 0.0000 0.44   0.43   3.8  0.4
3456.16 0.0000 0.45   0.46   3.9  0.6
3456.17 0.0000 0.50   0.48   4.0  0.5
3456.18 0.0000 0.60   0.47   4.1  0.3
3456.19 0.0000 0.63   0.45   4.3  0.5
3456.20 0.0000 0.62   0.45   4.4  0.8
3456.21 0.0000 0.57   0.56   4.7  1.5
3456.22 0.0000 0.52   0.65   4.7  2.0
3456.23 0.0000 0.46   0.66   4.8  2.4
3456.24 0.0000 0.48   0.66   4.8  2.4
3456.25 0.0000 0.50   0.64   4.8  2.3
3456.26 0.0000 0.48   0.62   4.8  2.4
3456.27 0.0000 0.47   0.55   4.9  2.5
3456.28 0.0000 0.54   0.47   4.9  2.1
3456.29 0.0000 0.59   0.43   4.8  1.8
3456.30 0.0000 0.73   0.33   4.8  1.1
3456.31 0.0000 0.88   0.32   4.6  0.1
3456.32 0.0000 0.90   0.34   4.6  0.0
3456.33 0.0000 0.92   0.36   4.5  0.0
3456.34 0.0000 0.97   0.39   4.5  0.0
3456.35 0.0000 0.95   0.41   4.5  0.0
3456.36 0.0000 0.97   0.28   4.6  0.0
3456.37 0.0000 0.95   0.22   4.6  0.0
3456.38 0.0000 0.98   0.23   4.5  0.0
3456.39 0.0000 1.01   0.20   4.5  0.0
3456.40 0.0000 0.95   0.14   4.5  0.0
3456.41 0.0000 0.92   0.11   4.5  0.0
3456.42 0.0000 0.87   0.09   4.5  0.0
3456.43 0.0000 0.86   0.05   4.5  0.0
3456.44 0.0000 0.95   0.03   4.5  0.0
3456.45 0.0000 1.11   0.02   4.4  0.0
3456.46 0.0000 1.13   0.01   4.4  0.0
3456.47 0.0000 1.09   0.00   4.3  0.0
3456.48 0.0000 1.11   0.00   4.3  0.0
3456.49 0.0000 1.17   0.00   4.4  0.0
3456.50 0.0000 1.17   0.00   4.4  0.0
3456.51 0.0000 1.07   0.00   4.4  0.0
3456.52 0.0000 1.09   0.00   4.4  0.0
3456.53 0.0000 1.18   0.00   4.4  0.0
3456.54 0.0000 1.21   0.00   4.5  0.0
3456.55 0.0000 1.27   0.00   4.6  0.0
3456.56 0.0000 1.35   0.00   4.6  0.0
3456.57 0.0000 1.36   0.06   4.7  0.0
3456.58 0.0000 1.33   0.12   4.6  0.0
3456.59 0.0000 1.29   0.18   4.7  0.0
3456.60 0.0000 1.14   0.30   4.7  0.0
3456.61 0.0000 0.99   0.42   4.8  0.0
3456.62 0.0000 0.92   0.55   4.8  0.0
3456.63 0.0000 0.88   0.66   4.8  0.0
3456.64 0.0000 0.84   0.76   4.8  0.0
3456.65 0.0000 0.82   0.76   4.8  0.2
3456.66 0.0000 0.80   0.75   4.8  0.2
3456.67 0.0000 0.80   0.77   4.7  0.2
3456.68 0.0000 0.78   0.78   4.7  0.3
3456.69 0.0000 0.77   0.74   4.8  0.5
3456.70 0.0000 0.72   0.67   5.0  0.9
3456.71 0.0000 0.60   0.66   5.0  1.6
3456.72 0.0000 0.55   0.61   5.0  2.0
3456.73 0.0000 0.53   0.58   5.0  2.1
3456.74 0.0000 0.50   0.56   5.0  2.3
3456.75 0.0000 0.33   0.62   5.0  3.2
3456.76 0.0000 0.25   0.63   5.0  3.7
3456.77 0.0000 0.14   0.65   5.1  4.3
3456.78 0.0000 0.08   0.67   5.1  4.7
3456.79 0.0000 0.04   0.74   5.2  5.0
3456.80 0.0000 0.03   0.80   5.2  5.0
3456.81 0.0000 0.02   0.94   5.1  5.0
3456.82 0.0000 0.01   0.96   5.1  5.0
3456.83 0.0000 0.04   0.90   5.0  4.8
3456.84 0.0000 0.06   0.84   4.9  4.6
3456.85 0.0000 0.09   0.74   4.8  4.3
3456.86 0.0000 0.06   0.77   4.8  4.4
3456.87 0.0000 0.05   0.78   4.7  4.5
3456.88 0.0000 0.05   0.70   4.7  4.5
3456.89 0.0000 0.06   0.65   4.8  4.4
3456.90 0.0000 0.09   0.58   4.7  4.3
3456.91 0.0000 0.12   0.58   4.7  4.1
3456.92 0.0000 0.18   0.51   4.7  3.8
3456.93 0.0000 0.19   0.46   4.7  3.7
3456.94 0.0000 0.27   0.31   4.8  3.4
3456.95 0.0000 0.28   0.25   4.8  3.4
3456.96 0.0000 0.22   0.27   4.7  3.6
3456.97 0.0000 0.23   0.30   4.7  3.5
3456.98 0.0000 0.18   0.35   4.5  3.6
3456.99 0.0000 0.24   0.46   4.4  3.1
3457.00 0.0000 0.29   0.57   4.3  2.8
3457.01 0.0000 0.31   0.60   4.3  2.6
3457.02 0.0000 0.39   0.64   4.2  2.1
3457.03 0.0000 0.48   0.74   4.2  1.5
3457.04 0.0000 0.53   0.78   4.2  1.2
3457.05 0.0000 0.56   0.79   4.1  1.0
3457.06 0.0000 0.55   0.75   4.1  1.0
3457.07 0.0000 0.59   0.68   4.1  0.8
3457.08 0.0000 0.60   0.65   4.1  0.7
3457.09 0.0000 0.60   0.64   4.1  0.7
3457.10 0.0000 0.57   0.58   4.1  0.9
3457.11 0.0000 0.54   0.47   4.2  1.1
3457.12 0.0000 0.47   0.39   4.2  1.6
3457.13 0.0000 0.39   0.41   4.3  2.1
3457.14 0.0000 0.37   0.41   4.3  2.2
3457.15 0.0001 0.33   0.41   4.2  2.4
3457.16 0.0001 0.31   0.44   4.4  2.7
3457.17 0.0000 0.25   0.46   4.4  3.0
3457.18 0.0000 0.18   0.46   4.4  3.4
3457.19 0.0000 0.16   0.48   4.4  3.5
3457.20 0.0000 0.15   0.52   4.2  3.4
3457.21 0.0002 0.15   0.44   4.3  3.5
3457.22 0.0001 0.16   0.36   4.3  3.5
3457.23 0.0001 0.12   0.38   4.3  3.7
3457.24 0.0001 0.07   0.39   4.3  4.0
3457.25 0.0000 0.04   0.36   4.4  4.1
3457.26 0.0001 0.02   0.24   4.3  4.2
3457.27 0.0001 0.04   0.19   4.4  4.1
3457.28 0.0001 0.02   0.15   4.5  4.4
3457.29 0.0000 0.01   0.08   4.6  4.5
3457.30 0.0000 0.01   0.11   4.6  4.6
3457.31 0.0000 0.01   0.12   4.6  4.6
3457.32 0.0000 0.00   0.12   4.7  4.6
3457.33 0.0000 0.00   0.13   4.6  4.6
3457.34 0.0000 0.00   0.14   4.5  4.5
3457.35 0.0000 0.02   0.15   4.5  4.4
3457.36 0.0000 0.03   0.16   4.6  4.4
3457.37 0.0000 0.04   0.20   4.7  4.5
3457.38 0.0000 0.02   0.31   4.8  4.6
3457.39 0.0000 0.01   0.39   4.8  4.7
3457.40 0.0000 0.01   0.42   4.7  4.7
3457.41 0.0000 0.00   0.46   4.8  4.7
3457.42 0.0000 0.00   0.48   4.7  4.7
3457.43 0.0000 0.00   0.47   4.7  4.7
3457.44 0.0000 0.00   0.43   4.7  4.7
3457.45 0.0000 0.02   0.32   4.7  4.6
3457.46 0.0000 0.01   0.18   4.7  4.7
3457.47 0.0000 0.07   0.10   4.7  4.3
3457.48 0.0000 0.11   0.08   4.7  4.1
3457.49 0.0000 0.22   0.04   4.7  3.5
3457.50 0.0000 0.29   0.02   4.7  3.1
3457.51 0.0000 0.35   0.01   4.8  2.8
3457.52 0.0000 0.37   0.01   4.8  2.6
3457.53 0.0000 0.37   0.01   4.7  2.6
3457.54 0.0000 0.35   0.00   4.8  2.8
3457.55 0.0000 0.43   0.00   4.8  2.4
3457.56 0.0000 0.50   0.00   4.8  1.9
3457.57 0.0000 0.53   0.00   4.8  1.7
3457.58 0.0000 0.57   0.00   4.9  1.6
3457.59 0.0000 0.58   0.00   4.9  1.6
3457.60 0.0000 0.64   0.00   4.9  1.3
3457.61 0.0000 0.69   0.00   5.0  1.0
3457.62 0.0000 0.80   0.00   5.0  0.5
3457.63 0.0000 0.83   0.00   5.1  0.5
3457.64 0.0000 0.73   0.00   5.4  1.3
3457.65 0.0000 0.59   0.00   5.4  2.1
3457.66 0.0000 0.54   0.00   5.4  2.4
3457.67 0.0000 0.52   0.00   5.3  2.5
3457.68 0.0000 0.58   0.00   5.3  2.1
3457.69 0.0000 0.64   0.00   5.2  1.8
3457.70 0.0000 0.66   0.00   5.3  1.7
3457.71 0.0000 0.65   0.00   5.2  1.7
3457.72 0.0000 0.69   0.00   5.2  1.5
3457.73 0.0000 0.73   0.00   5.3  1.4
3457.74 0.0000 0.70   0.00   5.3  1.5
3457.75 0.0000 0.61   0.00   5.3  2.0
3457.76 0.0000 0.48   0.00   5.3  2.7
3457.77 0.0000 0.41   0.00   5.2  3.0
3457.78 0.0000 0.35   0.00   5.2  3.3
3457.79 0.0000 0.24   0.00   5.2  3.9
3457.80 0.0000 0.14   0.00   5.2  4.5
3457.81 0.0000 0.10   0.00   5.2  4.7
3457.82 0.0000 0.06   0.00   5.2  4.9
3457.83 0.0000 0.04   0.00   5.2  5.0
3457.84 0.0000 0.02   0.00   5.3  5.1
3457.85 0.0000 0.01   0.00   5.2  5.1
3457.86 0.0000 0.01   0.00   5.1  5.1
3457.87 0.0000 0.01   0.00   5.1  5.1
3457.88 0.0000 0.00   0.00   5.0  5.0
3457.89 0.0000 0.00   0.00   4.9  4.9
3457.90 0.0000 0.00   0.00   4.8  4.8
3457.91 0.0000 0.00   0.00   4.7  4.7
3457.92 0.0000 0.00   0.00   4.7  4.7
3457.93 0.0000 0.00   0.00   4.6  4.6
3457.94 0.0000 0.00   0.00   4.6  4.6
3457.95 0.0000 0.00   0.00   4.5  4.5
3457.96 0.0000 0.00   0.00   4.4  4.4
3457.97 0.0000 0.00   0.00   4.4  4.4
3457.98 0.0000 0.00   0.00   4.3  4.3
3457.99 0.0000 0.00   0.00   4.3  4.3
3458.00 0.0000 0.00   0.00   4.3  4.3
3458.01 0.0000 0.00   0.00   4.3  4.3
3458.02 0.0000 0.00   0.01   4.3  4.3
3458.03 0.0000 0.00   0.01   4.4  4.4
3458.04 0.0000 0.00   0.01   4.3  4.3
3458.05 0.0000 0.00   0.01   4.4  4.4
3458.06 0.0000 0.00   0.01   4.4  4.4
3458.07 0.0000 0.00   0.01   4.5  4.5
3458.08 0.0000 0.00   0.00   4.6  4.6
3458.09 0.0000 0.00   0.00   4.6  4.6
3458.10 0.0000 0.00   0.00   4.6  4.6
3458.11 0.0000 0.00   0.00   4.6  4.6
3458.12 0.0000 0.00   0.00   4.7  4.7
3458.13 0.0000 0.01   0.00   4.7  4.6
3458.14 0.0000 0.06   0.00   4.7  4.2
3458.15 0.0000 0.13   0.01   4.7  3.7
3458.16 0.0000 0.12   0.08   4.7  3.8
3458.17 0.0000 0.10   0.09   4.7  4.0
3458.18 0.0000 0.08   0.10   4.8  4.3
3458.19 0.0000 0.04   0.21   5.0  4.7
3458.20 0.0000 0.02   0.29   5.0  4.8
3458.21 0.0000 0.02   0.29   5.0  4.9
3458.22 0.0000 0.01   0.38   5.0  4.9
3458.23 0.0000 0.01   0.47   5.0  4.9
3458.24 0.0000 0.03   0.46   5.1  4.9
3458.25 0.0000 0.03   0.44   5.2  5.0
3458.26 0.0000 0.02   0.41   5.2  5.1
3458.27 0.0000 0.01   0.29   5.2  5.2
3458.28 0.0000 0.09   0.17   5.3  4.8
3458.29 0.0000 0.14   0.10   5.3  4.5
3458.30 0.0000 0.16   0.07   5.4  4.4
3458.31 0.0000 0.20   0.04   5.4  4.3
3458.32 0.0000 0.21   0.02   5.4  4.2
3458.33 0.0000 0.19   0.01   5.4  4.2
3458.34 0.0000 0.18   0.01   5.3  4.3
3458.35 0.0000 0.14   0.01   5.4  4.5
3458.36 0.0000 0.10   0.00   5.4  4.8
3458.37 0.0000 0.06   0.00   5.4  5.0
3458.38 0.0000 0.04   0.00   5.4  5.1
3458.39 0.0000 0.02   0.00   5.4  5.3
3458.40 0.0000 0.01   0.00   5.4  5.3
3458.41 0.0000 0.01   0.00   5.4  5.4
3458.42 0.0000 0.01   0.00   5.4  5.4
3458.43 0.0000 0.00   0.00   5.4  5.4
3458.44 0.0000 0.00   0.00   5.4  5.4
3458.45 0.0000 0.00   0.00   5.3  5.3
3458.46 0.0000 0.00   0.00   5.3  5.3
3458.47 0.0000 0.00   0.00   5.3  5.3
3458.48 0.0000 0.00   0.00   5.3  5.3
3458.49 0.0000 0.01   0.00   5.2  5.1
3458.50 0.0000 0.10   0.00   5.1  4.6
3458.51 0.0000 0.11   0.00   5.2  4.6
3458.52 0.0000 0.09   0.00   5.2  4.7
3458.53 0.0000 0.05   0.00   5.3  5.0
3458.54 0.0000 0.03   0.00   5.2  5.1
3458.55 0.0000 0.02   0.00   5.2  5.0
3458.56 0.0000 0.01   0.00   5.1  5.0
3458.57 0.0000 0.01   0.00   5.0  4.9
3458.58 0.0000 0.00   0.00   4.9  4.9
3458.59 0.0000 0.00   0.00   4.9  4.9
3458.60 0.0000 0.00   0.00   4.9  4.9
3458.61 0.0000 0.00   0.00   4.7  4.7
3458.62 0.0000 0.00   0.00   4.6  4.6
3458.63 0.0000 0.00   0.00   4.7  4.7
3458.64 0.0000 0.00   0.00   4.7  4.6
3458.65 0.0000 0.00   0.00   4.8  4.7
3458.66 0.0000 0.00   0.00   4.8  4.7
3458.67 0.0000 0.01   0.00   4.7  4.6
3458.68 0.0000 0.00   0.00   4.6  4.6
3458.69 0.0000 0.00   0.00   4.7  4.7
3458.70 0.0000 0.00   0.00   4.7  4.7
3458.71 0.0000 0.01   0.00   4.8  4.7
3458.72 0.0000 0.03   0.00   4.7  4.6
3458.73 0.0000 0.02   0.00   4.8  4.6
3458.74 0.0000 0.01   0.00   4.8  4.7
3458.75 0.0000 0.01   0.00   4.9  4.9
3458.76 0.0000 0.03   0.00   5.0  4.8
3458.77 0.0000 0.03   0.00   5.0  4.9
3458.78 0.0000 0.02   0.00   5.0  4.9
3458.79 0.0000 0.03   0.00   5.0  4.8
3458.80 0.0000 0.06   0.00   5.0  4.7
3458.81 0.0000 0.05   0.00   5.0  4.7
3458.82 0.0000 0.05   0.00   4.9  4.6
3458.83 0.0000 0.14   0.00   4.9  4.1
3458.84 0.0000 0.22   0.00   5.0  3.7
3458.85 0.0000 0.25   0.00   5.0  3.4
3458.86 0.0000 0.33   0.00   5.0  2.9
3458.87 0.0000 0.36   0.00   5.0  2.8
3458.88 0.0000 0.39   0.00   5.0  2.7
3458.89 0.0000 0.47   0.00   5.0  2.2
3458.90 0.0000 0.63   0.00   5.1  1.2
3458.91 0.0000 0.74   0.00   5.1  0.5
3458.92 0.0000 0.79   0.00   5.1  0.3
3458.93 0.0000 0.72   0.00   5.2  0.7
3458.94 0.0000 0.68   0.00   5.2  1.0
3458.95 0.0000 0.62   0.00   5.2  1.3
3458.96 0.0000 0.60   0.00   5.1  1.4
3458.97 0.0000 0.59   0.00   5.0  1.3
3458.98 0.0000 0.57   0.00   5.0  1.4
3458.99 0.0000 0.61   0.00   4.9  1.1
3459.00 0.0000 0.75   0.00   4.8  0.1
3459.01 0.0000 0.76   0.00   4.7  0.0
3459.02 0.0000 0.74   0.01   4.7  0.0
3459.03 0.0000 0.72   0.00   4.7  0.0
3459.04 0.0000 0.79   0.01   4.7  0.0
3459.05 0.0000 0.83   0.02   4.6  0.0
3459.06 0.0000 0.81   0.05   4.6  0.0
3459.07 0.0000 0.78   0.07   4.6  0.0
3459.08 0.0000 0.85   0.12   4.5  0.0
3459.09 0.0000 0.90   0.17   4.5  0.0
3459.10 0.0000 0.89   0.30   4.4  0.0
3459.11 0.0000 0.88   0.37   4.4  0.0
3459.12 0.0000 0.85   0.47   4.4  0.0
3459.13 0.0000 0.78   0.50   4.3  0.0
3459.14 0.0000 0.71   0.46   4.3  0.0
3459.15 0.0000 0.68   0.46   4.3  0.0
3459.16 0.0000 0.65   0.38   4.5  0.3
3459.17 0.0000 0.68   0.28   4.5  0.2
3459.18 0.0000 0.66   0.21   4.6  0.5
3459.19 0.0000 0.60   0.24   4.7  0.9
3459.20 0.0000 0.49   0.29   4.7  1.7
3459.21 0.0000 0.45   0.32   4.6  2.0
3459.22 0.0000 0.47   0.30   4.7  1.9
3459.23 0.0000 0.57   0.23   4.7  1.4
3459.24 0.0000 0.60   0.21   4.8  1.3
3459.25 0.0000 0.60   0.22   4.9  1.4
3459.26 0.0000 0.72   0.22   4.9  0.7
3459.27 0.0000 0.76   0.25   4.9  0.6
3459.28 0.0000 0.77   0.24   4.9  0.6
3459.29 0.0000 0.77   0.21   5.0  0.6
3459.30 0.0000 0.69   0.25   5.0  1.1
3459.31 0.0000 0.56   0.29   5.1  1.9
3459.32 0.0000 0.51   0.28   5.1  2.2
3459.33 0.0000 0.45   0.22   5.1  2.6
3459.34 0.0000 0.36   0.27   5.1  3.1
3459.35 0.0000 0.24   0.35   5.1  3.8
3459.36 0.0000 0.18   0.42   5.1  4.1
3459.37 0.0000 0.14   0.50   5.1  4.3
3459.38 0.0000 0.08   0.53   5.1  4.7
3459.39 0.0000 0.04   0.59   5.3  5.1
3459.40 0.0000 0.02   0.61   5.5  5.4
3459.41 0.0000 0.02   0.61   5.5  5.4
3459.42 0.0000 0.01   0.61   5.6  5.5
3459.43 0.0000 0.01   0.61   5.6  5.6
3459.44 0.0000 0.00   0.67   5.5  5.5
3459.45 0.0000 0.00   0.71   5.5  5.5
3459.46 0.0000 0.00   0.80   5.5  5.5
3459.47 0.0000 0.00   0.79   5.4  5.4
3459.48 0.0000 0.00   0.76   5.3  5.3
3459.49 0.0000 0.01   0.72   5.3  5.3
3459.50 0.0000 0.00   0.70   5.2  5.2
3459.51 0.0000 0.00   0.72   5.2  5.2
3459.52 0.0000 0.00   0.75   5.2  5.2
3459.53 0.0000 0.00   0.76   5.2  5.2
3459.54 0.0000 0.00   0.76   5.2  5.2
3459.55 0.0000 0.00   0.74   5.0  5.0
3459.56 0.0000 0.00   0.74   5.1  5.1
3459.57 0.0000 0.00   0.87   5.0  5.0
3459.58 0.0000 0.00   0.94   4.9  4.9
3459.59 0.0000 0.00   1.07   4.9  4.9
3459.60 0.0000 0.00   1.14   4.8  4.8
3459.61 0.0000 0.02   1.19   4.7  4.6
3459.62 0.0000 0.06   1.20   4.7  4.4
3459.63 0.0000 0.19   1.12   4.8  3.7
3459.64 0.0000 0.29   1.05   4.8  3.2
3459.65 0.0000 0.36   0.90   4.8  2.9
3459.66 0.0000 0.37   0.85   4.8  2.7
3459.67 0.0000 0.41   0.81   4.7  2.4
3459.68 0.0000 0.55   0.79   4.6  1.6
3459.69 0.0000 0.64   0.71   4.5  1.0
3459.70 0.0000 0.64   0.66   4.4  0.9
3459.71 0.0000 0.66   0.61   4.4  0.8
3459.72 0.0000 0.72   0.56   4.5  0.6
3459.73 0.0000 0.65   0.59   4.6  1.1
3459.74 0.0000 0.52   0.60   4.5  1.7
3459.75 0.0000 0.42   0.62   4.6  2.3
3459.76 0.0000 0.32   0.54   4.6  2.9
3459.77 0.0000 0.27   0.55   4.6  3.2
3459.78 0.0000 0.25   0.60   4.7  3.3
3459.79 0.0000 0.23   0.64   4.7  3.4
3459.80 0.0000 0.16   0.71   4.7  3.9
3459.81 0.0000 0.11   0.71   4.8  4.2
3459.82 0.0000 0.11   0.73   4.8  4.3
3459.83 0.0000 0.14   0.72   4.8  4.1
3459.84 0.0000 0.17   0.66   4.9  4.0
3459.85 0.0000 0.28   0.66   4.9  3.5
3459.86 0.0000 0.37   0.73   4.9  3.0
3459.87 0.0000 0.41   0.76   5.0  2.9
3459.88 0.0000 0.39   0.74   5.0  3.1
3459.89 0.0000 0.31   0.66   5.1  3.5
3459.90 0.0000 0.25   0.55   5.2  3.9
3459.91 0.0000 0.22   0.47   5.2  4.1
3459.92 0.0000 0.18   0.44   5.2  4.3
3459.93 0.0000 0.10   0.43   5.2  4.7
3459.94 0.0000 0.07   0.45   5.2  4.9
3459.95 0.0000 0.06   0.48   5.2  4.9
3459.96 0.0000 0.09   0.47   5.2  4.7
3459.97 0.0000 0.11   0.46   5.2  4.6
3459.98 0.0000 0.08   0.41   5.3  4.9
3459.99 0.0000 0.07   0.36   5.3  5.0
3460.00 0.0000 0.07   0.35   5.3  5.0
3460.01 0.0000 0.08   0.38   5.4  4.9
3460.02 0.0000 0.16   0.43   5.4  4.6
3460.03 0.0000 0.22   0.42   5.3  4.2
3460.04 0.0000 0.28   0.28   5.4  3.9
3460.05 0.0000 0.33   0.21   5.3  3.6
3460.06 0.0000 0.44   0.13   5.4  3.1
3460.07 0.0000 0.51   0.10   5.3  2.6
3460.08 0.0000 0.56   0.06   5.4  2.4
3460.09 0.0000 0.54   0.04   5.4  2.6
3460.10 0.0000 0.48   0.02   5.4  2.8
3460.11 0.0000 0.48   0.01   5.4  2.9
3460.12 0.0000 0.57   0.01   5.4  2.4
3460.13 0.0000 0.58   0.01   5.3  2.2
3460.14 0.0000 0.52   0.00   5.3  2.5
3460.15 0.0000 0.46   0.00   5.3  2.7
3460.16 0.0000 0.38   0.00   5.2  3.1
3460.17 0.0000 0.41   0.00   5.2  2.9
3460.18 0.0000 0.46   0.00   5.2  2.6
3460.19 0.0000 0.60   0.00   5.1  1.6
3460.20 0.0000 0.69   0.00   5.1  1.1
3460.21 0.0000 0.77   0.00   5.0  0.5
3460.22 0.0000 0.79   0.00   5.0  0.3
3460.23 0.0000 0.86   0.00   5.1  0.0
3460.24 0.0000 0.93   0.00   5.0  0.0
3460.25 0.0000 0.89   0.00   4.9  0.0
3460.26 0.0000 0.87   0.00   4.8  0.0
3460.27 0.0000 0.81   0.00   4.8  0.0
3460.28 0.0000 0.79   0.00   4.8  0.0
3460.29 0.0000 0.71   0.00   4.8  0.2
3460.30 0.0000 0.66   0.00   4.8  0.5
3460.31 0.0000 0.56   0.00   4.7  1.1
3460.32 0.0000 0.44   0.00   4.6  1.7
3460.33 0.0000 0.36   0.00   4.5  2.1
3460.34 0.0000 0.26   0.00   4.5  2.8
3460.35 0.0000 0.22   0.00   4.5  3.0
3460.36 0.0000 0.18   0.00   4.5  3.3
3460.37 0.0000 0.11   0.00   4.5  3.7
3460.38 0.0000 0.06   0.00   4.4  4.0
3460.39 0.0000 0.05   0.00   4.4  4.0
3460.40 0.0000 0.08   0.00   4.3  3.8
3460.41 0.0000 0.10   0.00   4.2  3.5
3460.42 0.0000 0.07   0.00   4.1  3.6
3460.43 0.0000 0.05   0.00   4.1  3.7
3460.44 0.0000 0.06   0.00   4.1  3.7
3460.45 0.0000 0.10   0.00   4.1  3.3
3460.46 0.0000 0.20   0.00   4.1  2.6
3460.47 0.0000 0.29   0.00   4.0  1.8
3460.48 0.0000 0.34   0.00   4.0  1.3
3460.49 0.0000 0.34   0.00   4.0  1.3
3460.50 0.0000 0.29   0.00   4.0  1.7
3460.51 0.0000 0.27   0.00   4.0  1.9
3460.52 0.0000 0.22   0.00   4.0  2.3
3460.53 0.0000 0.13   0.01   4.0  3.1
3460.54 0.0000 0.08   0.02   4.0  3.4
3460.55 0.0000 0.04   0.06   4.2  3.8
3460.56 0.0000 0.03   0.10   4.2  4.0
3460.57 0.0000 0.02   0.14   4.3  4.1
3460.58 0.0000 0.03   0.10   4.3  4.1
3460.59 0.0000 0.03   0.12   4.2  4.0
3460.60 0.0000 0.09   0.11   4.2  3.6
3460.61 0.0000 0.22   0.08   4.2  2.7
3460.62 0.0000 0.33   0.05   4.3  2.0
3460.63 0.0000 0.42   0.03   4.4  1.6
3460.64 0.0000 0.50   0.02   4.5  1.1
3460.65 0.0000 0.54   0.02   4.4  0.8
3460.66 0.0000 0.65   0.03   4.4  0.2
3460.67 0.0000 0.78   0.03   4.5  0.0
3460.68 0.0000 0.85   0.09   4.5  0.0
3460.69 0.0000 0.88   0.10   4.5  0.0
3460.70 0.0000 0.88   0.12   4.6  0.0
3460.71 0.0000 0.95   0.12   4.6  0.0
3460.72 0.0000 1.02   0.18   4.6  0.0
3460.73 0.0000 1.02   0.21   4.6  0.0
3460.74 0.0000 1.03   0.28   4.7  0.0
3460.75 0.0000 1.06   0.35   4.6  0.0
3460.76 0.0000 1.08   0.40   4.6  0.0
3460.77 0.0000 1.04   0.39   4.6  0.0
3460.78 0.0000 0.97   0.40   4.7  0.0
3460.79 0.0000 0.94   0.45   4.7  0.0
3460.80 0.0000 1.03   0.46   4.7  0.0
3460.81 0.0000 1.10   0.37   4.7  0.0
3460.82 0.0000 1.13   0.31   4.7  0.0
3460.83 0.0000 1.25   0.19   4.6  0.0
3460.84 0.0000 1.31   0.10   4.7  0.0
3460.85 0.0000 1.35   0.05   4.7  0.0
3460.86 0.0000 1.33   0.04   4.6  0.0
3460.87 0.0000 1.29   0.02   4.6  0.0
3460.88 0.0000 1.32   0.01   4.5  0.0
3460.89 0.0000 1.31   0.00   4.6  0.0
3460.90 0.0000 1.33   0.00   4.6  0.0
3460.91 0.0000 1.38   0.00   4.6  0.0
3460.92 0.0000 1.44   0.00   4.6  0.0
3460.93 0.0000 1.45   0.00   4.6  0.0
3460.94 0.0000 1.43   0.00   4.5  0.0
3460.95 0.0000 1.40   0.00   4.4  0.0
3460.96 0.0000 1.34   0.00   4.4  0.0
3460.97 0.0000 1.34   0.00   4.4  0.0
3460.98 0.0000 1.23   0.00   4.4  0.0
3460.99 0.0000 1.20   0.00   4.4  0.0
3461.00 0.0000 1.16   0.00   4.4  0.0
3461.01 0.0000 1.15   0.00   4.4  0.0
3461.02 0.0000 1.12   0.00   4.4  0.0
3461.03 0.0000 1.12   0.00   4.4  0.0
3461.04 0.0000 1.06   0.00   4.5  0.0
3461.05 0.0000 1.01   0.00   4.5  0.0
3461.06 0.0000 0.93   0.00   4.6  0.0
3461.07 0.0000 0.92   0.00   4.7  0.0
3461.08 0.0000 0.96   0.00   4.6  0.0
3461.09 0.0000 0.97   0.00   4.6  0.0
3461.10 0.0000 0.96   0.00   4.6  0.0
3461.11 0.0000 0.85   0.00   4.6  0.0
3461.12 0.0000 0.83   0.00   4.6  0.0
3461.13 0.0000 0.89   0.00   4.5  0.0
3461.14 0.0000 0.93   0.00   4.6  0.0
3461.15 0.0000 0.98   0.00   4.5  0.0
3461.16 0.0000 0.94   0.01   4.6  0.0
3461.17 0.0000 0.83   0.03   4.6  0.0
3461.18 0.0000 0.76   0.02   4.6  0.4
3461.19 0.0000 0.73   0.01   4.7  0.6
3461.20 0.0000 0.72   0.01   4.6  0.6
3461.21 0.0000 0.70   0.02   4.6  0.7
3461.22 0.0000 0.76   0.05   4.6  0.4
3461.23 0.0000 0.79   0.12   4.7  0.2
3461.24 0.0000 0.79   0.15   4.6  0.2
3461.25 0.0000 0.79   0.21   4.7  0.1
3461.26 0.0000 0.82   0.24   4.6  0.0
3461.27 0.0000 0.79   0.28   4.5  0.0
3461.28 0.0000 0.79   0.31   4.6  0.0
3461.29 0.0000 0.77   0.34   4.5  0.0
3461.30 0.0000 0.71   0.41   4.5  0.3
3461.31 0.0000 0.67   0.41   4.6  0.5
3461.32 0.0000 0.67   0.36   4.6  0.5
3461.33 0.0000 0.68   0.29   4.6  0.4
3461.34 0.0000 0.66   0.17   4.6  0.5
3461.35 0.0000 0.66   0.11   4.6  0.5
3461.36 0.0000 0.66   0.09   4.6  0.6
3461.37 0.0000 0.64   0.09   4.7  0.7
3461.38 0.0000 0.65   0.13   4.7  0.7
3461.39 0.0000 0.65   0.11   4.7  0.7
3461.40 0.0000 0.61   0.08   4.7  1.0
3461.41 0.0000 0.55   0.05   4.8  1.4
3461.42 0.0000 0.54   0.03   4.8  1.5
3461.43 0.0000 0.49   0.02   4.9  1.9
3461.44 0.0000 0.38   0.02   4.9  2.7
3461.45 0.0000 0.21   0.12   4.9  3.7
3461.46 0.0000 0.17   0.14   4.9  4.0
3461.47 0.0000 0.17   0.15   4.9  3.9
3461.48 0.0000 0.22   0.13   4.9  3.6
3461.49 0.0000 0.23   0.14   4.9  3.6
3461.50 0.0000 0.18   0.17   5.0  3.9
3461.51 0.0000 0.12   0.24   4.9  4.2
3461.52 0.0000 0.17   0.23   4.9  3.9
3461.53 0.0000 0.10   0.25   5.0  4.4
3461.54 0.0000 0.09   0.24   5.0  4.5
3461.55 0.0000 0.10   0.21   5.1  4.5
3461.56 0.0000 0.10   0.20   5.1  4.5
3461.57 0.0000 0.11   0.15   5.2  4.6
3461.58 0.0000 0.17   0.15   5.1  4.2
3461.59 0.0000 0.24   0.12   5.2  3.9
3461.60 0.0000 0.28   0.07   5.3  3.8
3461.61 0.0000 0.28   0.07   5.2  3.7
3461.62 0.0000 0.18   0.05   5.3  4.4
