ELM     V003.000SPECTRL V003.000
M0
sng                           
2_Baydin                      
dolb.20                       
12-02-2009
3344.00 0.0000 0.00   0.17   2.7  2.7
3344.01 0.0000 0.00   0.18   2.8  2.8
3344.02 0.0000 0.01   0.18   2.8  2.6
3344.03 0.0000 0.06   0.17   3.0  1.7
3344.04 0.0000 0.12   0.16   3.1  0.7
3344.05 0.0000 0.09   0.16   3.3  1.6
3344.06 0.0000 0.05   0.12   3.4  2.5
3344.07 0.0000 0.03   0.09   3.4  2.9
3344.08 0.0000 0.05   0.05   3.6  2.8
3344.09 0.0000 0.03   0.03   3.7  3.3
3344.10 0.0000 0.03   0.02   3.8  3.5
3344.11 0.0000 0.01   0.01   4.0  3.8
3344.12 0.0000 0.01   0.01   4.1  4.0
3344.13 0.0000 0.00   0.00   4.2  4.2
3344.14 0.0000 0.00   0.00   4.3  4.3
3344.15 0.0000 0.00   0.03   4.4  4.4
3344.16 0.0000 0.00   0.08   4.5  4.5
3344.17 0.0000 0.00   0.12   4.6  4.6
3344.18 0.0000 0.00   0.14   4.7  4.7
3344.19 0.0000 0.00   0.16   4.9  4.9
3344.20 0.0000 0.00   0.11   5.1  5.1
3344.21 0.0000 0.00   0.06   5.3  5.3
3344.22 0.0000 0.05   0.04   5.3  5.0
3344.23 0.0000 0.05   0.03   5.4  5.1
3344.24 0.0000 0.04   0.03   5.5  5.3
3344.25 0.0000 0.03   0.02   5.7  5.5
3344.26 0.0000 0.01   0.01   5.8  5.7
3344.27 0.0000 0.01   0.01   5.9  5.8
3344.28 0.0000 0.01   0.01   6.0  6.0
3344.29 0.0000 0.00   0.01   6.1  6.1
3344.30 0.0000 0.00   0.00   6.1  6.1
3344.31 0.0000 0.00   0.00   6.0  6.0
3344.32 0.0000 0.00   0.00   6.0  6.0
3344.33 0.0000 0.00   0.00   6.1  6.0
3344.34 0.0000 0.00   0.00   6.0  6.0
3344.35 0.0000 0.00   0.00   6.1  6.1
3344.36 0.0000 0.00   0.00   6.0  6.0
3344.37 0.0000 0.00   0.07   6.1  6.1
3344.38 0.0000 0.00   0.25   6.1  6.1
3344.39 0.0000 0.00   0.43   6.0  6.0
3344.40 0.0000 0.00   0.49   6.0  6.0
3344.41 0.0000 0.00   0.64   6.1  6.1
3344.42 0.0000 0.00   0.79   6.1  6.1
3344.43 0.0000 0.00   0.92   6.1  6.1
3344.44 0.0000 0.00   0.92   6.1  6.1
3344.45 0.0000 0.00   0.85   6.1  6.1
3344.46 0.0000 0.00   0.84   6.2  6.2
3344.47 0.0000 0.00   0.86   6.2  6.2
3344.48 0.0000 0.00   0.84   6.2  6.2
3344.49 0.0000 0.00   0.84   6.2  6.2
3344.50 0.0000 0.00   0.75   6.2  6.2
3344.51 0.0000 0.00   0.69   6.2  6.2
3344.52 0.0000 0.00   0.64   6.3  6.3
3344.53 0.0000 0.00   0.61   6.3  6.3
3344.54 0.0000 0.00   0.65   6.2  6.2
3344.55 0.0000 0.00   0.68   6.3  6.3
3344.56 0.0000 0.00   0.68   6.4  6.4
3344.57 0.0000 0.00   0.64   6.3  6.3
3344.58 0.0000 0.00   0.51   6.4  6.4
3344.59 0.0000 0.00   0.43   6.4  6.4
3344.60 0.0000 0.00   0.36   6.4  6.4
3344.61 0.0000 0.00   0.37   6.4  6.4
3344.62 0.0000 0.00   0.38   6.4  6.4
3344.63 0.0000 0.02   0.34   6.4  6.3
3344.64 0.0000 0.01   0.34   6.4  6.3
3344.65 0.0000 0.05   0.29   6.3  6.1
3344.66 0.0000 0.06   0.27   6.3  6.0
3344.67 0.0000 0.07   0.18   6.2  5.8
3344.68 0.0000 0.12   0.10   6.1  5.5
3344.69 0.0000 0.07   0.06   6.2  5.8
3344.70 0.0000 0.06   0.04   6.2  5.9
3344.71 0.0000 0.06   0.02   6.1  5.8
3344.72 0.0000 0.08   0.01   6.0  5.5
3344.73 0.0000 0.07   0.01   5.9  5.5
3344.74 0.0000 0.06   0.01   5.9  5.6
3344.75 0.0000 0.05   0.00   5.9  5.6
3344.76 0.0000 0.05   0.00   5.8  5.5
3344.77 0.0000 0.03   0.00   5.8  5.6
3344.78 0.0000 0.02   0.00   5.8  5.7
3344.79 0.0000 0.01   0.00   5.7  5.7
3344.80 0.0000 0.01   0.00   5.7  5.6
3344.81 0.0000 0.00   0.00   5.7  5.7
3344.82 0.0000 0.00   0.00   5.7  5.7
3344.83 0.0000 0.00   0.00   5.7  5.7
3344.84 0.0000 0.00   0.00   5.6  5.6
3344.85 0.0000 0.00   0.00   5.7  5.7
3344.86 0.0000 0.00   0.00   5.7  5.7
3344.87 0.0000 0.00   0.00   5.7  5.7
3344.88 0.0000 0.00   0.00   5.6  5.6
3344.89 0.0000 0.00   0.00   5.7  5.7
3344.90 0.0000 0.00   0.00   5.5  5.5
3344.91 0.0000 0.00   0.00   5.5  5.5
3344.92 0.0000 0.00   0.00   5.5  5.5
3344.93 0.0000 0.00   0.00   5.6  5.6
3344.94 0.0000 0.00   0.00   5.6  5.6
3344.95 0.0000 0.00   0.00   5.6  5.6
3344.96 0.0000 0.00   0.00   5.6  5.6
3344.97 0.0000 0.00   0.00   5.7  5.7
3344.98 0.0000 0.00   0.00   5.7  5.7
3344.99 0.0000 0.00   0.00   5.7  5.7
3345.00 0.0000 0.00   0.00   5.7  5.7
3345.01 0.0000 0.00   0.00   5.8  5.8
3345.02 0.0000 0.00   0.09   5.9  5.9
3345.03 0.0000 0.00   0.18   5.9  5.9
3345.04 0.0000 0.00   0.26   5.8  5.8
3345.05 0.0000 0.00   0.25   5.8  5.8
3345.06 0.0000 0.00   0.28   5.8  5.8
3345.07 0.0000 0.00   0.37   5.8  5.8
3345.08 0.0000 0.00   0.40   5.8  5.8
3345.09 0.0000 0.00   0.40   5.8  5.8
3345.10 0.0000 0.00   0.43   5.8  5.8
3345.11 0.0000 0.00   0.42   5.7  5.7
3345.12 0.0000 0.00   0.43   5.7  5.7
3345.13 0.0000 0.00   0.41   5.7  5.7
3345.14 0.0000 0.00   0.41   5.7  5.7
3345.15 0.0000 0.00   0.36   5.8  5.8
3345.16 0.0000 0.00   0.28   5.8  5.8
3345.17 0.0000 0.01   0.30   5.8  5.7
3345.18 0.0000 0.00   0.34   5.7  5.7
3345.19 0.0000 0.00   0.45   5.6  5.6
3345.20 0.0000 0.00   0.56   5.7  5.7
3345.21 0.0000 0.00   0.63   5.7  5.7
3345.22 0.0000 0.00   0.64   5.7  5.7
3345.23 0.0000 0.01   0.68   5.6  5.5
3345.24 0.0000 0.01   0.67   5.6  5.5
3345.25 0.0000 0.00   0.58   5.6  5.6
3345.26 0.0000 0.01   0.55   5.6  5.5
3345.27 0.0000 0.07   0.60   5.6  5.2
3345.28 0.0000 0.09   0.70   5.5  5.1
3345.29 0.0000 0.05   0.73   5.5  5.3
3345.30 0.0000 0.04   0.77   5.5  5.3
3345.31 0.0000 0.02   0.85   5.5  5.4
3345.32 0.0000 0.01   0.91   5.5  5.5
3345.33 0.0000 0.01   0.86   5.6  5.5
3345.34 0.0000 0.00   0.84   5.5  5.5
3345.35 0.0000 0.00   0.85   5.5  5.5
3345.36 0.0000 0.00   0.85   5.6  5.6
3345.37 0.0000 0.00   0.82   5.7  5.7
3345.38 0.0000 0.00   0.76   5.8  5.8
3345.39 0.0000 0.00   0.74   5.8  5.8
3345.40 0.0000 0.00   0.73   5.9  5.9
3345.41 0.0000 0.01   0.71   5.9  5.8
3345.42 0.0000 0.04   0.70   5.9  5.7
3345.43 0.0000 0.04   0.70   5.9  5.7
3345.44 0.0000 0.07   0.73   5.8  5.5
3345.45 0.0000 0.05   0.72   5.8  5.6
3345.46 0.0000 0.03   0.76   5.8  5.7
3345.47 0.0000 0.02   0.81   5.8  5.7
3345.48 0.0000 0.01   0.80   5.8  5.7
3345.49 0.0000 0.01   0.77   5.9  5.8
3345.50 0.0000 0.00   0.64   5.9  5.8
3345.51 0.0000 0.00   0.46   5.8  5.8
3345.52 0.0000 0.00   0.41   5.8  5.8
3345.53 0.0000 0.00   0.41   5.8  5.8
3345.54 0.0000 0.00   0.42   5.8  5.8
3345.55 0.0000 0.00   0.43   5.8  5.8
3345.56 0.0000 0.00   0.44   5.8  5.8
3345.57 0.0000 0.01   0.43   5.8  5.8
3345.58 0.0000 0.03   0.37   5.8  5.7
3345.59 0.0000 0.06   0.35   5.8  5.5
3345.60 0.0000 0.10   0.38   5.8  5.2
3345.61 0.0000 0.16   0.40   5.8  4.9
3345.62 0.0000 0.18   0.40   5.7  4.8
3345.63 0.0000 0.18   0.37   5.7  4.7
3345.64 0.0000 0.16   0.33   5.7  4.8
3345.65 0.0000 0.18   0.29   5.6  4.6
3345.66 0.0000 0.18   0.20   5.5  4.5
3345.67 0.0000 0.21   0.15   5.4  4.3
3345.68 0.0000 0.19   0.13   5.3  4.2
3345.69 0.0000 0.18   0.11   5.3  4.3
3345.70 0.0000 0.10   0.09   5.3  4.7
3345.71 0.0000 0.06   0.10   5.3  5.0
3345.72 0.0000 0.03   0.12   5.4  5.2
3345.73 0.0000 0.02   0.15   5.3  5.2
3345.74 0.0000 0.01   0.12   5.3  5.2
3345.75 0.0000 0.01   0.07   5.2  5.1
3345.76 0.0000 0.02   0.04   5.1  5.0
3345.77 0.0000 0.13   0.02   5.1  4.2
3345.78 0.0000 0.19   0.02   5.0  3.8
3345.79 0.0000 0.28   0.01   5.0  3.0
3345.80 0.0000 0.32   0.01   4.9  2.7
3345.81 0.0000 0.36   0.00   4.8  2.3
3345.82 0.0000 0.36   0.00   4.8  2.2
3345.83 0.0000 0.36   0.00   4.8  2.2
3345.84 0.0000 0.33   0.00   4.8  2.3
3345.85 0.0000 0.31   0.00   4.7  2.5
3345.86 0.0000 0.33   0.00   4.7  2.3
3345.87 0.0000 0.31   0.00   4.7  2.5
3345.88 0.0000 0.25   0.00   4.7  2.9
3345.89 0.0000 0.23   0.00   4.7  3.1
3345.90 0.0000 0.26   0.00   4.7  2.9
3345.91 0.0000 0.27   0.00   4.7  2.8
3345.92 0.0000 0.22   0.00   4.7  3.2
3345.93 0.0000 0.13   0.00   4.8  3.9
3345.94 0.0000 0.10   0.00   4.8  4.1
3345.95 0.0000 0.12   0.00   4.9  4.0
3345.96 0.0000 0.09   0.01   4.9  4.3
3345.97 0.0000 0.09   0.02   5.1  4.5
3345.98 0.0000 0.06   0.02   5.1  4.7
3345.99 0.0000 0.05   0.02   5.1  4.8
3346.00 0.0000 0.08   0.03   5.0  4.5
3346.01 0.0000 0.09   0.02   5.1  4.5
3346.02 0.0000 0.05   0.01   5.0  4.7
3346.03 0.0000 0.03   0.01   5.0  4.8
3346.04 0.0000 0.02   0.00   5.0  4.8
3346.05 0.0000 0.01   0.00   5.1  5.0
3346.06 0.0000 0.01   0.00   5.2  5.1
3346.07 0.0000 0.00   0.03   5.2  5.2
3346.08 0.0000 0.00   0.09   5.2  5.2
3346.09 0.0000 0.00   0.16   5.2  5.2
3346.10 0.0000 0.00   0.15   5.4  5.4
3346.11 0.0000 0.00   0.10   5.4  5.4
3346.12 0.0000 0.00   0.08   5.5  5.5
3346.13 0.0000 0.00   0.04   5.7  5.7
3346.14 0.0000 0.00   0.02   5.7  5.7
3346.15 0.0000 0.00   0.01   5.7  5.7
3346.16 0.0000 0.00   0.01   5.7  5.7
3346.17 0.0000 0.00   0.01   5.7  5.7
3346.18 0.0000 0.00   0.00   5.8  5.8
3346.19 0.0000 0.00   0.00   5.9  5.9
3346.20 0.0000 0.00   0.00   6.0  6.0
3346.21 0.0000 0.00   0.00   5.9  5.9
3346.22 0.0000 0.00   0.00   6.0  6.0
3346.23 0.0000 0.00   0.00   6.1  6.1
3346.24 0.0000 0.00   0.00   6.1  6.1
3346.25 0.0000 0.00   0.00   6.1  6.1
3346.26 0.0000 0.00   0.00   6.1  6.1
3346.27 0.0000 0.00   0.00   6.1  6.1
3346.28 0.0000 0.00   0.00   6.0  6.0
3346.29 0.0000 0.00   0.00   6.0  6.0
3346.30 0.0000 0.00   0.00   6.0  6.0
3346.31 0.0000 0.00   0.00   6.1  6.1
3346.32 0.0000 0.00   0.00   6.0  6.0
3346.33 0.0000 0.00   0.00   6.0  6.0
3346.34 0.0000 0.00   0.00   6.0  6.0
3346.35 0.0000 0.00   0.00   6.2  6.2
3346.36 0.0000 0.00   0.00   6.2  6.2
3346.37 0.0000 0.00   0.00   6.1  6.1
3346.38 0.0000 0.00   0.00   6.1  6.1
3346.39 0.0000 0.00   0.00   6.1  6.1
3346.40 0.0000 0.00   0.00   6.1  6.1
3346.41 0.0000 0.02   0.00   6.1  6.0
3346.42 0.0000 0.03   0.00   6.0  5.9
3346.43 0.0000 0.05   0.00   5.9  5.7
3346.44 0.0000 0.05   0.00   5.9  5.7
3346.45 0.0000 0.07   0.00   5.9  5.5
3346.46 0.0000 0.13   0.00   5.9  5.3
3346.47 0.0000 0.17   0.00   5.9  5.1
3346.48 0.0000 0.19   0.00   5.8  4.9
3346.49 0.0000 0.16   0.00   5.7  5.0
3346.50 0.0000 0.13   0.00   5.7  5.1
3346.51 0.0000 0.15   0.00   5.6  4.9
3346.52 0.0000 0.17   0.00   5.6  4.8
3346.53 0.0000 0.20   0.00   5.5  4.6
3346.54 0.0000 0.26   0.00   5.4  4.2
3346.55 0.0000 0.30   0.00   5.4  3.9
3346.56 0.0000 0.40   0.00   5.3  3.3
3346.57 0.0000 0.46   0.00   5.3  3.0
3346.58 0.0000 0.46   0.00   5.2  2.9
3346.59 0.0000 0.48   0.00   5.2  2.7
3346.60 0.0000 0.48   0.00   5.2  2.7
3346.61 0.0000 0.47   0.00   5.2  2.8
3346.62 0.0000 0.41   0.00   5.2  3.1
3346.63 0.0000 0.34   0.00   5.2  3.5
3346.64 0.0000 0.28   0.00   5.3  3.8
3346.65 0.0000 0.21   0.00   5.2  4.1
3346.66 0.0000 0.16   0.00   5.1  4.3
3346.67 0.0000 0.09   0.00   5.1  4.7
3346.68 0.0000 0.07   0.00   5.2  4.8
3346.69 0.0000 0.04   0.00   5.2  5.0
3346.70 0.0000 0.02   0.00   5.2  5.1
3346.71 0.0000 0.01   0.00   5.3  5.2
3346.72 0.0000 0.01   0.00   5.3  5.3
3346.73 0.0000 0.01   0.00   5.4  5.3
3346.74 0.0000 0.00   0.00   5.4  5.4
3346.75 0.0000 0.00   0.00   5.5  5.4
3346.76 0.0000 0.00   0.00   5.4  5.4
3346.77 0.0000 0.00   0.00   5.4  5.4
3346.78 0.0000 0.00   0.00   5.4  5.4
3346.79 0.0000 0.01   0.00   5.4  5.4
3346.80 0.0000 0.05   0.00   5.4  5.1
3346.81 0.0000 0.05   0.00   5.4  5.1
3346.82 0.0000 0.05   0.00   5.4  5.1
3346.83 0.0000 0.03   0.00   5.4  5.2
3346.84 0.0000 0.02   0.00   5.4  5.3
3346.85 0.0000 0.01   0.01   5.4  5.3
3346.86 0.0000 0.01   0.00   5.4  5.4
3346.87 0.0000 0.00   0.00   5.4  5.4
3346.88 0.0000 0.00   0.00   5.5  5.4
3346.89 0.0000 0.00   0.00   5.5  5.4
3346.90 0.0000 0.00   0.00   5.4  5.4
3346.91 0.0000 0.00   0.00   5.5  5.5
3346.92 0.0000 0.04   0.00   5.4  5.2
3346.93 0.0000 0.04   0.00   5.5  5.2
3346.94 0.0000 0.07   0.00   5.4  5.0
3346.95 0.0000 0.14   0.00   5.4  4.7
3346.96 0.0000 0.16   0.00   5.4  4.5
3346.97 0.0000 0.20   0.00   5.5  4.3
3346.98 0.0000 0.21   0.00   5.4  4.2
3346.99 0.0000 0.19   0.00   5.4  4.3
3347.00 0.0000 0.17   0.00   5.4  4.4
3347.01 0.0000 0.19   0.00   5.4  4.3
3347.02 0.0000 0.23   0.00   5.3  3.9
3347.03 0.0000 0.21   0.00   5.3  4.1
3347.04 0.0000 0.20   0.01   5.2  4.0
3347.05 0.0000 0.18   0.00   5.2  4.1
3347.06 0.0000 0.10   0.04   5.2  4.6
3347.07 0.0000 0.08   0.07   5.2  4.7
3347.08 0.0000 0.04   0.14   5.3  5.0
3347.09 0.0000 0.02   0.21   5.2  5.1
3347.10 0.0000 0.01   0.14   5.2  5.2
3347.11 0.0000 0.01   0.11   5.2  5.1
3347.12 0.0000 0.05   0.06   5.2  4.9
3347.13 0.0000 0.03   0.04   5.1  4.9
3347.14 0.0000 0.02   0.08   5.1  5.0
3347.15 0.0000 0.01   0.16   5.1  5.1
3347.16 0.0000 0.01   0.21   5.2  5.1
3347.17 0.0000 0.00   0.30   5.2  5.1
3347.18 0.0000 0.00   0.39   5.2  5.1
3347.19 0.0000 0.00   0.51   5.2  5.1
3347.20 0.0000 0.00   0.56   5.2  5.2
3347.21 0.0000 0.00   0.60   5.2  5.2
3347.22 0.0000 0.00   0.63   5.2  5.2
3347.23 0.0000 0.00   0.58   5.2  5.2
3347.24 0.0000 0.00   0.54   5.1  5.1
3347.25 0.0000 0.00   0.50   5.1  5.1
3347.26 0.0000 0.00   0.50   5.0  5.0
3347.27 0.0000 0.00   0.42   5.1  5.1
3347.28 0.0000 0.00   0.34   5.1  5.1
3347.29 0.0000 0.00   0.33   5.0  5.0
3347.30 0.0000 0.00   0.33   5.1  5.1
3347.31 0.0000 0.00   0.30   5.2  5.2
3347.32 0.0000 0.00   0.30   5.2  5.2
3347.33 0.0000 0.00   0.33   5.2  5.2
3347.34 0.0000 0.00   0.36   5.2  5.2
3347.35 0.0000 0.00   0.29   5.2  5.2
3347.36 0.0000 0.00   0.28   5.3  5.3
3347.37 0.0000 0.00   0.29   5.3  5.3
3347.38 0.0000 0.00   0.25   5.3  5.3
3347.39 0.0000 0.00   0.19   5.3  5.3
3347.40 0.0000 0.00   0.18   5.4  5.4
3347.41 0.0000 0.00   0.21   5.5  5.5
3347.42 0.0000 0.00   0.19   5.5  5.5
3347.43 0.0000 0.00   0.11   5.5  5.5
3347.44 0.0000 0.00   0.06   5.5  5.5
3347.45 0.0000 0.00   0.04   5.6  5.6
3347.46 0.0000 0.00   0.03   5.7  5.7
3347.47 0.0000 0.00   0.01   5.7  5.7
3347.48 0.0000 0.00   0.01   5.7  5.7
3347.49 0.0000 0.00   0.00   5.7  5.7
3347.50 0.0000 0.00   0.00   5.6  5.6
3347.51 0.0000 0.00   0.00   5.6  5.6
3347.52 0.0000 0.00   0.00   5.6  5.6
3347.53 0.0000 0.00   0.00   5.6  5.6
3347.54 0.0000 0.00   0.00   5.6  5.6
3347.55 0.0000 0.00   0.00   5.6  5.6
3347.56 0.0000 0.00   0.00   5.7  5.7
3347.57 0.0000 0.00   0.00   5.5  5.5
3347.58 0.0000 0.00   0.00   5.5  5.5
3347.59 0.0000 0.00   0.00   5.5  5.5
3347.60 0.0000 0.00   0.00   5.4  5.4
3347.61 0.0000 0.00   0.00   5.3  5.3
3347.62 0.0000 0.00   0.00   5.3  5.3
3347.63 0.0000 0.00   0.00   5.3  5.3
3347.64 0.0000 0.00   0.00   5.3  5.3
3347.65 0.0000 0.00   0.00   5.4  5.4
3347.66 0.0000 0.00   0.00   5.4  5.4
3347.67 0.0000 0.00   0.00   5.3  5.3
3347.68 0.0000 0.00   0.00   5.3  5.3
3347.69 0.0000 0.00   0.00   5.4  5.4
3347.70 0.0000 0.00   0.00   5.4  5.4
3347.71 0.0000 0.00   0.00   5.4  5.4
3347.72 0.0000 0.00   0.00   5.4  5.4
3347.73 0.0000 0.00   0.00   5.4  5.4
3347.74 0.0000 0.00   0.00   5.5  5.5
3347.75 0.0000 0.00   0.00   5.5  5.5
3347.76 0.0000 0.00   0.00   5.5  5.5
3347.77 0.0000 0.00   0.00   5.5  5.5
3347.78 0.0000 0.00   0.00   5.6  5.6
3347.79 0.0000 0.00   0.00   5.6  5.6
3347.80 0.0000 0.00   0.00   5.7  5.7
3347.81 0.0000 0.00   0.00   5.6  5.6
3347.82 0.0000 0.00   0.00   5.7  5.7
3347.83 0.0000 0.00   0.00   5.7  5.7
3347.84 0.0000 0.00   0.00   5.8  5.8
3347.85 0.0000 0.00   0.00   5.9  5.9
3347.86 0.0000 0.00   0.00   5.9  5.9
3347.87 0.0000 0.00   0.00   6.0  6.0
3347.88 0.0000 0.00   0.00   6.0  6.0
3347.89 0.0000 0.00   0.00   6.0  6.0
3347.90 0.0000 0.00   0.00   6.0  6.0
3347.91 0.0000 0.00   0.00   6.2  6.2
3347.92 0.0000 0.00   0.00   6.1  6.1
3347.93 0.0000 0.00   0.00   6.1  6.1
3347.94 0.0000 0.00   0.00   6.1  6.1
3347.95 0.0000 0.00   0.00   6.2  6.2
3347.96 0.0000 0.00   0.00   6.2  6.2
3347.97 0.0000 0.00   0.00   6.3  6.3
3347.98 0.0000 0.00   0.00   6.3  6.3
3347.99 0.0000 0.00   0.00   6.3  6.3
3348.00 0.0000 0.00   0.00   6.3  6.3
3348.01 0.0000 0.00   0.00   6.3  6.3
3348.02 0.0000 0.00   0.00   6.3  6.3
3348.03 0.0000 0.00   0.00   6.3  6.3
3348.04 0.0000 0.00   0.01   6.2  6.2
3348.05 0.0000 0.00   0.00   6.1  6.1
3348.06 0.0000 0.00   0.00   6.1  6.1
3348.07 0.0000 0.00   0.00   5.9  5.9
3348.08 0.0000 0.00   0.01   5.7  5.7
3348.09 0.0000 0.00   0.01   5.5  5.5
3348.10 0.0000 0.00   0.00   5.5  5.5
3348.11 0.0000 0.00   0.00   5.5  5.5
3348.12 0.0000 0.00   0.00   5.5  5.5
3348.13 0.0000 0.00   0.00   5.4  5.4
3348.14 0.0000 0.00   0.00   5.4  5.4
3348.15 0.0000 0.00   0.00   5.4  5.4
3348.16 0.0000 0.00   0.00   5.3  5.3
3348.17 0.0000 0.00   0.02   5.2  5.2
3348.18 0.0000 0.00   0.03   5.3  5.3
3348.19 0.0000 0.00   0.02   5.3  5.3
3348.20 0.0000 0.00   0.01   5.3  5.3
3348.21 0.0000 0.00   0.01   5.3  5.3
3348.22 0.0000 0.00   0.00   5.2  5.2
3348.23 0.0000 0.00   0.05   5.1  5.1
3348.24 0.0000 0.00   0.09   5.1  5.1
3348.25 0.0000 0.00   0.18   5.0  5.0
3348.26 0.0000 0.00   0.31   5.0  5.0
3348.27 0.0000 0.00   0.33   4.9  4.9
3348.28 0.0000 0.00   0.32   4.9  4.9
3348.29 0.0000 0.00   0.38   4.9  4.9
3348.30 0.0000 0.00   0.46   4.9  4.9
3348.31 0.0000 0.00   0.46   4.8  4.8
3348.32 0.0000 0.00   0.44   4.8  4.8
3348.33 0.0000 0.00   0.41   4.8  4.8
3348.34 0.0000 0.00   0.36   4.6  4.6
3348.35 0.0000 0.00   0.27   4.7  4.7
3348.36 0.0000 0.00   0.29   4.7  4.7
3348.37 0.0000 0.00   0.30   4.7  4.7
3348.38 0.0000 0.00   0.30   4.8  4.8
3348.39 0.0000 0.00   0.30   4.9  4.9
3348.40 0.0000 0.01   0.30   5.0  4.9
3348.41 0.0000 0.01   0.29   5.0  5.0
3348.42 0.0000 0.00   0.30   5.1  5.1
3348.43 0.0000 0.00   0.30   5.1  5.1
3348.44 0.0000 0.00   0.31   5.1  5.1
3348.45 0.0000 0.00   0.30   5.1  5.1
3348.46 0.0000 0.00   0.36   5.1  5.1
3348.47 0.0000 0.00   0.34   5.1  5.1
3348.48 0.0000 0.00   0.28   5.1  5.1
3348.49 0.0000 0.00   0.26   5.1  5.1
3348.50 0.0000 0.00   0.24   5.1  5.1
3348.51 0.0000 0.00   0.24   5.1  5.1
3348.52 0.0000 0.00   0.26   5.1  5.1
3348.53 0.0000 0.00   0.22   5.2  5.2
3348.54 0.0000 0.00   0.17   5.2  5.2
3348.55 0.0000 0.00   0.13   5.2  5.2
3348.56 0.0000 0.00   0.08   5.3  5.3
3348.57 0.0000 0.00   0.04   5.3  5.3
3348.58 0.0000 0.00   0.03   5.3  5.3
3348.59 0.0000 0.00   0.02   5.1  5.1
3348.60 0.0000 0.00   0.02   5.1  5.1
3348.61 0.0000 0.00   0.09   5.2  5.1
3348.62 0.0000 0.01   0.15   5.2  5.1
3348.63 0.0000 0.00   0.19   5.3  5.3
3348.64 0.0000 0.00   0.16   5.4  5.4
3348.65 0.0000 0.00   0.18   5.4  5.4
3348.66 0.0000 0.00   0.19   5.4  5.4
3348.67 0.0000 0.00   0.20   5.4  5.4
3348.68 0.0000 0.00   0.22   5.4  5.3
3348.69 0.0000 0.00   0.23   5.3  5.3
3348.70 0.0000 0.00   0.21   5.3  5.3
3348.71 0.0000 0.00   0.23   5.3  5.3
3348.72 0.0000 0.00   0.27   5.2  5.2
3348.73 0.0000 0.00   0.20   5.2  5.2
3348.74 0.0000 0.00   0.19   5.2  5.2
3348.75 0.0000 0.00   0.18   5.2  5.2
3348.76 0.0000 0.00   0.14   5.2  5.2
3348.77 0.0000 0.00   0.10   5.2  5.2
3348.78 0.0000 0.00   0.08   5.2  5.2
3348.79 0.0000 0.00   0.09   5.2  5.2
3348.80 0.0000 0.00   0.10   5.2  5.2
3348.81 0.0000 0.00   0.08   5.2  5.2
3348.82 0.0000 0.00   0.08   5.2  5.2
3348.83 0.0000 0.01   0.05   5.2  5.2
3348.84 0.0000 0.01   0.04   5.2  5.2
3348.85 0.0000 0.01   0.02   5.3  5.2
3348.86 0.0000 0.00   0.01   5.3  5.3
3348.87 0.0000 0.00   0.01   5.3  5.3
3348.88 0.0000 0.00   0.04   5.3  5.3
3348.89 0.0000 0.00   0.07   5.3  5.3
3348.90 0.0000 0.00   0.12   5.4  5.4
3348.91 0.0000 0.00   0.08   5.4  5.4
3348.92 0.0000 0.00   0.04   5.4  5.4
3348.93 0.0000 0.00   0.03   5.5  5.5
3348.94 0.0000 0.00   0.02   5.4  5.4
3348.95 0.0000 0.00   0.01   5.4  5.4
3348.96 0.0000 0.00   0.01   5.5  5.5
3348.97 0.0000 0.00   0.00   5.5  5.5
3348.98 0.0000 0.00   0.00   5.5  5.5
3348.99 0.0000 0.00   0.00   5.6  5.6
3349.00 0.0000 0.00   0.00   5.6  5.6
3349.01 0.0000 0.00   0.00   5.6  5.6
3349.02 0.0000 0.00   0.00   5.6  5.6
3349.03 0.0000 0.06   0.00   5.5  5.3
3349.04 0.0000 0.06   0.01   5.5  5.2
3349.05 0.0000 0.04   0.01   5.5  5.3
3349.06 0.0000 0.03   0.01   5.6  5.4
3349.07 0.0000 0.01   0.00   5.5  5.4
3349.08 0.0000 0.01   0.00   5.5  5.4
3349.09 0.0000 0.00   0.00   5.4  5.4
3349.10 0.0000 0.00   0.00   5.5  5.4
3349.11 0.0000 0.00   0.00   5.5  5.5
3349.12 0.0000 0.00   0.02   5.4  5.4
3349.13 0.0000 0.00   0.10   5.5  5.5
3349.14 0.0000 0.00   0.15   5.5  5.5
3349.15 0.0000 0.00   0.27   5.5  5.5
3349.16 0.0000 0.00   0.40   5.4  5.4
3349.17 0.0000 0.00   0.49   5.5  5.5
3349.18 0.0000 0.00   0.43   5.5  5.5
3349.19 0.0000 0.00   0.34   5.5  5.5
3349.20 0.0000 0.04   0.27   5.4  5.2
3349.21 0.0000 0.12   0.21   5.4  4.8
3349.22 0.0000 0.22   0.14   5.4  4.2
3349.23 0.0000 0.24   0.13   5.4  4.2
3349.24 0.0000 0.30   0.10   5.4  3.8
3349.25 0.0000 0.44   0.06   5.4  3.0
3349.26 0.0000 0.56   0.08   5.2  2.3
3349.27 0.0000 0.63   0.13   5.2  1.8
3349.28 0.0000 0.84   0.16   5.1  0.6
3349.29 0.0000 0.92   0.21   5.0  0.1
3349.30 0.0000 1.08   0.26   5.0  0.0
3349.31 0.0000 1.14   0.27   5.0  0.0
3349.32 0.0000 1.22   0.26   5.0  0.0
3349.33 0.0000 1.26   0.19   5.0  0.0
3349.34 0.0000 1.24   0.15   5.2  0.0
3349.35 0.0000 1.23   0.11   5.1  0.0
3349.36 0.0000 1.26   0.11   5.1  0.0
3349.37 0.0000 1.35   0.11   5.0  0.0
3349.38 0.0000 1.17   0.16   5.0  0.0
3349.39 0.0000 0.94   0.23   4.9  0.0
3349.40 0.0000 0.91   0.27   4.9  0.2
3349.41 0.0000 1.03   0.33   4.9  0.0
3349.42 0.0000 1.19   0.32   4.9  0.0
3349.43 0.0000 1.31   0.26   4.9  0.0
3349.44 0.0000 1.37   0.20   4.8  0.0
3349.45 0.0000 1.43   0.12   4.9  0.0
3349.46 0.0000 1.46   0.06   4.8  0.0
3349.47 0.0000 1.38   0.03   4.7  0.0
3349.48 0.0000 1.28   0.01   4.7  0.0
3349.49 0.0000 1.21   0.01   4.6  0.0
3349.50 0.0000 1.14   0.00   4.6  0.0
3349.51 0.0000 0.91   0.03   4.5  0.0
3349.52 0.0000 0.70   0.08   4.3  0.4
3349.53 0.0000 0.66   0.10   4.3  0.5
3349.54 0.0000 0.65   0.10   4.3  0.4
3349.55 0.0000 0.61   0.11   4.1  0.5
3349.56 0.0000 0.54   0.15   4.0  0.7
3349.57 0.0000 0.53   0.16   4.0  0.7
3349.58 0.0000 0.55   0.14   4.0  0.5
3349.59 0.0000 0.60   0.13   4.0  0.2
3349.60 0.0000 0.64   0.10   4.0  0.0
3349.61 0.0000 0.74   0.09   4.1  0.0
3349.62 0.0000 0.78   0.10   4.1  0.0
3349.63 0.0000 0.75   0.19   4.1  0.0
3349.64 0.0000 0.70   0.22   4.1  0.0
3349.65 0.0000 0.62   0.23   4.0  0.1
3349.66 0.0000 0.57   0.24   4.0  0.4
3349.67 0.0000 0.50   0.26   4.0  0.8
3349.68 0.0000 0.51   0.32   4.1  0.9
3349.69 0.0000 0.58   0.40   4.1  0.5
3349.70 0.0000 0.65   0.49   4.2  0.1
3349.71 0.0000 0.76   0.59   4.2  0.0
3349.72 0.0000 0.69   0.51   4.2  0.0
3349.73 0.0000 0.62   0.41   4.1  0.2
3349.74 0.0000 0.59   0.43   4.1  0.3
3349.75 0.0000 0.57   0.47   4.1  0.5
3349.76 0.0000 0.52   0.44   4.2  0.9
3349.77 0.0000 0.49   0.45   4.1  1.1
3349.78 0.0000 0.56   0.53   4.3  0.8
3349.79 0.0000 0.61   0.58   4.3  0.5
3349.80 0.0000 0.73   0.63   4.3  0.0
3349.81 0.0000 0.72   0.69   4.4  0.1
3349.82 0.0000 0.69   0.66   4.6  0.6
3349.83 0.0000 0.64   0.66   4.6  1.0
3349.84 0.0000 0.53   0.75   4.7  1.7
3349.85 0.0000 0.48   0.76   4.9  2.2
3349.86 0.0000 0.42   0.77   5.0  2.7
3349.87 0.0000 0.42   0.78   5.0  2.7
3349.88 0.0000 0.46   0.79   4.9  2.5
3349.89 0.0000 0.50   0.74   5.1  2.5
3349.90 0.0000 0.47   0.76   5.1  2.7
3349.91 0.0000 0.45   0.79   5.2  2.9
3349.92 0.0000 0.43   0.81   5.2  3.1
3349.93 0.0000 0.41   0.87   5.2  3.1
3349.94 0.0000 0.39   0.85   5.2  3.2
3349.95 0.0000 0.28   0.79   5.2  3.8
3349.96 0.0000 0.25   0.74   5.3  4.0
3349.97 0.0000 0.19   0.59   5.3  4.3
3349.98 0.0000 0.13   0.45   5.3  4.6
3349.99 0.0000 0.18   0.41   5.3  4.4
3350.00 0.0000 0.23   0.39   5.3  4.1
3350.01 0.0000 0.33   0.39   5.2  3.5
3350.02 0.0000 0.41   0.34   5.2  3.1
3350.03 0.0000 0.38   0.34   5.2  3.3
3350.04 0.0000 0.42   0.34   5.2  3.1
3350.05 0.0000 0.45   0.34   5.2  2.9
3350.06 0.0000 0.46   0.41   5.2  2.9
3350.07 0.0000 0.46   0.45   5.2  2.9
3350.08 0.0000 0.57   0.47   5.3  2.5
3350.09 0.0000 0.58   0.50   5.3  2.4
3350.10 0.0000 0.57   0.52   5.4  2.5
3350.11 0.0000 0.57   0.51   5.4  2.5
3350.12 0.0000 0.55   0.43   5.4  2.6
3350.13 0.0000 0.54   0.39   5.3  2.6
3350.14 0.0000 0.56   0.29   5.3  2.4
3350.15 0.0000 0.58   0.18   5.2  2.2
3350.16 0.0000 0.50   0.26   5.0  2.5
3350.17 0.0000 0.38   0.38   5.0  3.1
3350.18 0.0000 0.33   0.44   5.1  3.4
3350.19 0.0000 0.19   0.53   5.0  4.0
3350.20 0.0000 0.11   0.49   5.0  4.4
3350.21 0.0000 0.06   0.55   4.9  4.6
3350.22 0.0000 0.08   0.57   4.8  4.4
3350.23 0.0000 0.08   0.58   4.7  4.3
3350.24 0.0000 0.08   0.59   4.7  4.3
3350.25 0.0000 0.19   0.58   4.8  3.7
3350.26 0.0000 0.22   0.59   4.7  3.5
3350.27 0.0000 0.22   0.64   4.7  3.5
3350.28 0.0000 0.27   0.69   4.8  3.3
3350.29 0.0000 0.25   0.80   4.8  3.4
3350.30 0.0000 0.26   0.85   4.7  3.3
3350.31 0.0000 0.25   0.85   4.8  3.4
3350.32 0.0000 0.26   0.78   4.8  3.4
3350.33 0.0000 0.29   0.73   4.8  3.2
3350.34 0.0000 0.28   0.70   4.7  3.2
3350.35 0.0000 0.29   0.69   4.8  3.1
3350.36 0.0000 0.30   0.60   4.8  3.1
3350.37 0.0000 0.31   0.46   4.8  3.0
3350.38 0.0000 0.30   0.35   4.8  3.0
3350.39 0.0000 0.26   0.29   4.7  3.2
3350.40 0.0000 0.30   0.28   4.6  2.7
3350.41 0.0000 0.30   0.31   4.6  2.7
3350.42 0.0000 0.34   0.31   4.5  2.4
3350.43 0.0000 0.38   0.41   4.5  2.2
3350.44 0.0000 0.43   0.44   4.6  1.8
3350.45 0.0000 0.55   0.50   4.5  1.1
3350.46 0.0000 0.69   0.52   4.6  0.2
3350.47 0.0000 0.86   0.45   4.6  0.0
3350.48 0.0000 0.96   0.38   4.6  0.0
3350.49 0.0000 1.08   0.23   4.6  0.0
3350.50 0.0000 1.23   0.18   4.6  0.0
3350.51 0.0000 1.33   0.13   4.7  0.0
3350.52 0.0000 1.30   0.12   4.7  0.0
3350.53 0.0000 1.27   0.08   4.6  0.0
3350.54 0.0000 1.36   0.05   4.7  0.0
3350.55 0.0000 1.41   0.03   4.8  0.0
3350.56 0.0000 1.45   0.02   4.8  0.0
3350.57 0.0000 1.45   0.01   4.8  0.0
3350.58 0.0000 1.43   0.01   4.8  0.0
3350.59 0.0000 1.42   0.00   4.9  0.0
3350.60 0.0000 1.41   0.00   4.8  0.0
3350.61 0.0000 1.40   0.00   4.9  0.0
3350.62 0.0000 1.30   0.00   4.9  0.0
3350.63 0.0000 1.20   0.00   4.9  0.0
3350.64 0.0000 1.12   0.00   4.9  0.0
3350.65 0.0000 1.11   0.00   4.9  0.0
3350.66 0.0000 1.13   0.00   5.0  0.0
3350.67 0.0000 1.11   0.00   4.9  0.0
3350.68 0.0000 1.07   0.07   4.9  0.0
3350.69 0.0000 1.08   0.12   4.9  0.0
3350.70 0.0000 1.08   0.24   4.9  0.0
3350.71 0.0000 1.11   0.30   4.9  0.0
3350.72 0.0000 1.11   0.26   5.1  0.0
3350.73 0.0000 1.15   0.26   5.1  0.0
3350.74 0.0000 1.14   0.28   5.1  0.0
3350.75 0.0000 1.10   0.30   5.1  0.0
3350.76 0.0000 1.08   0.25   5.3  0.0
3350.77 0.0000 1.05   0.23   5.2  0.0
3350.78 0.0000 1.01   0.22   5.3  0.0
3350.79 0.0000 0.94   0.22   5.4  0.5
3350.80 0.0000 0.89   0.29   5.4  0.9
3350.81 0.0000 0.83   0.24   5.4  1.2
3350.82 0.0000 0.80   0.21   5.4  1.3
3350.83 0.0000 0.73   0.16   5.4  1.7
3350.84 0.0000 0.61   0.15   5.5  2.4
3350.85 0.0000 0.51   0.15   5.5  2.9
3350.86 0.0000 0.43   0.19   5.4  3.2
3350.87 0.0000 0.41   0.17   5.5  3.4
3350.88 0.0000 0.38   0.11   5.4  3.5
3350.89 0.0000 0.36   0.07   5.5  3.6
3350.90 0.0000 0.30   0.05   5.4  3.9
3350.91 0.0000 0.28   0.04   5.4  3.9
3350.92 0.0000 0.26   0.02   5.4  4.0
3350.93 0.0000 0.32   0.01   5.4  3.7
3350.94 0.0000 0.43   0.01   5.4  3.2
3350.95 0.0000 0.44   0.00   5.4  3.1
3350.96 0.0000 0.47   0.00   5.4  2.9
3350.97 0.0000 0.50   0.00   5.4  2.7
3350.98 0.0000 0.52   0.00   5.3  2.6
3350.99 0.0000 0.47   0.00   5.4  2.9
3351.00 0.0000 0.45   0.00   5.3  3.0
3351.01 0.0000 0.33   0.00   5.4  3.7
3351.02 0.0000 0.26   0.00   5.3  4.0
3351.03 0.0000 0.23   0.00   5.3  4.1
3351.04 0.0000 0.24   0.00   5.3  4.1
3351.05 0.0000 0.20   0.00   5.4  4.3
3351.06 0.0000 0.18   0.00   5.3  4.4
3351.07 0.0000 0.18   0.00   5.3  4.3
3351.08 0.0000 0.20   0.00   5.3  4.2
3351.09 0.0000 0.23   0.00   5.2  4.0
3351.10 0.0000 0.24   0.00   5.2  4.0
3351.11 0.0000 0.22   0.00   5.2  4.0
3351.12 0.0000 0.23   0.00   5.2  4.0
3351.13 0.0000 0.30   0.00   5.3  3.6
3351.14 0.0000 0.42   0.00   5.2  2.9
3351.15 0.0000 0.58   0.00   5.1  2.0
3351.16 0.0000 0.68   0.00   5.1  1.4
3351.17 0.0000 0.68   0.00   5.1  1.4
3351.18 0.0000 0.64   0.00   5.1  1.6
3351.19 0.0000 0.59   0.00   5.1  1.8
3351.20 0.0000 0.57   0.03   5.1  2.0
3351.21 0.0000 0.58   0.08   5.2  2.0
3351.22 0.0000 0.58   0.20   5.1  1.9
3351.23 0.0000 0.45   0.35   5.1  2.6
3351.24 0.0000 0.36   0.43   5.0  3.1
3351.25 0.0000 0.34   0.47   5.1  3.2
3351.26 0.0000 0.27   0.59   5.0  3.6
3351.27 0.0000 0.18   0.66   5.0  4.0
3351.28 0.0000 0.23   0.66   4.9  3.7
3351.29 0.0000 0.25   0.60   5.0  3.6
3351.30 0.0000 0.29   0.54   5.0  3.4
3351.31 0.0000 0.45   0.49   5.0  2.5
3351.32 0.0000 0.56   0.53   4.9  1.9
3351.33 0.0000 0.63   0.54   4.9  1.5
3351.34 0.0000 0.70   0.55   4.9  1.1
3351.35 0.0000 0.76   0.53   4.8  0.7
3351.36 0.0000 0.72   0.57   4.8  0.8
3351.37 0.0000 0.61   0.66   4.8  1.4
3351.38 0.0000 0.55   0.70   4.7  1.6
3351.39 0.0000 0.41   0.75   4.6  2.3
3351.40 0.0000 0.39   0.72   4.5  2.3
3351.41 0.0000 0.38   0.68   4.6  2.4
3351.42 0.0000 0.29   0.68   4.6  3.0
3351.43 0.0000 0.26   0.67   4.6  3.1
3351.44 0.0000 0.24   0.63   4.6  3.3
3351.45 0.0000 0.16   0.50   4.7  3.8
3351.46 0.0000 0.18   0.35   4.8  3.8
3351.47 0.0000 0.21   0.27   4.8  3.6
3351.48 0.0000 0.31   0.15   4.7  3.0
3351.49 0.0000 0.44   0.09   4.7  2.2
3351.50 0.0000 0.51   0.05   4.7  1.8
3351.51 0.0000 0.50   0.04   4.6  1.8
3351.52 0.0000 0.50   0.02   4.6  1.7
3351.53 0.0000 0.60   0.01   4.5  1.1
3351.54 0.0000 0.66   0.01   4.6  0.8
3351.55 0.0000 0.71   0.00   4.6  0.4
3351.56 0.0000 0.79   0.00   4.6  0.0
3351.57 0.0000 0.88   0.00   4.7  0.0
3351.58 0.0000 0.87   0.00   4.7  0.0
3351.59 0.0000 0.86   0.00   4.6  0.0
3351.60 0.0000 0.85   0.00   4.6  0.0
3351.61 0.0000 0.79   0.00   4.7  0.0
3351.62 0.0000 0.68   0.00   4.8  0.6
3351.63 0.0000 0.63   0.00   4.7  0.9
3351.64 0.0000 0.61   0.00   4.7  1.0
3351.65 0.0000 0.54   0.00   4.7  1.4
3351.66 0.0000 0.57   0.00   4.7  1.3
3351.67 0.0000 0.61   0.00   4.7  1.1
3351.68 0.0000 0.72   0.00   4.8  0.5
3351.69 0.0000 0.81   0.00   4.8  0.0
3351.70 0.0000 0.97   0.00   4.8  0.0
3351.71 0.0000 0.97   0.00   4.9  0.0
3351.72 0.0000 0.91   0.00   4.8  0.0
3351.73 0.0000 0.89   0.00   4.8  0.0
3351.74 0.0000 0.83   0.00   4.8  0.1
3351.75 0.0000 0.76   0.00   4.8  0.5
3351.76 0.0000 0.78   0.00   4.8  0.4
3351.77 0.0000 0.80   0.00   4.8  0.3
3351.78 0.0000 0.84   0.00   4.7  0.0
3351.79 0.0000 0.84   0.00   4.7  0.0
3351.80 0.0000 0.83   0.00   4.7  0.0
3351.81 0.0000 0.85   0.00   4.7  0.0
3351.82 0.0000 0.91   0.00   4.6  0.0
3351.83 0.0000 0.80   0.00   4.7  0.0
3351.84 0.0000 0.72   0.00   4.5  0.3
3351.85 0.0000 0.74   0.00   4.5  0.0
3351.86 0.0000 0.74   0.00   4.4  0.0
3351.87 0.0000 0.74   0.00   4.4  0.0
3351.88 0.0000 0.71   0.00   4.4  0.0
3351.89 0.0000 0.72   0.00   4.4  0.0
3351.90 0.0000 0.70   0.00   4.5  0.1
3351.91 0.0000 0.65   0.00   4.5  0.4
3351.92 0.0000 0.72   0.00   4.4  0.0
3351.93 0.0000 0.79   0.00   4.4  0.0
3351.94 0.0000 0.82   0.00   4.4  0.0
3351.95 0.0000 0.95   0.00   4.4  0.0
3351.96 0.0000 1.02   0.05   4.4  0.0
3351.97 0.0000 1.04   0.16   4.3  0.0
3351.98 0.0000 1.00   0.23   4.3  0.0
3351.99 0.0000 0.97   0.27   4.3  0.0
3352.00 0.0000 1.00   0.32   4.2  0.0
3352.01 0.0000 0.93   0.34   4.1  0.0
3352.02 0.0000 0.85   0.38   4.1  0.0
3352.03 0.0000 0.84   0.42   4.0  0.0
3352.04 0.0000 0.66   0.38   3.8  0.0
3352.05 0.0000 0.52   0.37   3.8  0.5
3352.06 0.0000 0.43   0.46   3.7  0.9
3352.07 0.0000 0.44   0.51   3.7  0.9
3352.08 0.0000 0.44   0.51   3.7  0.8
3352.09 0.0000 0.42   0.48   3.6  0.8
3352.10 0.0000 0.39   0.49   3.6  1.1
3352.11 0.0000 0.39   0.50   3.7  1.1
3352.12 0.0000 0.40   0.52   3.7  1.1
3352.13 0.0000 0.42   0.45   3.7  1.0
3352.14 0.0000 0.43   0.44   3.7  0.9
3352.15 0.0000 0.43   0.49   3.8  1.1
3352.16 0.0000 0.46   0.55   3.8  1.0
3352.17 0.0000 0.48   0.67   3.9  1.0
3352.18 0.0000 0.49   0.82   3.9  1.0
3352.19 0.0000 0.50   0.96   3.9  1.0
3352.20 0.0000 0.48   1.03   4.0  1.2
3352.21 0.0000 0.46   1.05   3.9  1.3
3352.22 0.0000 0.44   1.02   3.8  1.3
3352.23 0.0000 0.37   1.15   3.9  1.7
3352.24 0.0000 0.33   1.14   3.9  2.0
3352.25 0.0000 0.29   1.09   3.9  2.2
3352.26 0.0000 0.16   1.00   3.9  3.0
3352.27 0.0000 0.09   0.97   3.9  3.4
3352.28 0.0000 0.05   1.04   4.0  3.7
3352.29 0.0000 0.04   1.06   4.0  3.8
3352.30 0.0000 0.02   1.09   4.1  3.9
3352.31 0.0000 0.01   1.09   4.1  4.1
3352.32 0.0000 0.01   1.03   4.2  4.1
3352.33 0.0000 0.01   0.98   4.2  4.1
3352.34 0.0000 0.00   0.86   4.3  4.2
3352.35 0.0000 0.00   0.77   4.4  4.4
3352.36 0.0000 0.05   0.53   4.5  4.3
3352.37 0.0000 0.12   0.35   4.6  3.9
3352.38 0.0000 0.18   0.27   4.6  3.5
3352.39 0.0000 0.23   0.16   4.6  3.2
3352.40 0.0000 0.23   0.09   4.5  3.2
3352.41 0.0000 0.21   0.05   4.6  3.4
3352.42 0.0000 0.19   0.04   4.6  3.6
3352.43 0.0000 0.19   0.02   4.6  3.5
3352.44 0.0000 0.11   0.01   4.6  3.9
3352.45 0.0000 0.06   0.03   4.5  4.2
3352.46 0.0000 0.05   0.06   4.6  4.3
3352.47 0.0000 0.03   0.09   4.7  4.5
3352.48 0.0000 0.02   0.09   4.8  4.7
3352.49 0.0000 0.06   0.15   4.8  4.4
3352.50 0.0000 0.07   0.16   4.7  4.3
3352.51 0.0000 0.12   0.13   4.7  4.0
3352.52 0.0000 0.08   0.07   4.7  4.3
3352.53 0.0000 0.05   0.04   4.7  4.5
3352.54 0.0000 0.09   0.02   4.8  4.3
3352.55 0.0000 0.15   0.03   4.7  3.9
3352.56 0.0000 0.23   0.06   4.7  3.5
3352.57 0.0000 0.27   0.10   4.7  3.3
3352.58 0.0000 0.32   0.09   4.8  3.1
3352.59 0.0000 0.34   0.07   4.8  3.0
3352.60 0.0000 0.33   0.04   4.8  3.0
3352.61 0.0000 0.30   0.02   4.8  3.3
3352.62 0.0000 0.22   0.01   4.8  3.6
3352.63 0.0000 0.20   0.01   4.8  3.7
3352.64 0.0000 0.13   0.01   4.8  4.1
3352.65 0.0000 0.10   0.02   4.8  4.2
3352.66 0.0000 0.11   0.04   4.7  4.1
3352.67 0.0000 0.16   0.07   4.7  3.9
3352.68 0.0000 0.20   0.06   4.7  3.7
3352.69 0.0000 0.27   0.04   4.6  3.3
3352.70 0.0000 0.36   0.02   4.6  2.8
3352.71 0.0000 0.41   0.01   4.7  2.6
