ELM     V003.000SPECTRL V003.000
M0
sng                           
2_Baydin                      
dolb.33                       
11-22-2009
3890.01 0.0002 0.07   0.03   1.8  0.0
3890.02 0.0001 0.06   0.03   1.8  0.0
3890.03 0.0002 0.05   0.02   1.9  0.1
3890.04 0.0002 0.04   0.02   2.0  0.5
3890.05 0.0002 0.02   0.01   2.0  1.2
3890.06 0.0002 0.06   0.01   2.0  0.1
3890.07 0.0002 0.12   0.00   2.0  0.0
3890.08 0.0001 0.13   0.01   2.1  0.0
3890.09 0.0001 0.13   0.01   2.1  0.0
3890.10 0.0003 0.17   0.01   2.2  0.0
3890.11 0.0002 0.29   0.04   2.4  0.0
3890.12 0.0001 0.37   0.02   2.5  0.0
3890.13 0.0002 0.40   0.03   2.5  0.0
3890.14 0.0004 0.41   0.05   2.7  0.0
3890.15 0.0005 0.46   0.09   2.9  0.0
3890.16 0.0006 0.52   0.08   3.0  0.0
3890.17 0.0007 0.54   0.04   3.1  0.0
3890.18 0.0007 0.48   0.01   3.2  0.0
3890.19 0.0008 0.51   0.01   3.4  0.0
3890.20 0.0008 0.50   0.00   3.5  0.0
3890.21 0.0010 0.58   0.00   3.6  0.0
3890.22 0.0010 0.63   0.00   3.8  0.0
3890.23 0.0010 0.65   0.01   3.8  0.0
3890.24 0.0010 0.70   0.06   4.0  0.0
3890.25 0.0010 0.60   0.14   4.3  0.0
3890.26 0.0011 0.49   0.17   4.4  0.9
3890.27 0.0011 0.46   0.16   4.5  1.2
3890.28 0.0014 0.38   0.19   4.5  2.0
3890.29 0.0015 0.29   0.23   4.7  2.8
3890.30 0.0015 0.24   0.24   4.7  3.2
3890.31 0.0014 0.21   0.25   4.8  3.6
3890.32 0.0014 0.27   0.25   4.9  3.3
3890.33 0.0013 0.34   0.27   4.9  3.0
3890.34 0.0012 0.41   0.27   4.9  2.6
3890.35 0.0011 0.52   0.26   4.8  1.9
3890.36 0.0009 0.61   0.35   4.8  1.4
3890.37 0.0008 0.58   0.45   4.8  1.6
3890.38 0.0009 0.53   0.44   4.9  2.0
3890.39 0.0012 0.48   0.46   4.8  2.2
3890.40 0.0014 0.50   0.49   4.8  2.1
3890.41 0.0016 0.48   0.49   4.8  2.3
3890.42 0.0022 0.40   0.49   4.8  2.7
3890.43 0.0024 0.36   0.45   4.8  2.9
3890.44 0.0026 0.37   0.45   5.0  3.0
3890.45 0.0027 0.36   0.44   4.9  3.0
3890.46 0.0028 0.38   0.39   4.9  2.9
3890.47 0.0026 0.42   0.29   4.9  2.6
3890.48 0.0025 0.41   0.25   4.9  2.7
3890.49 0.0022 0.36   0.18   4.9  3.0
3890.50 0.0019 0.29   0.14   4.9  3.3
3890.51 0.0019 0.25   0.13   4.8  3.4
3890.52 0.0018 0.28   0.16   4.7  3.2
3890.53 0.0018 0.26   0.16   4.8  3.3
3890.54 0.0018 0.19   0.12   4.8  3.7
3890.55 0.0019 0.19   0.10   4.8  3.7
3890.56 0.0020 0.20   0.06   4.7  3.6
3890.57 0.0017 0.22   0.05   4.7  3.4
3890.58 0.0014 0.26   0.03   4.7  3.2
3890.59 0.0012 0.29   0.03   4.8  3.1
3890.60 0.0009 0.35   0.03   4.8  2.7
3890.61 0.0007 0.40   0.05   4.7  2.4
3890.62 0.0007 0.41   0.05   4.7  2.3
3890.63 0.0006 0.33   0.11   4.7  2.7
3890.64 0.0007 0.25   0.15   4.6  3.1
3890.65 0.0009 0.14   0.23   4.7  3.8
3890.66 0.0010 0.11   0.26   4.7  4.0
3890.67 0.0010 0.06   0.34   4.8  4.4
3890.68 0.0008 0.03   0.40   4.7  4.5
3890.69 0.0011 0.02   0.45   4.5  4.4
3890.70 0.0011 0.01   0.44   4.5  4.4
3890.71 0.0009 0.01   0.42   4.5  4.5
3890.72 0.0007 0.00   0.33   4.6  4.6
3890.73 0.0006 0.00   0.34   4.6  4.6
3890.74 0.0003 0.00   0.32   4.6  4.6
3890.75 0.0002 0.00   0.38   4.6  4.6
3890.76 0.0001 0.00   0.45   4.6  4.6
3890.77 0.0001 0.00   0.46   4.6  4.6
3890.78 0.0002 0.00   0.51   4.5  4.5
3890.79 0.0005 0.00   0.67   4.4  4.4
3890.80 0.0006 0.00   0.76   4.3  4.3
3890.81 0.0011 0.00   0.88   4.3  4.3
3890.82 0.0014 0.00   0.87   4.3  4.3
3890.83 0.0017 0.00   0.82   4.3  4.3
3890.84 0.0017 0.00   0.81   4.3  4.3
3890.85 0.0016 0.00   0.80   4.2  4.2
3890.86 0.0016 0.00   0.79   4.2  4.2
3890.87 0.0015 0.00   0.76   4.2  4.2
3890.88 0.0015 0.00   0.75   4.2  4.2
3890.89 0.0017 0.00   0.70   4.2  4.2
3890.90 0.0020 0.00   0.69   4.2  4.2
3890.91 0.0021 0.00   0.68   4.1  4.1
3890.92 0.0022 0.00   0.63   4.1  4.1
3890.93 0.0026 0.00   0.58   4.1  4.1
3890.94 0.0026 0.00   0.51   4.1  4.1
3890.95 0.0026 0.00   0.37   4.0  4.0
3890.96 0.0029 0.00   0.36   4.0  4.0
3890.97 0.0028 0.00   0.42   4.0  4.0
3890.98 0.0028 0.00   0.46   4.0  4.0
3890.99 0.0022 0.03   0.44   3.9  3.7
3891.00 0.0020 0.07   0.49   4.0  3.6
3891.01 0.0019 0.08   0.56   4.0  3.6
3891.02 0.0018 0.08   0.54   4.0  3.6
3891.03 0.0014 0.13   0.48   4.0  3.3
3891.04 0.0013 0.12   0.43   3.9  3.3
3891.05 0.0013 0.11   0.37   3.9  3.3
3891.06 0.0013 0.09   0.29   3.8  3.4
3891.07 0.0013 0.04   0.21   3.7  3.5
3891.08 0.0012 0.03   0.19   3.7  3.5
3891.09 0.0013 0.04   0.17   3.7  3.5
3891.10 0.0013 0.05   0.21   3.7  3.5
3891.11 0.0013 0.07   0.19   3.8  3.4
3891.12 0.0014 0.08   0.18   3.8  3.4
3891.13 0.0015 0.09   0.15   3.8  3.3
3891.14 0.0015 0.08   0.24   3.9  3.4
3891.15 0.0013 0.09   0.26   3.9  3.4
3891.16 0.0013 0.08   0.27   3.9  3.4
3891.17 0.0010 0.10   0.25   3.8  3.3
3891.18 0.0009 0.11   0.23   3.8  3.2
3891.19 0.0008 0.12   0.22   3.7  3.1
3891.20 0.0008 0.12   0.19   3.8  3.1
3891.21 0.0010 0.08   0.21   3.8  3.4
3891.22 0.0012 0.03   0.23   3.8  3.7
3891.23 0.0013 0.01   0.24   3.9  3.8
3891.24 0.0013 0.01   0.24   3.9  3.9
3891.25 0.0012 0.00   0.26   3.9  3.9
3891.26 0.0013 0.00   0.28   3.9  3.9
3891.27 0.0014 0.00   0.29   3.9  3.9
3891.28 0.0016 0.00   0.31   4.0  4.0
3891.29 0.0016 0.00   0.28   3.9  3.9
3891.30 0.0015 0.00   0.26   3.9  3.9
3891.31 0.0016 0.00   0.23   3.9  3.9
3891.32 0.0016 0.00   0.17   3.9  3.9
3891.33 0.0017 0.00   0.20   4.0  4.0
3891.34 0.0018 0.00   0.24   4.1  4.1
3891.35 0.0019 0.00   0.27   4.2  4.2
3891.36 0.0018 0.00   0.34   4.2  4.2
3891.37 0.0018 0.00   0.37   4.3  4.3
3891.38 0.0021 0.00   0.44   4.3  4.3
3891.39 0.0024 0.00   0.54   4.3  4.3
3891.40 0.0024 0.00   0.64   4.3  4.3
3891.41 0.0024 0.00   0.71   4.2  4.2
3891.42 0.0024 0.00   0.73   4.2  4.2
3891.43 0.0024 0.00   0.65   4.1  4.1
3891.44 0.0022 0.00   0.57   4.1  4.1
3891.45 0.0020 0.00   0.54   4.1  4.1
3891.46 0.0021 0.00   0.53   4.0  4.0
3891.47 0.0022 0.00   0.55   4.1  4.1
3891.48 0.0022 0.00   0.51   4.1  4.1
3891.49 0.0023 0.00   0.37   4.1  4.1
3891.50 0.0026 0.00   0.25   4.1  4.1
3891.51 0.0027 0.00   0.21   4.2  4.2
3891.52 0.0028 0.00   0.20   4.1  4.1
3891.53 0.0026 0.00   0.25   4.1  4.1
3891.54 0.0027 0.00   0.19   4.1  4.1
3891.55 0.0027 0.00   0.19   4.1  4.1
3891.56 0.0025 0.00   0.18   4.1  4.1
3891.57 0.0025 0.00   0.11   4.2  4.2
3891.58 0.0025 0.00   0.08   4.2  4.2
3891.59 0.0023 0.04   0.05   4.2  3.9
3891.60 0.0023 0.06   0.03   4.3  4.0
3891.61 0.0022 0.08   0.01   4.4  4.0
3891.62 0.0022 0.08   0.01   4.5  4.0
3891.63 0.0020 0.08   0.01   4.5  4.0
3891.64 0.0018 0.05   0.00   4.6  4.3
3891.65 0.0020 0.03   0.00   4.5  4.3
3891.66 0.0021 0.02   0.00   4.4  4.3
3891.67 0.0026 0.02   0.00   4.2  4.1
3891.68 0.0028 0.02   0.00   4.2  4.1
3891.69 0.0030 0.02   0.00   4.2  4.1
3891.70 0.0033 0.02   0.00   4.1  4.0
3891.71 0.0036 0.01   0.00   4.1  4.1
3891.72 0.0037 0.00   0.00   4.1  4.1
3891.73 0.0038 0.00   0.00   4.1  4.1
3891.74 0.0039 0.00   0.00   4.2  4.2
3891.75 0.0038 0.00   0.00   4.3  4.3
3891.76 0.0038 0.00   0.00   4.4  4.4
3891.77 0.0036 0.00   0.00   4.5  4.5
3891.78 0.0037 0.00   0.00   4.4  4.4
3891.79 0.0036 0.00   0.00   4.4  4.4
3891.80 0.0037 0.00   0.01   4.4  4.4
3891.81 0.0038 0.00   0.07   4.4  4.4
3891.82 0.0036 0.00   0.14   4.4  4.4
3891.83 0.0037 0.00   0.16   4.5  4.5
3891.84 0.0037 0.01   0.21   4.4  4.3
3891.85 0.0034 0.01   0.18   4.3  4.2
3891.86 0.0029 0.00   0.19   4.3  4.2
3891.87 0.0027 0.00   0.18   4.2  4.2
3891.88 0.0023 0.00   0.16   4.2  4.2
3891.89 0.0017 0.00   0.16   4.0  4.0
3891.90 0.0016 0.00   0.16   4.0  4.0
3891.91 0.0014 0.00   0.16   3.9  3.9
3891.92 0.0013 0.01   0.15   3.8  3.8
3891.93 0.0012 0.02   0.14   3.8  3.7
3891.94 0.0011 0.03   0.13   3.8  3.6
3891.95 0.0011 0.02   0.17   3.8  3.7
3891.96 0.0010 0.01   0.19   3.8  3.7
3891.97 0.0010 0.01   0.22   3.8  3.7
3891.98 0.0010 0.01   0.23   3.8  3.7
3891.99 0.0012 0.02   0.24   3.9  3.8
3892.00 0.0014 0.02   0.25   4.0  3.9
3892.01 0.0015 0.02   0.26   4.1  3.9
3892.02 0.0017 0.07   0.24   4.1  3.7
3892.03 0.0018 0.17   0.25   4.1  3.2
3892.04 0.0020 0.21   0.20   4.1  3.0
3892.05 0.0022 0.23   0.16   4.1  2.8
3892.06 0.0022 0.25   0.12   4.0  2.7
3892.07 0.0019 0.21   0.10   3.9  2.7
3892.08 0.0017 0.20   0.08   3.9  2.7
3892.09 0.0020 0.23   0.04   3.9  2.6
3892.10 0.0026 0.20   0.02   4.0  2.8
3892.11 0.0030 0.13   0.01   4.0  3.2
3892.12 0.0031 0.13   0.01   3.9  3.2
3892.13 0.0030 0.12   0.07   3.8  3.1
3892.14 0.0031 0.13   0.06   3.8  3.1
3892.15 0.0031 0.14   0.06   3.8  3.0
3892.16 0.0029 0.18   0.03   3.9  2.8
3892.17 0.0029 0.15   0.03   4.0  3.1
3892.18 0.0028 0.19   0.02   4.1  2.9
3892.19 0.0027 0.24   0.01   4.1  2.6
3892.20 0.0025 0.31   0.01   4.1  2.3
3892.21 0.0025 0.21   0.00   4.3  3.0
3892.22 0.0024 0.16   0.00   4.3  3.3
3892.23 0.0024 0.11   0.00   4.3  3.6
3892.24 0.0023 0.06   0.03   4.3  4.0
3892.25 0.0024 0.03   0.02   4.3  4.1
3892.26 0.0024 0.03   0.03   4.3  4.1
3892.27 0.0024 0.01   0.05   4.2  4.2
3892.28 0.0024 0.01   0.06   4.3  4.2
3892.29 0.0022 0.00   0.21   4.2  4.2
3892.30 0.0022 0.00   0.26   4.3  4.2
3892.31 0.0022 0.00   0.33   4.2  4.2
3892.32 0.0023 0.00   0.37   4.2  4.2
3892.33 0.0024 0.00   0.40   4.2  4.2
3892.34 0.0024 0.00   0.51   4.2  4.2
3892.35 0.0024 0.00   0.63   4.2  4.2
3892.36 0.0021 0.00   0.60   4.2  4.2
3892.37 0.0021 0.00   0.62   4.2  4.2
3892.38 0.0019 0.00   0.58   4.1  4.1
3892.39 0.0020 0.00   0.62   4.2  4.2
3892.40 0.0020 0.00   0.60   4.2  4.2
3892.41 0.0021 0.00   0.67   4.2  4.2
3892.42 0.0021 0.00   0.59   4.2  4.2
3892.43 0.0022 0.00   0.51   4.3  4.3
3892.44 0.0022 0.00   0.46   4.3  4.3
3892.45 0.0027 0.00   0.42   4.4  4.4
3892.46 0.0031 0.00   0.35   4.4  4.4
3892.47 0.0032 0.00   0.33   4.4  4.4
3892.48 0.0034 0.00   0.26   4.3  4.3
3892.49 0.0034 0.00   0.26   4.3  4.3
3892.50 0.0033 0.00   0.28   4.3  4.3
3892.51 0.0032 0.00   0.30   4.3  4.3
3892.52 0.0032 0.00   0.29   4.3  4.3
3892.53 0.0030 0.00   0.27   4.3  4.3
3892.54 0.0030 0.00   0.26   4.3  4.3
3892.55 0.0029 0.00   0.23   4.4  4.4
3892.56 0.0029 0.00   0.21   4.4  4.4
3892.57 0.0030 0.00   0.13   4.4  4.4
3892.58 0.0031 0.00   0.10   4.4  4.4
3892.59 0.0031 0.00   0.06   4.4  4.4
3892.60 0.0033 0.00   0.03   4.3  4.3
3892.61 0.0035 0.00   0.02   4.3  4.3
3892.62 0.0035 0.00   0.01   4.4  4.4
3892.63 0.0035 0.00   0.01   4.5  4.5
3892.64 0.0036 0.00   0.00   4.4  4.4
3892.65 0.0036 0.00   0.00   4.4  4.4
3892.66 0.0036 0.00   0.00   4.4  4.4
3892.67 0.0035 0.00   0.00   4.4  4.4
3892.68 0.0036 0.00   0.00   4.5  4.5
3892.69 0.0035 0.00   0.00   4.4  4.4
3892.70 0.0035 0.00   0.00   4.4  4.4
3892.71 0.0034 0.00   0.00   4.4  4.4
3892.72 0.0034 0.00   0.00   4.4  4.4
3892.73 0.0032 0.00   0.00   4.4  4.4
3892.74 0.0032 0.00   0.00   4.2  4.2
3892.75 0.0033 0.00   0.00   4.1  4.1
3892.76 0.0035 0.00   0.00   4.1  4.1
3892.77 0.0035 0.00   0.00   4.1  4.1
3892.78 0.0034 0.00   0.00   4.1  4.1
3892.79 0.0034 0.00   0.00   4.1  4.1
3892.80 0.0035 0.00   0.00   4.0  4.0
3892.81 0.0034 0.00   0.00   4.1  4.1
3892.82 0.0033 0.00   0.00   4.0  4.0
3892.83 0.0032 0.00   0.00   4.1  4.1
3892.84 0.0034 0.00   0.00   4.0  4.0
3892.85 0.0036 0.00   0.00   4.0  4.0
3892.86 0.0036 0.00   0.00   4.0  4.0
3892.87 0.0036 0.00   0.00   4.0  4.0
3892.88 0.0033 0.00   0.00   4.0  4.0
3892.89 0.0030 0.00   0.00   4.1  4.1
3892.90 0.0030 0.00   0.00   4.0  4.0
3892.91 0.0028 0.00   0.00   4.0  4.0
3892.92 0.0029 0.00   0.00   4.0  4.0
3892.93 0.0028 0.00   0.00   3.8  3.8
3892.94 0.0028 0.00   0.00   3.7  3.7
3892.95 0.0029 0.00   0.00   3.6  3.6
3892.96 0.0030 0.00   0.08   3.5  3.5
3892.97 0.0030 0.00   0.10   3.4  3.4
3892.98 0.0027 0.02   0.09   3.3  3.2
3892.99 0.0023 0.07   0.09   3.3  2.8
3893.00 0.0023 0.08   0.11   3.3  2.7
3893.01 0.0024 0.06   0.12   3.4  2.9
3893.02 0.0019 0.06   0.08   3.4  2.9
3893.03 0.0018 0.03   0.09   3.4  3.1
3893.04 0.0018 0.02   0.10   3.4  3.2
3893.05 0.0018 0.01   0.18   3.4  3.4
3893.06 0.0017 0.00   0.23   3.5  3.4
3893.07 0.0019 0.00   0.32   3.6  3.5
3893.08 0.0018 0.02   0.34   3.6  3.5
3893.09 0.0017 0.01   0.34   3.6  3.5
3893.10 0.0018 0.02   0.28   3.6  3.5
3893.11 0.0017 0.04   0.25   3.6  3.3
3893.12 0.0013 0.11   0.23   3.6  2.8
3893.13 0.0011 0.13   0.17   3.5  2.6
3893.14 0.0009 0.13   0.18   3.5  2.6
3893.15 0.0008 0.13   0.19   3.4  2.5
3893.16 0.0007 0.15   0.20   3.4  2.4
3893.17 0.0007 0.16   0.22   3.4  2.4
3893.18 0.0007 0.15   0.23   3.5  2.5
3893.19 0.0008 0.11   0.26   3.5  2.7
3893.20 0.0009 0.05   0.27   3.4  3.0
3893.21 0.0009 0.04   0.24   3.4  3.1
3893.22 0.0009 0.03   0.27   3.4  3.2
3893.23 0.0009 0.01   0.34   3.5  3.5
3893.24 0.0009 0.00   0.34   3.6  3.6
3893.25 0.0010 0.00   0.36   3.7  3.7
3893.26 0.0010 0.00   0.35   3.7  3.7
3893.27 0.0010 0.00   0.36   3.8  3.7
3893.28 0.0011 0.00   0.34   3.8  3.8
3893.29 0.0011 0.00   0.34   3.8  3.8
3893.30 0.0011 0.00   0.41   3.9  3.9
3893.31 0.0011 0.00   0.40   3.9  3.9
3893.32 0.0010 0.00   0.42   3.9  3.9
3893.33 0.0010 0.00   0.43   3.8  3.8
3893.34 0.0010 0.00   0.51   3.9  3.9
3893.35 0.0010 0.00   0.55   3.9  3.9
3893.36 0.0010 0.00   0.57   3.9  3.9
3893.37 0.0010 0.00   0.61   3.9  3.9
3893.38 0.0010 0.00   0.65   4.0  4.0
3893.39 0.0011 0.00   0.64   3.9  3.9
3893.40 0.0011 0.00   0.60   4.0  4.0
3893.41 0.0013 0.00   0.65   4.0  4.0
3893.42 0.0016 0.00   0.69   4.0  4.0
3893.43 0.0017 0.00   0.68   4.0  4.0
3893.44 0.0021 0.00   0.69   4.0  4.0
3893.45 0.0023 0.00   0.65   4.0  4.0
3893.46 0.0023 0.00   0.61   4.1  4.1
3893.47 0.0022 0.00   0.59   4.1  4.1
3893.48 0.0021 0.00   0.58   4.1  4.1
3893.49 0.0022 0.00   0.58   4.1  4.1
3893.50 0.0022 0.00   0.62   4.1  4.1
3893.51 0.0022 0.00   0.69   4.0  4.0
3893.52 0.0022 0.00   0.75   4.0  4.0
3893.53 0.0023 0.00   0.69   4.0  4.0
3893.54 0.0021 0.00   0.60   3.9  3.9
3893.55 0.0018 0.00   0.40   3.8  3.8
3893.56 0.0015 0.00   0.30   3.8  3.8
3893.57 0.0015 0.00   0.27   3.8  3.8
3893.58 0.0016 0.00   0.26   3.9  3.9
3893.59 0.0017 0.00   0.26   4.0  4.0
3893.60 0.0018 0.00   0.26   4.0  4.0
3893.61 0.0018 0.00   0.29   4.0  4.0
3893.62 0.0018 0.00   0.34   4.0  4.0
3893.63 0.0020 0.00   0.35   4.0  4.0
3893.64 0.0020 0.00   0.46   4.1  4.1
3893.65 0.0021 0.00   0.48   4.1  4.1
3893.66 0.0022 0.00   0.41   4.0  4.0
3893.67 0.0020 0.00   0.34   3.9  3.9
3893.68 0.0020 0.00   0.30   3.9  3.9
3893.69 0.0018 0.00   0.20   3.8  3.8
3893.70 0.0015 0.00   0.19   3.7  3.7
3893.71 0.0013 0.00   0.21   3.7  3.7
3893.72 0.0012 0.00   0.22   3.6  3.6
3893.73 0.0010 0.00   0.23   3.6  3.6
3893.74 0.0010 0.00   0.24   3.5  3.5
3893.75 0.0009 0.00   0.24   3.5  3.5
3893.76 0.0009 0.00   0.24   3.5  3.5
3893.77 0.0009 0.00   0.26   3.5  3.5
3893.78 0.0009 0.00   0.24   3.4  3.4
3893.79 0.0008 0.00   0.22   3.4  3.4
3893.80 0.0009 0.00   0.19   3.3  3.3
3893.81 0.0009 0.00   0.17   3.3  3.3
3893.82 0.0009 0.00   0.16   3.2  3.2
3893.83 0.0009 0.00   0.15   3.3  3.3
3893.84 0.0009 0.00   0.18   3.2  3.2
3893.85 0.0009 0.00   0.19   3.2  3.2
3893.86 0.0009 0.00   0.20   3.2  3.2
3893.87 0.0009 0.00   0.21   3.3  3.3
3893.88 0.0009 0.00   0.22   3.3  3.3
3893.89 0.0008 0.00   0.21   3.2  3.2
3893.90 0.0007 0.01   0.21   3.1  3.1
3893.91 0.0007 0.01   0.20   3.1  3.0
3893.92 0.0007 0.01   0.19   3.2  3.1
3893.93 0.0007 0.00   0.19   3.1  3.1
3893.94 0.0007 0.01   0.17   3.1  3.0
3893.95 0.0007 0.01   0.14   3.0  3.0
3893.96 0.0006 0.04   0.13   3.0  2.8
3893.97 0.0005 0.05   0.15   3.0  2.7
3893.98 0.0006 0.05   0.17   3.1  2.9
3893.99 0.0006 0.04   0.17   3.2  2.9
3894.00 0.0006 0.05   0.18   3.2  2.9
3894.01 0.0006 0.04   0.18   3.2  2.9
3894.02 0.0006 0.01   0.19   3.2  3.1
3894.03 0.0007 0.00   0.18   3.2  3.2
3894.04 0.0007 0.02   0.17   3.3  3.2
3894.05 0.0006 0.06   0.15   3.3  3.0
3894.06 0.0006 0.04   0.16   3.3  3.1
3894.07 0.0006 0.03   0.18   3.3  3.1
3894.08 0.0006 0.02   0.19   3.2  3.2
3894.09 0.0007 0.01   0.18   3.3  3.2
3894.10 0.0007 0.01   0.18   3.3  3.3
3894.11 0.0007 0.01   0.18   3.3  3.3
3894.12 0.0007 0.00   0.20   3.3  3.3
3894.13 0.0007 0.00   0.22   3.4  3.4
3894.14 0.0007 0.00   0.22   3.4  3.4
3894.15 0.0006 0.00   0.22   3.3  3.3
3894.16 0.0007 0.00   0.21   3.4  3.4
3894.17 0.0006 0.00   0.22   3.4  3.4
3894.18 0.0006 0.00   0.23   3.4  3.4
3894.19 0.0006 0.00   0.24   3.4  3.4
3894.20 0.0006 0.00   0.25   3.4  3.4
3894.21 0.0006 0.00   0.25   3.4  3.4
3894.22 0.0006 0.00   0.24   3.4  3.4
3894.23 0.0006 0.00   0.23   3.4  3.4
3894.24 0.0006 0.00   0.24   3.4  3.4
3894.25 0.0006 0.00   0.24   3.4  3.4
3894.26 0.0006 0.00   0.21   3.3  3.3
3894.27 0.0007 0.00   0.23   3.5  3.5
3894.28 0.0007 0.00   0.21   3.5  3.5
3894.29 0.0007 0.00   0.20   3.5  3.5
3894.30 0.0007 0.00   0.19   3.4  3.4
3894.31 0.0007 0.00   0.21   3.3  3.3
3894.32 0.0007 0.00   0.21   3.4  3.4
3894.33 0.0007 0.00   0.21   3.3  3.3
3894.34 0.0006 0.00   0.20   3.1  3.1
3894.35 0.0006 0.00   0.18   3.0  3.0
3894.36 0.0006 0.00   0.17   2.9  2.9
3894.37 0.0006 0.00   0.15   2.9  2.9
3894.38 0.0006 0.00   0.14   2.9  2.9
3894.39 0.0006 0.00   0.13   2.9  2.9
3894.40 0.0006 0.00   0.14   2.8  2.8
3894.41 0.0006 0.00   0.13   2.8  2.8
3894.42 0.0007 0.00   0.11   2.8  2.8
3894.43 0.0007 0.00   0.10   2.8  2.8
3894.44 0.0007 0.00   0.08   2.7  2.7
3894.45 0.0007 0.00   0.08   2.7  2.7
3894.46 0.0007 0.00   0.06   2.7  2.7
3894.47 0.0007 0.00   0.06   2.7  2.7
3894.48 0.0007 0.02   0.04   2.7  2.5
3894.49 0.0007 0.04   0.01   2.7  2.4
3894.50 0.0007 0.04   0.01   2.7  2.4
3894.51 0.0007 0.02   0.02   2.6  2.5
3894.52 0.0008 0.00   0.02   2.7  2.7
3894.53 0.0008 0.00   0.03   2.7  2.7
3894.54 0.0008 0.00   0.03   2.7  2.7
3894.55 0.0008 0.01   0.02   2.8  2.7
3894.56 0.0008 0.01   0.04   2.7  2.6
3894.57 0.0007 0.00   0.05   2.7  2.6
3894.58 0.0007 0.01   0.05   2.6  2.5
3894.59 0.0007 0.01   0.04   2.5  2.4
3894.60 0.0007 0.00   0.05   2.5  2.5
3894.61 0.0007 0.00   0.05   2.5  2.5
3894.62 0.0007 0.02   0.04   2.6  2.5
3894.63 0.0006 0.03   0.04   2.6  2.4
3894.64 0.0007 0.02   0.05   2.7  2.5
3894.65 0.0007 0.01   0.05   2.8  2.7
3894.66 0.0007 0.00   0.06   2.7  2.7
3894.67 0.0007 0.00   0.06   2.8  2.8
3894.68 0.0008 0.00   0.07   2.9  2.9
3894.69 0.0007 0.00   0.09   2.9  2.9
3894.70 0.0007 0.00   0.09   2.9  2.9
3894.71 0.0007 0.00   0.09   2.9  2.9
3894.72 0.0007 0.00   0.09   2.9  2.9
3894.73 0.0007 0.00   0.10   2.9  2.9
3894.74 0.0007 0.00   0.11   2.9  2.9
3894.75 0.0006 0.00   0.12   2.8  2.8
3894.76 0.0007 0.00   0.11   2.8  2.8
3894.77 0.0007 0.00   0.11   2.8  2.8
3894.78 0.0006 0.00   0.11   2.8  2.8
3894.79 0.0006 0.00   0.10   2.7  2.7
3894.80 0.0006 0.00   0.11   2.6  2.6
3894.81 0.0006 0.00   0.12   2.6  2.6
3894.82 0.0005 0.00   0.12   2.5  2.5
3894.83 0.0006 0.00   0.11   2.6  2.6
3894.84 0.0005 0.02   0.11   2.5  2.4
3894.85 0.0005 0.02   0.12   2.6  2.4
3894.86 0.0004 0.02   0.13   2.6  2.4
3894.87 0.0004 0.02   0.13   2.5  2.3
3894.88 0.0004 0.02   0.13   2.5  2.3
3894.89 0.0004 0.03   0.12   2.4  2.3
3894.90 0.0004 0.04   0.11   2.5  2.2
3894.91 0.0004 0.04   0.12   2.5  2.2
3894.92 0.0004 0.03   0.13   2.5  2.3
3894.93 0.0004 0.03   0.12   2.5  2.3
3894.94 0.0004 0.03   0.11   2.4  2.2
3894.95 0.0004 0.02   0.12   2.3  2.1
3894.96 0.0004 0.01   0.11   2.3  2.2
3894.97 0.0004 0.02   0.12   2.1  2.0
3894.98 0.0004 0.03   0.12   2.0  1.8
3894.99 0.0004 0.04   0.11   2.1  1.8
3895.00 0.0004 0.04   0.11   2.1  1.8
3895.01 0.0004 0.04   0.11   2.0  1.8
3895.02 0.0004 0.04   0.10   2.0  1.8
3895.03 0.0004 0.04   0.10   2.0  1.7
3895.04 0.0005 0.04   0.11   1.9  1.6
3895.05 0.0005 0.04   0.10   1.9  1.7
3895.06 0.0005 0.04   0.10   2.0  1.7
3895.07 0.0005 0.03   0.10   2.0  1.8
3895.08 0.0006 0.03   0.10   1.9  1.7
3895.09 0.0006 0.04   0.11   1.9  1.7
3895.10 0.0006 0.04   0.11   1.9  1.7
3895.11 0.0006 0.04   0.12   1.9  1.7
3895.12 0.0006 0.03   0.12   1.9  1.7
3895.13 0.0006 0.03   0.13   1.8  1.6
3895.14 0.0007 0.03   0.13   1.8  1.6
3895.15 0.0007 0.03   0.13   1.7  1.6
3895.16 0.0007 0.03   0.12   1.6  1.5
3895.17 0.0007 0.03   0.11   1.6  1.4
3895.18 0.0008 0.02   0.10   1.5  1.3
3895.19 0.0008 0.02   0.10   1.3  1.2
3895.20 0.0008 0.02   0.11   1.3  1.3
3895.21 0.0008 0.02   0.12   1.3  1.2
3895.22 0.0008 0.02   0.12   1.1  1.0
3895.23 0.0009 0.03   0.11   1.1  0.9
3895.24 0.0009 0.04   0.11   2.3  2.1
3895.25 0.0009 0.04   0.11   3.0  2.7
3895.26 0.0009 0.04   0.12   3.9  3.7
3895.27 0.0010 0.05   0.11   3.9  3.7
3895.28 0.0010 0.05   0.11   4.5  4.2
3895.29 0.0011 0.04   0.11   4.9  4.7
3895.30 0.0011 0.04   0.12   5.1  4.8
3895.31 0.0015 0.05   0.15   6.2  5.9
3895.32 0.0016 0.05   0.16   6.9  6.6
3895.33 0.0019 0.05   0.18   7.6  7.3
3895.34 0.0023 0.07   0.25   9.4  9.0
3895.35 0.0028 0.10   0.30   11.2  10.7
3895.36 0.0035 0.16   0.38   12.9  12.1
3895.37 0.0037 0.22   0.45   13.9  12.8
3895.38 0.0041 0.24   0.52   15.2  13.9
3895.39 0.0043 0.22   0.57   15.3  14.2
3895.40 0.0048 0.24   0.62   16.9  15.6
3895.41 0.0057 0.23   0.74   18.5  17.3
3895.42 0.0056 0.24   0.72   17.9  16.6
3895.43 0.0057 0.28   0.68   18.3  16.9
3895.44 0.0059 0.26   0.68   18.6  17.3
3895.45 0.0063 0.25   0.70   19.4  18.1
3895.46 0.0067 0.25   0.72   19.9  18.6
3895.47 0.0067 0.25   0.70   19.9  18.5
3895.48 0.0070 0.29   0.73   21.0  19.4
3895.49 0.0073 0.30   0.77   21.3  19.7
3895.50 0.0074 0.31   0.80   21.5  19.8
3895.51 0.0080 0.34   0.88   23.2  21.5
3895.52 0.0082 0.34   0.93   23.1  21.3
3895.53 0.0082 0.33   0.95   23.0  21.3
3895.54 0.0082 0.29   0.96   22.9  21.4
3895.55 0.0077 0.27   0.90   21.4  20.0
3895.56 0.0072 0.24   0.84   20.7  19.5
3895.57 0.0072 0.26   0.84   21.1  19.8
3895.58 0.0075 0.32   0.87   21.9  20.3
3895.59 0.0075 0.38   0.88   21.7  19.7
3895.60 0.0074 0.41   0.88   21.8  19.7
3895.61 0.0074 0.40   0.88   21.6  19.5
3895.62 0.0074 0.34   0.94   21.2  19.5
3895.63 0.0072 0.32   0.99   20.8  19.2
3895.64 0.0070 0.33   0.99   20.5  18.8
3895.65 0.0067 0.30   0.98   19.7  18.2
3895.66 0.0061 0.26   0.91   18.2  16.9
3895.67 0.0056 0.22   0.83   17.1  16.0
3895.68 0.0053 0.14   0.75   16.3  15.7
3895.69 0.0052 0.06   0.69   15.6  15.3
3895.70 0.0048 0.05   0.59   14.0  13.8
3895.71 0.0043 0.03   0.54   12.8  12.6
3895.72 0.0037 0.03   0.47   11.7  11.5
3895.73 0.0034 0.04   0.44   11.6  11.4
3895.74 0.0037 0.03   0.49   12.5  12.4
3895.75 0.0037 0.00   0.53   12.0  12.0
3895.76 0.0038 0.00   0.58   12.5  12.5
3895.77 0.0038 0.00   0.64   12.8  12.8
3895.78 0.0040 0.00   0.68   13.3  13.3
3895.79 0.0039 0.00   0.73   12.7  12.7
3895.80 0.0034 0.00   0.69   11.7  11.7
3895.81 0.0034 0.00   0.70   11.8  11.8
3895.82 0.0030 0.00   0.62   10.6  10.6
3895.83 0.0025 0.00   0.49   9.3  9.3
3895.84 0.0021 0.00   0.39   8.1  8.1
3895.85 0.0021 0.00   0.37   7.9  7.9
3895.86 0.0021 0.00   0.37   8.4  8.4
3895.87 0.0022 0.00   0.35   8.1  8.1
3895.88 0.0022 0.00   0.33   8.3  8.3
3895.89 0.0023 0.00   0.33   8.5  8.5
3895.90 0.0023 0.00   0.35   8.5  8.5
3895.91 0.0022 0.00   0.33   8.1  8.1
3895.92 0.0021 0.00   0.34   8.1  8.1
3895.93 0.0021 0.00   0.32   7.9  7.9
3895.94 0.0020 0.00   0.31   7.7  7.7
3895.95 0.0018 0.00   0.28   7.1  7.1
3895.96 0.0018 0.00   0.27   7.2  7.2
3895.97 0.0017 0.00   0.25   6.7  6.7
3895.98 0.0017 0.00   0.26   6.7  6.7
3895.99 0.0017 0.00   0.26   6.8  6.8
3896.00 0.0015 0.00   0.23   6.2  6.2
3896.01 0.0012 0.00   0.19   5.3  5.3
3896.02 0.0012 0.00   0.20   5.3  5.3
3896.03 0.0014 0.00   0.24   6.1  6.1
3896.04 0.0013 0.00   0.22   5.5  5.5
3896.05 0.0011 0.00   0.17   4.6  4.6
3896.06 0.0011 0.00   0.16   4.5  4.5
3896.07 0.0009 0.00   0.13   3.7  3.7
3896.08 0.0009 0.01   0.13   2.8  2.8
3896.09 0.0009 0.02   0.12   1.5  1.3
3896.10 0.0009 0.03   0.12   1.3  1.1
3896.11 0.0008 0.02   0.11   1.0  0.9
3896.12 0.0009 0.04   0.10   1.6  1.4
3896.13 0.0009 0.04   0.10   1.7  1.5
3896.14 0.0009 0.05   0.09   1.4  1.1
3896.15 0.0009 0.04   0.11   2.3  2.0
3896.16 0.0009 0.05   0.12   3.2  3.0
3896.17 0.0010 0.04   0.12   3.3  3.0
3896.18 0.0010 0.04   0.13   2.9  2.6
3896.19 0.0010 0.03   0.15   3.2  3.0
3896.20 0.0010 0.01   0.16   1.6  1.6
3896.21 0.0010 0.03   0.15   1.3  1.1
3896.22 0.0010 0.03   0.15   1.0  0.8
3896.23 0.0010 0.03   0.15   1.1  1.0
3896.24 0.0010 0.02   0.14   1.1  0.9
3896.25 0.0010 0.03   0.13   1.1  0.9
3896.26 0.0011 0.03   0.14   1.1  1.0
3896.27 0.0011 0.03   0.14   1.0  0.9
3896.28 0.0011 0.04   0.13   1.1  0.9
3896.29 0.0011 0.05   0.13   1.1  0.9
3896.30 0.0011 0.05   0.14   1.1  0.8
3896.31 0.0011 0.05   0.13   1.1  0.8
3896.32 0.0011 0.05   0.13   1.1  0.8
3896.33 0.0012 0.04   0.12   1.1  0.9
3896.34 0.0012 0.04   0.12   1.1  1.0
3896.35 0.0012 0.04   0.12   1.1  0.9
3896.36 0.0012 0.02   0.13   1.2  1.1
3896.37 0.0013 0.02   0.13   1.2  1.1
3896.38 0.0013 0.02   0.13   1.1  1.0
3896.39 0.0013 0.00   0.13   1.0  1.0
3896.40 0.0013 0.00   0.13   1.5  1.5
3896.41 0.0012 0.00   0.13   1.7  1.7
3896.42 0.0013 0.00   0.14   1.0  1.0
3896.43 0.0013 0.00   0.14   1.5  1.5
3896.44 0.0012 0.00   0.14   1.0  1.0
3896.45 0.0012 0.00   0.14   1.0  1.0
3896.46 0.0012 0.00   0.15   1.2  1.2
3896.47 0.0011 0.00   0.14   1.2  1.2
3896.48 0.0011 0.00   0.13   1.1  1.1
3896.49 0.0011 0.00   0.13   1.3  1.3
3896.50 0.0011 0.00   0.13   2.3  2.3
3896.51 0.0011 0.01   0.14   2.7  2.7
3896.52 0.0011 0.00   0.14   3.5  3.5
3896.53 0.0011 0.00   0.14   3.0  3.0
3896.54 0.0011 0.00   0.13   3.1  3.1
3896.55 0.0011 0.00   0.13   2.9  2.9
3896.56 0.0011 0.00   0.13   2.6  2.6
3896.57 0.0011 0.00   0.14   2.9  2.9
3896.58 0.0011 0.00   0.15   4.3  4.3
3896.59 0.0011 0.00   0.16   4.9  4.9
3896.60 0.0012 0.00   0.18   5.4  5.4
3896.61 0.0013 0.00   0.19   5.5  5.5
3896.62 0.0012 0.00   0.19   5.4  5.4
3896.63 0.0013 0.00   0.21   5.8  5.8
3896.64 0.0013 0.00   0.22   5.8  5.8
3896.65 0.0014 0.00   0.22   6.1  6.1
3896.66 0.0013 0.00   0.20   5.6  5.6
3896.67 0.0013 0.00   0.21   5.8  5.8
3896.68 0.0016 0.01   0.24   6.8  6.8
3896.69 0.0019 0.01   0.28   7.8  7.7
3896.70 0.0019 0.01   0.28   7.5  7.5
3896.71 0.0018 0.02   0.28   7.5  7.4
3896.72 0.0018 0.02   0.27   7.7  7.5
3896.73 0.0018 0.00   0.25   7.2  7.2
3896.74 0.0018 0.00   0.25   7.1  7.1
3896.75 0.0015 0.00   0.20   6.2  6.2
3896.76 0.0013 0.01   0.16   5.4  5.3
3896.77 0.0013 0.01   0.16   5.5  5.4
3896.78 0.0012 0.00   0.16   5.0  5.0
3896.79 0.0012 0.00   0.18   5.4  5.4
3896.80 0.0013 0.00   0.19   5.5  5.5
3896.81 0.0012 0.00   0.18   5.2  5.2
3896.82 0.0012 0.01   0.15   4.5  4.5
3896.83 0.0012 0.02   0.14   4.8  4.8
3896.84 0.0012 0.03   0.15   5.0  4.8
3896.85 0.0012 0.03   0.15   4.8  4.7
3896.86 0.0012 0.03   0.14   5.3  5.1
3896.87 0.0016 0.02   0.18   6.9  6.8
3896.88 0.0018 0.04   0.19   7.4  7.3
3896.89 0.0017 0.04   0.17   6.9  6.6
3896.90 0.0014 0.04   0.15   6.2  5.9
3896.91 0.0016 0.04   0.17   6.9  6.7
3896.92 0.0018 0.05   0.18   7.4  7.1
3896.93 0.0019 0.05   0.17   7.5  7.2
3896.94 0.0020 0.05   0.19   8.0  7.7
3896.95 0.0021 0.04   0.20   8.0  7.8
3896.96 0.0023 0.03   0.24   8.8  8.6
3896.97 0.0023 0.08   0.23   9.2  8.8
3896.98 0.0021 0.09   0.20   8.4  7.9
3896.99 0.0021 0.09   0.20   8.4  7.9
3897.00 0.0020 0.06   0.18   7.9  7.5
3897.01 0.0020 0.07   0.16   7.9  7.5
3897.02 0.0020 0.06   0.17   7.8  7.5
3897.03 0.0022 0.08   0.21   9.0  8.6
3897.04 0.0029 0.11   0.26   11.2  10.6
3897.05 0.0034 0.12   0.33   12.6  11.9
3897.06 0.0036 0.12   0.37   13.3  12.6
3897.07 0.0041 0.09   0.35   13.5  12.9
3897.08 0.0042 0.07   0.34   13.6  13.2
3897.09 0.0043 0.06   0.35   13.7  13.3
3897.10 0.0042 0.04   0.35   13.0  12.8
3897.11 0.0040 0.03   0.36   12.8  12.6
3897.12 0.0043 0.05   0.42   14.1  13.8
3897.13 0.0045 0.05   0.46   14.5  14.3
3897.14 0.0044 0.03   0.49   14.1  13.9
3897.15 0.0047 0.01   0.52   14.8  14.7
3897.16 0.0048 0.05   0.52   15.4  15.1
3897.17 0.0049 0.05   0.55   15.6  15.3
3897.18 0.0049 0.13   0.54   15.8  15.1
3897.19 0.0048 0.13   0.51   15.6  14.8
3897.20 0.0049 0.16   0.51   16.3  15.4
3897.21 0.0053 0.20   0.52   17.1  15.9
3897.22 0.0053 0.21   0.52   17.2  16.0
3897.23 0.0057 0.17   0.57   17.8  16.8
3897.24 0.0059 0.15   0.59   18.1  17.3
3897.25 0.0064 0.14   0.64   18.8  18.0
3897.26 0.0065 0.14   0.68   18.8  18.1
3897.27 0.0065 0.13   0.71   19.0  18.3
3897.28 0.0066 0.09   0.73   19.0  18.5
3897.29 0.0070 0.08   0.75   19.6  19.1
3897.30 0.0069 0.10   0.76   19.6  19.0
3897.31 0.0071 0.11   0.81   20.1  19.5
3897.32 0.0069 0.18   0.80   19.7  18.7
3897.33 0.0070 0.20   0.82   20.6  19.6
3897.34 0.0071 0.22   0.80   20.8  19.6
3897.35 0.0074 0.27   0.76   21.2  19.8
3897.36 0.0069 0.26   0.67   19.2  17.8
3897.37 0.0069 0.25   0.67   19.9  18.6
3897.38 0.0070 0.27   0.67   20.3  18.8
3897.39 0.0072 0.29   0.73   20.9  19.4
3897.40 0.0072 0.31   0.76   20.9  19.3
3897.41 0.0071 0.34   0.75   21.2  19.4
3897.42 0.0071 0.40   0.75   21.7  19.7
3897.43 0.0076 0.44   0.77   22.1  19.9
3897.44 0.0076 0.43   0.73   21.8  19.6
3897.45 0.0075 0.44   0.71   21.8  19.5
3897.46 0.0074 0.47   0.67   22.0  19.7
3897.47 0.0074 0.51   0.67   22.0  19.4
3897.48 0.0075 0.49   0.70   22.0  19.5
3897.49 0.0075 0.46   0.69   21.4  19.1
3897.50 0.0074 0.40   0.73   21.4  19.4
3897.51 0.0077 0.41   0.81   22.2  20.1
3897.52 0.0078 0.38   0.87   22.2  20.2
3897.53 0.0081 0.35   0.93   22.6  20.8
3897.54 0.0081 0.35   0.93   22.3  20.5
3897.55 0.0081 0.38   0.90   22.3  20.3
3897.56 0.0080 0.40   0.86   22.4  20.3
3897.57 0.0080 0.43   0.79   22.4  20.0
3897.58 0.0082 0.46   0.78   23.0  20.6
3897.59 0.0084 0.47   0.78   23.3  20.8
3897.60 0.0087 0.45   0.81   23.1  20.6
3897.61 0.0086 0.41   0.87   23.1  20.9
3897.62 0.0090 0.38   0.99   24.0  22.0
3897.63 0.0090 0.38   0.98   23.7  21.7
3897.64 0.0090 0.32   0.97   23.8  22.1
3897.65 0.0090 0.28   0.99   23.2  21.7
3897.66 0.0089 0.26   0.99   22.9  21.5
3897.67 0.0085 0.19   1.00   21.9  20.9
3897.68 0.0084 0.11   1.04   22.1  21.5
3897.69 0.0085 0.07   1.08   21.9  21.5
3897.70 0.0082 0.06   1.05   21.0  20.7
3897.71 0.0078 0.06   0.99   20.6  20.3
3897.72 0.0078 0.06   1.02   20.7  20.4
3897.73 0.0081 0.03   1.08   21.4  21.2
3897.74 0.0083 0.01   1.12   21.0  21.0
3897.75 0.0085 0.00   1.12   21.7  21.7
3897.76 0.0084 0.01   1.12   21.4  21.4
3897.77 0.0084 0.01   1.13   21.5  21.5
3897.78 0.0085 0.01   1.18   21.6  21.5
3897.79 0.0080 0.00   1.12   20.8  20.8
3897.80 0.0078 0.01   1.07   20.8  20.8
3897.81 0.0079 0.01   1.03   20.8  20.7
3897.82 0.0077 0.02   0.95   20.4  20.2
3897.83 0.0073 0.03   0.86   18.9  18.8
3897.84 0.0068 0.04   0.78   18.1  17.9
3897.85 0.0065 0.02   0.72   17.7  17.6
3897.86 0.0066 0.00   0.80   18.5  18.4
3897.87 0.0067 0.00   0.86   18.4  18.4
3897.88 0.0067 0.00   0.88   18.4  18.4
3897.89 0.0069 0.00   0.98   18.6  18.6
3897.90 0.0068 0.00   1.03   18.6  18.6
3897.91 0.0070 0.00   1.05   19.0  19.0
3897.92 0.0064 0.03   0.98   17.6  17.5
3897.93 0.0066 0.03   0.99   18.3  18.1
3897.94 0.0068 0.06   0.92   18.1  17.7
3897.95 0.0065 0.08   0.85   17.3  16.8
3897.96 0.0060 0.09   0.78   16.5  16.0
3897.97 0.0056 0.10   0.72   15.8  15.1
3897.98 0.0053 0.11   0.70   15.4  14.7
3897.99 0.0051 0.12   0.64   15.0  14.3
3898.00 0.0052 0.15   0.62   15.1  14.2
3898.01 0.0048 0.16   0.57   14.4  13.5
3898.02 0.0047 0.18   0.54   14.4  13.3
3898.03 0.0047 0.18   0.54   14.6  13.5
3898.04 0.0039 0.19   0.40   12.5  11.4
3898.05 0.0038 0.18   0.37   12.6  11.5
3898.06 0.0037 0.16   0.37   12.4  11.5
3898.07 0.0039 0.14   0.44   13.3  12.5
3898.08 0.0043 0.16   0.50   14.1  13.1
3898.09 0.0044 0.14   0.52   13.9  13.0
3898.10 0.0045 0.12   0.53   13.9  13.2
3898.11 0.0044 0.12   0.54   13.8  13.0
3898.12 0.0042 0.11   0.55   13.5  12.8
3898.13 0.0042 0.11   0.56   13.5  12.8
3898.14 0.0042 0.08   0.61   13.6  13.1
3898.15 0.0049 0.06   0.68   15.2  14.8
3898.16 0.0051 0.06   0.70   15.3  14.9
3898.17 0.0047 0.08   0.66   14.0  13.5
3898.18 0.0039 0.12   0.54   12.8  12.0
3898.19 0.0035 0.11   0.50   12.3  11.6
3898.20 0.0034 0.09   0.50   12.1  11.6
3898.21 0.0036 0.08   0.52   12.8  12.3
3898.22 0.0038 0.06   0.54   13.2  12.8
3898.23 0.0040 0.06   0.55   13.6  13.3
3898.24 0.0044 0.03   0.65   14.5  14.4
3898.25 0.0048 0.01   0.74   15.6  15.5
3898.26 0.0053 0.00   0.80   16.4  16.4
3898.27 0.0055 0.01   0.81   16.8  16.8
3898.28 0.0056 0.01   0.82   16.7  16.7
3898.29 0.0058 0.01   0.84   17.1  17.0
3898.30 0.0058 0.02   0.87   17.3  17.2
3898.31 0.0060 0.03   0.90   17.6  17.4
3898.32 0.0060 0.02   0.96   17.8  17.7
3898.33 0.0061 0.00   0.97   17.9  17.9
3898.34 0.0061 0.00   0.97   17.9  17.9
3898.35 0.0064 0.00   1.00   18.4  18.4
3898.36 0.0070 0.00   1.08   19.5  19.5
3898.37 0.0072 0.00   1.14   19.7  19.7
3898.38 0.0075 0.00   1.15   19.5  19.5
3898.39 0.0073 0.00   1.13   19.5  19.5
3898.40 0.0069 0.00   1.03   18.6  18.6
3898.41 0.0070 0.00   1.03   19.1  19.1
3898.42 0.0070 0.02   1.01   18.9  18.8
3898.43 0.0078 0.04   1.13   20.9  20.7
3898.44 0.0083 0.08   1.15   21.0  20.6
3898.45 0.0080 0.11   1.11   20.3  19.6
3898.46 0.0077 0.14   1.07   20.2  19.5
3898.47 0.0084 0.17   1.14   22.4  21.4
3898.48 0.0087 0.17   1.14   22.3  21.3
3898.49 0.0097 0.14   1.23   23.9  23.1
3898.50 0.0102 0.13   1.26   23.4  22.7
3898.51 0.0100 0.09   1.19   22.7  22.2
3898.52 0.0099 0.08   1.17   22.5  22.0
3898.53 0.0093 0.10   1.03   21.5  20.9
3898.54 0.0085 0.16   0.92   20.9  20.0
3898.55 0.0083 0.20   0.88   21.0  19.8
3898.56 0.0082 0.22   0.90   21.1  19.9
3898.57 0.0082 0.20   0.92   20.8  19.6
3898.58 0.0080 0.21   0.93   21.0  19.8
3898.59 0.0079 0.23   0.96   21.3  19.9
3898.60 0.0080 0.23   0.97   21.4  20.0
3898.61 0.0078 0.23   0.94   20.9  19.5
3898.62 0.0078 0.23   0.92   20.9  19.5
3898.63 0.0076 0.25   0.88   20.9  19.4
3898.64 0.0076 0.32   0.88   21.7  19.8
3898.65 0.0077 0.31   0.94   21.2  19.4
3898.66 0.0076 0.28   0.96   20.9  19.2
3898.67 0.0071 0.27   0.96   20.2  18.6
3898.68 0.0069 0.24   0.96   19.9  18.6
3898.69 0.0070 0.22   1.00   20.1  18.8
3898.70 0.0067 0.19   0.94   18.9  17.8
3898.71 0.0062 0.20   0.87   18.4  17.2
3898.72 0.0057 0.20   0.82   17.4  16.2
3898.73 0.0056 0.20   0.79   17.5  16.3
3898.74 0.0058 0.18   0.79   17.7  16.7
3898.75 0.0056 0.12   0.80   16.9  16.2
3898.76 0.0055 0.08   0.76   16.4  16.0
3898.77 0.0053 0.07   0.72   15.9  15.5
3898.78 0.0050 0.08   0.71   15.3  14.9
3898.79 0.0042 0.07   0.62   13.6  13.2
3898.80 0.0042 0.08   0.62   13.8  13.4
3898.81 0.0042 0.09   0.67   14.3  13.8
3898.82 0.0044 0.11   0.68   14.7  14.1
3898.83 0.0045 0.09   0.68   14.4  13.8
3898.84 0.0045 0.08   0.68   14.5  14.0
3898.85 0.0050 0.08   0.74   15.9  15.5
3898.86 0.0052 0.02   0.79   15.5  15.4
3898.87 0.0049 0.01   0.73   14.3  14.3
3898.88 0.0045 0.02   0.62   13.6  13.5
3898.89 0.0044 0.02   0.62   13.6  13.5
3898.90 0.0046 0.00   0.66   13.8  13.8
3898.91 0.0044 0.00   0.61   13.1  13.1
3898.92 0.0047 0.00   0.65   14.1  14.1
3898.93 0.0045 0.00   0.59   13.4  13.4
3898.94 0.0043 0.00   0.57   12.7  12.7
3898.95 0.0038 0.00   0.52   12.1  12.1
3898.96 0.0037 0.00   0.50   11.5  11.5
3898.97 0.0031 0.00   0.39   10.1  10.1
3898.98 0.0031 0.00   0.38   10.4  10.4
3898.99 0.0035 0.00   0.38   11.3  11.3
3899.00 0.0031 0.02   0.29   10.1  10.0
3899.01 0.0031 0.02   0.28   10.2  10.1
3899.02 0.0034 0.01   0.34   11.1  11.1
3899.03 0.0034 0.00   0.32   10.5  10.5
3899.04 0.0032 0.02   0.31   10.4  10.3
3899.05 0.0031 0.03   0.29   10.1  10.0
3899.06 0.0027 0.05   0.24   9.1  8.8
3899.07 0.0024 0.04   0.22   8.3  8.0
3899.08 0.0025 0.03   0.25   8.9  8.7
3899.09 0.0022 0.00   0.21   7.4  7.4
3899.10 0.0019 0.00   0.17   6.9  6.9
3899.11 0.0018 0.00   0.17   6.4  6.4
3899.12 0.0015 0.00   0.13   5.3  5.3
3899.13 0.0013 0.00   0.11   4.8  4.8
3899.14 0.0011 0.00   0.09   3.5  3.5
3899.15 0.0010 0.00   0.10   3.1  3.1
3899.16 0.0010 0.00   0.10   2.2  2.2
3899.17 0.0009 0.00   0.10   1.0  1.0
3899.18 0.0009 0.00   0.10   1.1  1.1
3899.19 0.0009 0.00   0.10   1.2  1.2
3899.20 0.0009 0.00   0.10   1.3  1.3
3899.21 0.0009 0.00   0.09   1.4  1.4
3899.22 0.0009 0.00   0.09   1.5  1.5
3899.23 0.0009 0.00   0.08   1.6  1.6
3899.24 0.0008 0.00   0.08   1.6  1.5
3899.25 0.0008 0.00   0.10   1.5  1.5
3899.26 0.0008 0.00   0.10   1.6  1.6
3899.27 0.0008 0.00   0.09   1.7  1.7
3899.28 0.0008 0.00   0.08   1.7  1.7
3899.29 0.0007 0.00   0.07   1.8  1.8
3899.30 0.0007 0.00   0.07   2.0  2.0
3899.31 0.0007 0.01   0.08   2.0  1.9
3899.32 0.0007 0.01   0.07   2.0  2.0
3899.33 0.0006 0.01   0.07   2.1  2.1
3899.34 0.0007 0.01   0.07   2.1  2.1
3899.35 0.0006 0.01   0.09   2.1  2.1
3899.36 0.0006 0.01   0.08   2.2  2.2
3899.37 0.0006 0.00   0.08   2.3  2.3
3899.38 0.0006 0.00   0.08   2.4  2.4
3899.39 0.0006 0.01   0.07   2.5  2.4
3899.40 0.0006 0.01   0.06   2.5  2.5
3899.41 0.0006 0.03   0.06   2.6  2.4
3899.42 0.0006 0.03   0.05   2.6  2.4
3899.43 0.0006 0.03   0.06   2.7  2.5
